#{"t_start": 1522144908.327525, "env_id": "MyFrozenLake-v0"}
r,l,t
0.0,11,0.006056
0.0,25,0.006811
0.0,14,0.007243
0.0,12,0.007633
0.0,15,0.008092
0.0,7,0.008338
0.0,14,0.008769
0.0,100,0.011322
0.0,5,0.011536
0.0,17,0.012038
0.0,13,0.012437
0.0,13,0.012846
0.0,14,0.013273
0.0,22,0.013912
0.0,50,0.015223
0.0,16,0.015712
0.0,100,0.018287
0.0,8,0.018586
0.0,33,0.019508
0.0,11,0.01986
0.0,16,0.020337
0.0,55,0.021788
1.0,9,0.022094
1.0,55,0.023548
0.0,53,0.024939
0.0,36,0.025906
0.0,35,0.026861
0.0,13,0.027252
0.0,26,0.027979
1.0,42,0.029114
0.0,16,0.029599
0.0,23,0.030242
0.0,100,0.032855
0.0,22,0.03351
0.0,20,0.034093
0.0,39,0.035146
0.0,79,0.037202
0.0,9,0.03752
0.0,54,0.038933
0.0,7,0.039181
0.0,100,0.041732
0.0,64,0.043387
1.0,79,0.04542
1.0,49,0.046706
1.0,28,0.047507
0.0,70,0.049325
0.0,8,0.049614
0.0,19,0.050159
0.0,18,0.050686
1.0,18,0.051205
0.0,88,0.053475
0.0,75,0.055414
0.0,57,0.056924
0.0,10,0.05725
1.0,21,0.057858
0.0,10,0.058185
0.0,16,0.058669
1.0,17,0.059174
1.0,83,0.061301
1.0,25,0.062013
0.0,82,0.064176
1.0,13,0.064591
0.0,68,0.066358
0.0,66,0.068102
0.0,6,0.068325
0.0,10,0.068667
0.0,81,0.070759
1.0,20,0.071334
1.0,34,0.072267
0.0,24,0.072946
0.0,19,0.073504
1.0,30,0.074333
1.0,12,0.074725
0.0,88,0.077038
1.0,26,0.077768
1.0,30,0.078579
1.0,14,0.079006
0.0,54,0.080432
0.0,35,0.081377
0.0,37,0.082382
0.0,20,0.082966
1.0,41,0.084068
0.0,98,0.086574
1.0,72,0.088456
0.0,9,0.088772
0.0,8,0.089041
0.0,9,0.089345
0.0,26,0.090076
1.0,11,0.090419
1.0,15,0.090864
1.0,6,0.091093
0.0,23,0.091748
1.0,35,0.092696
1.0,13,0.093085
0.0,15,0.09354
1.0,36,0.094513
0.0,91,0.096888
0.0,21,0.097478
1.0,15,0.097936
1.0,14,0.098355
1.0,14,0.098785
0.0,100,0.101375
1.0,16,0.101877
1.0,34,0.102811
0.0,15,0.103266
1.0,18,0.103814
1.0,16,0.104294
0.0,14,0.104731
0.0,20,0.105318
0.0,24,0.106032
1.0,99,0.108721
0.0,34,0.109657
1.0,23,0.110285
1.0,94,0.112685
1.0,27,0.113434
1.0,29,0.11425
1.0,14,0.114694
1.0,51,0.116033
1.0,96,0.118494
0.0,22,0.119112
0.0,48,0.120379
0.0,77,0.12241
1.0,82,0.124577
1.0,19,0.125141
0.0,5,0.125339
1.0,45,0.126535
1.0,36,0.12749
0.0,99,0.130047
1.0,16,0.130528
1.0,23,0.13117
1.0,53,0.132571
1.0,22,0.133183
1.0,14,0.133615
1.0,17,0.134119
1.0,73,0.135994
0.0,8,0.136263
1.0,37,0.137254
1.0,37,0.138259
0.0,20,0.138844
1.0,27,0.139601
1.0,37,0.140601
1.0,51,0.141938
0.0,24,0.142628
1.0,18,0.143155
0.0,10,0.14349
0.0,26,0.144274
0.0,15,0.144788
0.0,43,0.145936
0.0,8,0.146217
0.0,20,0.146816
0.0,100,0.149417
0.0,100,0.152019
0.0,10,0.15234
0.0,81,0.154443
0.0,100,0.157003
0.0,23,0.157658
0.0,69,0.15943
1.0,63,0.161081
1.0,38,0.162106
0.0,18,0.162644
0.0,16,0.163116
1.0,18,0.163657
0.0,79,0.165686
1.0,69,0.16751
0.0,25,0.168225
0.0,10,0.168562
0.0,33,0.169462
0.0,93,0.17187
1.0,19,0.172413
1.0,11,0.17278
1.0,15,0.173235
1.0,42,0.174341
1.0,55,0.175781
0.0,19,0.176322
1.0,22,0.17697
1.0,36,0.177927
0.0,40,0.17901
0.0,13,0.179401
1.0,24,0.180085
0.0,100,0.182655
0.0,79,0.184724
1.0,13,0.185112
1.0,22,0.185735
1.0,44,0.186894
1.0,62,0.188502
0.0,66,0.190201
0.0,24,0.190892
0.0,25,0.191606
1.0,11,0.191959
0.0,5,0.192152
1.0,49,0.19346
0.0,6,0.193687
0.0,60,0.195246
1.0,51,0.196608
0.0,60,0.198165
0.0,53,0.199563
0.0,64,0.201239
0.0,67,0.203007
0.0,23,0.203668
1.0,25,0.204362
0.0,26,0.205124
0.0,12,0.205517
0.0,12,0.205916
0.0,72,0.207792
0.0,54,0.20936
1.0,11,0.209732
0.0,12,0.210109
1.0,47,0.211363
1.0,26,0.21209
0.0,4,0.212266
1.0,38,0.213293
1.0,53,0.214674
1.0,35,0.215628
1.0,92,0.218
0.0,87,0.22025
0.0,94,0.222698
1.0,58,0.224231
0.0,12,0.224616
1.0,13,0.225009
1.0,50,0.22633
1.0,42,0.227467
0.0,54,0.228894
0.0,9,0.229195
0.0,22,0.22982
1.0,32,0.230709
0.0,23,0.231356
1.0,18,0.231886
1.0,31,0.232746
0.0,5,0.232947
1.0,20,0.233541
1.0,69,0.235338
0.0,8,0.235629
0.0,49,0.236945
0.0,52,0.238341
1.0,17,0.238845
1.0,54,0.240266
1.0,21,0.24088
1.0,24,0.241559
0.0,6,0.241782
1.0,62,0.2434
1.0,40,0.244506
0.0,61,0.246123
1.0,17,0.246636
0.0,6,0.246863
0.0,26,0.247601
0.0,100,0.250161
0.0,10,0.250497
0.0,12,0.250863
0.0,17,0.251356
0.0,71,0.253222
0.0,100,0.255808
1.0,65,0.257531
0.0,41,0.258642
1.0,15,0.259093
1.0,11,0.259444
1.0,16,0.259935
1.0,28,0.260714
1.0,15,0.261163
1.0,19,0.261723
1.0,19,0.262267
1.0,16,0.262744
1.0,19,0.263286
1.0,18,0.263822
1.0,19,0.264374
1.0,28,0.265141
1.0,21,0.265738
1.0,20,0.266309
1.0,15,0.26676
1.0,69,0.268575
1.0,44,0.269754
0.0,6,0.269983
1.0,24,0.270669
1.0,68,0.27244
1.0,23,0.273088
1.0,37,0.274104
0.0,6,0.27433
0.0,100,0.276885
0.0,28,0.27767
0.0,29,0.278469
1.0,15,0.27893
1.0,26,0.279649
0.0,12,0.28003
1.0,10,0.280348
1.0,59,0.281896
0.0,10,0.282221
0.0,24,0.282906
1.0,12,0.283285
0.0,10,0.283619
0.0,33,0.284512
1.0,89,0.286796
1.0,10,0.287128
0.0,12,0.28751
0.0,15,0.287965
1.0,13,0.288364
0.0,13,0.288778
0.0,7,0.289025
1.0,16,0.289493
0.0,29,0.29029
0.0,5,0.2905
0.0,32,0.291374
1.0,18,0.291905
0.0,44,0.293091
0.0,6,0.293314
0.0,17,0.293827
1.0,36,0.294808
1.0,29,0.295624
1.0,22,0.296241
0.0,26,0.296975
1.0,16,0.297443
0.0,23,0.29809
1.0,24,0.298792
0.0,11,0.299144
1.0,46,0.300357
0.0,46,0.30162
0.0,10,0.301955
1.0,14,0.302375
1.0,40,0.303456
0.0,73,0.305381
1.0,81,0.307471
1.0,34,0.3084
1.0,38,0.309539
0.0,100,0.312122
0.0,15,0.312587
0.0,35,0.313543
1.0,10,0.313874
0.0,16,0.314333
0.0,28,0.315118
0.0,34,0.316053
0.0,47,0.31733
1.0,56,0.318803
0.0,67,0.320554
0.0,67,0.32231
0.0,21,0.322937
1.0,81,0.32502
0.0,32,0.325913
0.0,57,0.327406
0.0,16,0.327888
1.0,7,0.32813
0.0,5,0.328331
0.0,19,0.328894
1.0,20,0.329452
1.0,6,0.329675
0.0,7,0.329926
1.0,59,0.331468
1.0,38,0.332491
1.0,26,0.333211
1.0,33,0.334121
1.0,10,0.33445
0.0,41,0.335577
1.0,13,0.335972
1.0,94,0.338409
0.0,59,0.339966
0.0,4,0.340146
1.0,51,0.341496
0.0,30,0.342309
0.0,10,0.342651
1.0,40,0.343756
0.0,4,0.343933
0.0,36,0.344896
1.0,50,0.346206
0.0,9,0.346518
1.0,20,0.347091
1.0,16,0.347572
0.0,30,0.348387
0.0,100,0.350989
0.0,59,0.35255
0.0,37,0.353561
0.0,82,0.355693
1.0,27,0.356443
1.0,29,0.357246
1.0,53,0.358618
0.0,7,0.358875
1.0,11,0.359227
0.0,10,0.359555
0.0,5,0.35975
0.0,9,0.360052
0.0,9,0.360346
1.0,15,0.360795
1.0,22,0.36143
0.0,12,0.361809
0.0,59,0.363372
1.0,29,0.364189
1.0,60,0.36576
1.0,30,0.366575
1.0,52,0.367912
1.0,42,0.369028
0.0,14,0.36946
1.0,45,0.370682
0.0,11,0.371035
1.0,86,0.373281
0.0,17,0.373787
1.0,41,0.374906
0.0,20,0.375479
1.0,17,0.375985
1.0,27,0.376741
0.0,100,0.379306
0.0,100,0.381914
0.0,24,0.382605
1.0,61,0.38419
1.0,23,0.384838
0.0,100,0.387414
1.0,25,0.388124
0.0,7,0.388378
0.0,40,0.389448
1.0,6,0.389678
0.0,10,0.390001
1.0,15,0.390466
0.0,57,0.391964
0.0,59,0.393523
0.0,8,0.393794
1.0,32,0.394666
1.0,35,0.395612
1.0,29,0.396413
0.0,48,0.397687
0.0,8,0.39797
1.0,59,0.399513
0.0,4,0.39969
1.0,40,0.400785
1.0,47,0.402043
0.0,11,0.402399
0.0,77,0.404417
0.0,76,0.406457
1.0,17,0.406965
1.0,7,0.407214
0.0,14,0.407649
1.0,8,0.407925
0.0,11,0.408269
0.0,35,0.409218
1.0,69,0.411116
0.0,91,0.41345
1.0,60,0.415045
1.0,67,0.416796
1.0,26,0.417524
1.0,29,0.418317
1.0,51,0.419682
0.0,100,0.42222
0.0,28,0.423021
1.0,17,0.423529
0.0,7,0.423786
1.0,12,0.424163
0.0,34,0.425095
0.0,20,0.42568
1.0,41,0.426768
0.0,24,0.427423
0.0,24,0.428116
0.0,44,0.429284
1.0,19,0.429851
1.0,23,0.43052
1.0,16,0.430994
0.0,82,0.433125
0.0,100,0.435723
0.0,22,0.436357
0.0,31,0.437208
1.0,32,0.438085
1.0,18,0.438631
0.0,28,0.439407
1.0,60,0.441001
1.0,12,0.441366
1.0,16,0.441844
1.0,34,0.442762
1.0,10,0.443078
1.0,16,0.443551
1.0,14,0.443977
0.0,10,0.444306
1.0,35,0.445269
0.0,41,0.446366
1.0,19,0.446925
1.0,22,0.447558
0.0,29,0.448349
0.0,42,0.449466
0.0,32,0.450356
1.0,11,0.450708
1.0,14,0.451129
1.0,35,0.45208
1.0,85,0.454304
1.0,16,0.45478
0.0,91,0.457143
0.0,47,0.458405
1.0,74,0.460323
0.0,39,0.461379
1.0,16,0.461864
1.0,69,0.463668
0.0,51,0.465021
0.0,49,0.46634
0.0,11,0.466714
1.0,45,0.467909
1.0,44,0.46909
0.0,22,0.469724
1.0,36,0.470717
0.0,60,0.472339
0.0,6,0.472575
0.0,65,0.474284
0.0,100,0.476899
0.0,11,0.477255
0.0,47,0.478528
1.0,43,0.479693
1.0,39,0.480751
0.0,81,0.482855
1.0,9,0.483154
1.0,14,0.483594
0.0,14,0.484024
1.0,13,0.484413
1.0,25,0.48512
1.0,69,0.486932
1.0,20,0.487523
1.0,17,0.488016
0.0,59,0.489572
0.0,98,0.492127
0.0,21,0.492736
0.0,100,0.495308
0.0,100,0.497897
1.0,29,0.498707
1.0,27,0.499452
1.0,32,0.500338
1.0,44,0.501521
0.0,19,0.502071
0.0,6,0.502291
0.0,22,0.502939
0.0,33,0.50385
1.0,18,0.504369
0.0,43,0.505587
1.0,15,0.50603
1.0,21,0.506634
1.0,16,0.507107
0.0,75,0.509055
0.0,10,0.509385
0.0,9,0.509787
0.0,100,0.512421
0.0,88,0.514748
0.0,10,0.515077
1.0,11,0.515429
0.0,23,0.516096
0.0,74,0.518043
0.0,17,0.518556
0.0,7,0.518814
0.0,83,0.520977
1.0,59,0.522522
1.0,26,0.523249
0.0,53,0.524675
0.0,54,0.526129
0.0,6,0.52635
0.0,15,0.526808
0.0,14,0.527238
1.0,15,0.52769
1.0,48,0.528983
0.0,50,0.530329
1.0,96,0.532855
0.0,64,0.534505
0.0,21,0.535107
0.0,76,0.537072
1.0,45,0.538273
1.0,13,0.538687
0.0,100,0.54125
1.0,25,0.541962
0.0,6,0.542184
1.0,20,0.542771
1.0,21,0.543371
1.0,44,0.544558
0.0,21,0.54515
0.0,44,0.546332
1.0,24,0.547013
0.0,21,0.547618
0.0,28,0.548376
1.0,19,0.548929
1.0,21,0.549534
1.0,51,0.550889
1.0,12,0.551252
1.0,68,0.55301
0.0,46,0.55421
1.0,27,0.554957
1.0,10,0.555274
1.0,20,0.555847
1.0,24,0.556523
0.0,18,0.55706
0.0,10,0.557388
0.0,21,0.557997
0.0,43,0.559152
0.0,19,0.559717
1.0,25,0.560413
0.0,100,0.562969
0.0,11,0.563327
0.0,20,0.563911
1.0,60,0.565468
1.0,8,0.565755
1.0,20,0.566317
0.0,100,0.568874
0.0,33,0.569785
0.0,3,0.569937
0.0,21,0.570542
1.0,51,0.571894
0.0,25,0.572608
1.0,25,0.573309
0.0,6,0.573543
0.0,67,0.575281
1.0,17,0.575788
0.0,48,0.577084
0.0,42,0.578209
0.0,33,0.579129
0.0,72,0.581015
0.0,4,0.581203
0.0,100,0.583861
1.0,18,0.584384
1.0,13,0.584789
1.0,46,0.58602
1.0,17,0.586542
1.0,22,0.587171
0.0,29,0.587979
1.0,19,0.588544
0.0,9,0.588844
0.0,19,0.5894
1.0,85,0.591625
1.0,21,0.592232
1.0,25,0.592938
1.0,32,0.593831
0.0,42,0.594946
0.0,27,0.595712
1.0,37,0.596732
1.0,10,0.597051
1.0,86,0.599288
1.0,19,0.599854
1.0,41,0.60096
0.0,21,0.601568
0.0,96,0.60422
0.0,55,0.605715
0.0,8,0.605992
1.0,53,0.607384
0.0,24,0.608079
0.0,78,0.610096
0.0,100,0.612813
1.0,25,0.613525
0.0,5,0.613723
0.0,52,0.615098
0.0,100,0.617675
1.0,8,0.617958
1.0,90,0.620276
1.0,17,0.620794
1.0,15,0.621252
1.0,31,0.62212
0.0,47,0.623361
1.0,28,0.624125
0.0,24,0.624804
1.0,27,0.625544
0.0,55,0.626986
0.0,25,0.627714
1.0,12,0.62809
0.0,17,0.628589
0.0,16,0.629066
0.0,5,0.629258
0.0,7,0.629525
1.0,29,0.630323
0.0,12,0.630711
0.0,10,0.631042
0.0,100,0.633621
0.0,17,0.634108
1.0,46,0.635322
0.0,19,0.635904
0.0,17,0.6364
1.0,9,0.636711
0.0,100,0.639305
0.0,43,0.64045
0.0,58,0.641969
1.0,9,0.642273
0.0,12,0.642658
1.0,61,0.644236
1.0,63,0.645902
1.0,11,0.64624
1.0,25,0.646937
0.0,10,0.647257
1.0,48,0.648519
0.0,4,0.648689
0.0,14,0.649116
0.0,8,0.64939
0.0,60,0.650949
1.0,20,0.651544
1.0,71,0.653399
0.0,23,0.65405
0.0,10,0.654373
0.0,12,0.654783
0.0,20,0.655356
0.0,14,0.655788
0.0,87,0.657996
1.0,60,0.659581
0.0,14,0.660012
1.0,41,0.661129
0.0,100,0.663716
1.0,71,0.665562
0.0,5,0.665762
0.0,88,0.668045
1.0,15,0.668497
0.0,61,0.67008
1.0,18,0.670612
0.0,10,0.670937
1.0,31,0.671774
0.0,21,0.672361
0.0,17,0.672873
0.0,8,0.673141
0.0,25,0.673856
1.0,18,0.67437
0.0,10,0.674711
0.0,7,0.674963
0.0,13,0.675363
0.0,26,0.676075
1.0,44,0.677237
1.0,76,0.679169
1.0,16,0.679652
1.0,6,0.679877
1.0,41,0.68097
1.0,14,0.681389
1.0,8,0.681671
1.0,25,0.682352
0.0,14,0.682784
1.0,21,0.683365
1.0,60,0.684941
0.0,41,0.686047
1.0,36,0.687013
1.0,13,0.687416
0.0,27,0.688162
1.0,30,0.68898
0.0,33,0.689885
0.0,3,0.690038
0.0,33,0.690946
0.0,33,0.691861
0.0,6,0.692085
0.0,89,0.694381
0.0,30,0.69522
0.0,14,0.695652
0.0,9,0.695952
1.0,26,0.696702
1.0,25,0.697378
1.0,21,0.697978
0.0,7,0.698221
0.0,52,0.69961
0.0,31,0.700433
0.0,13,0.700847
1.0,51,0.702182
0.0,3,0.702326
1.0,33,0.703237
1.0,19,0.703789
0.0,5,0.703986
0.0,8,0.704265
1.0,64,0.705958
1.0,82,0.708084
0.0,53,0.709472
0.0,100,0.712047
1.0,40,0.713239
0.0,40,0.714333
0.0,91,0.71669
0.0,16,0.71717
0.0,7,0.717423
1.0,28,0.718207
1.0,69,0.719977
0.0,16,0.720452
0.0,60,0.722043
1.0,35,0.723014
1.0,21,0.723621
0.0,22,0.724234
1.0,15,0.724697
1.0,50,0.72603
1.0,38,0.727034
1.0,15,0.727494
1.0,21,0.728088
0.0,28,0.72887
1.0,17,0.729357
0.0,85,0.731586
0.0,7,0.731838
1.0,80,0.733925
1.0,13,0.734314
1.0,19,0.734873
1.0,61,0.736456
1.0,18,0.736973
1.0,62,0.738611
1.0,17,0.739122
1.0,28,0.739912
0.0,20,0.740496
0.0,17,0.740994
0.0,31,0.74184
0.0,76,0.743799
0.0,81,0.745906
1.0,11,0.746253
1.0,97,0.748777
0.0,12,0.749147
1.0,32,0.750028
1.0,20,0.750598
1.0,22,0.751233
1.0,6,0.751454
1.0,8,0.751729
0.0,4,0.751902
1.0,14,0.752314
0.0,50,0.753641
1.0,44,0.754823
0.0,43,0.755972
1.0,11,0.756328
1.0,46,0.757586
1.0,35,0.758542
1.0,34,0.759456
1.0,19,0.760005
0.0,34,0.760933
1.0,62,0.762563
0.0,30,0.7634
0.0,17,0.763913
1.0,16,0.764388
1.0,57,0.765883
0.0,72,0.767782
1.0,95,0.770237
1.0,22,0.770872
1.0,88,0.773155
0.0,6,0.773377
0.0,90,0.775705
1.0,51,0.777051
1.0,24,0.777734
1.0,11,0.77808
0.0,43,0.779228
0.0,100,0.781786
1.0,58,0.783309
0.0,21,0.783915
1.0,8,0.784184
1.0,11,0.784532
0.0,45,0.785732
0.0,20,0.786304
1.0,19,0.786865
1.0,29,0.787672
0.0,57,0.789149
0.0,29,0.789952
1.0,13,0.79034
1.0,77,0.792333
1.0,9,0.792641
1.0,47,0.793879
0.0,19,0.794429
1.0,40,0.795498
1.0,19,0.796047
1.0,17,0.796563
1.0,40,0.797656
0.0,43,0.798826
1.0,72,0.800705
1.0,9,0.800996
0.0,6,0.801217
0.0,25,0.801929
1.0,87,0.804153
0.0,43,0.805308
0.0,17,0.805854
1.0,32,0.806768
1.0,15,0.807216
1.0,18,0.807765
0.0,14,0.808189
0.0,28,0.808994
0.0,12,0.809361
0.0,67,0.811125
0.0,57,0.812634
0.0,79,0.814806
0.0,100,0.817403
0.0,6,0.817646
0.0,5,0.817845
1.0,46,0.81905
1.0,10,0.819364
1.0,13,0.819777
0.0,4,0.819953
0.0,8,0.82022
0.0,63,0.821883
0.0,21,0.822497
0.0,35,0.82344
1.0,16,0.823924
0.0,28,0.824715
0.0,33,0.825639
1.0,20,0.826217
1.0,29,0.827017
1.0,11,0.827374
1.0,15,0.827837
1.0,7,0.82808
0.0,92,0.830427
0.0,33,0.831319
1.0,82,0.833425
1.0,15,0.833887
1.0,94,0.83629
0.0,14,0.836724
0.0,15,0.837169
1.0,27,0.837926
1.0,19,0.838489
1.0,25,0.839188
0.0,3,0.83933
1.0,14,0.839755
0.0,4,0.839928
1.0,67,0.841688
0.0,47,0.842937
1.0,15,0.84338
0.0,24,0.844053
1.0,11,0.844402
0.0,7,0.844659
0.0,24,0.845327
1.0,39,0.846372
1.0,73,0.848263
0.0,41,0.849368
1.0,21,0.849981
0.0,4,0.850156
0.0,33,0.851063
0.0,100,0.853621
0.0,80,0.855694
1.0,15,0.856144
1.0,50,0.857458
0.0,20,0.858037
1.0,35,0.858987
1.0,57,0.860461
0.0,5,0.860663
1.0,9,0.860956
1.0,77,0.862949
0.0,26,0.863678
1.0,92,0.866046
0.0,81,0.868159
0.0,70,0.869988
0.0,22,0.870626
0.0,100,0.873187
0.0,8,0.873462
1.0,47,0.874704
0.0,100,0.877258
0.0,41,0.878354
1.0,17,0.878858
0.0,16,0.879336
0.0,6,0.879566
0.0,22,0.880194
0.0,4,0.880368
1.0,14,0.880795
1.0,27,0.881561
1.0,78,0.883576
0.0,14,0.883995
1.0,7,0.884242
1.0,21,0.884849
1.0,40,0.885936
0.0,20,0.886525
1.0,37,0.887518
0.0,19,0.888073
0.0,88,0.890307
1.0,20,0.890892
0.0,56,0.89236
1.0,44,0.893536
0.0,14,0.89395
0.0,13,0.894351
1.0,31,0.895192
0.0,5,0.895392
0.0,14,0.895824
0.0,100,0.898354
0.0,26,0.8991
0.0,94,0.901478
0.0,100,0.904037
0.0,4,0.904207
0.0,13,0.904613
0.0,8,0.904889
0.0,14,0.905313
0.0,32,0.90623
0.0,18,0.906764
0.0,17,0.907264
0.0,75,0.909206
0.0,22,0.909847
0.0,29,0.910662
0.0,44,0.911842
0.0,65,0.913551
0.0,32,0.914534
1.0,68,0.91632
1.0,31,0.917192
0.0,35,0.918164
1.0,66,0.919901
1.0,21,0.920488
0.0,100,0.923104
0.0,25,0.923829
1.0,25,0.924546
0.0,48,0.9258
0.0,18,0.926318
1.0,7,0.926588
0.0,43,0.927812
1.0,37,0.928802
1.0,19,0.929343
0.0,44,0.930552
0.0,40,0.931624
1.0,29,0.932437
1.0,16,0.932925
0.0,17,0.933429
1.0,39,0.934478
0.0,26,0.935195
1.0,44,0.936364
0.0,45,0.937565
1.0,35,0.938511
1.0,69,0.940327
0.0,12,0.940713
1.0,30,0.941547
0.0,29,0.942343
1.0,37,0.943352
1.0,53,0.944768
1.0,17,0.945262
1.0,63,0.946917
0.0,16,0.947394
1.0,20,0.947969
1.0,38,0.948989
0.0,28,0.949774
0.0,47,0.951039
0.0,57,0.952563
0.0,9,0.952863
0.0,48,0.954153
1.0,20,0.954725
1.0,22,0.95534
1.0,57,0.956885
0.0,47,0.958141
1.0,91,0.960475
1.0,64,0.962149
0.0,8,0.962427
1.0,13,0.962835
0.0,100,0.965379
1.0,53,0.966795
0.0,33,0.967698
1.0,33,0.968587
1.0,23,0.969225
0.0,45,0.970416
1.0,20,0.971003
0.0,50,0.972323
0.0,62,0.973972
1.0,21,0.974565
0.0,100,0.977095
1.0,40,0.978168
1.0,11,0.978517
1.0,25,0.979202
0.0,8,0.97948
1.0,59,0.981019
1.0,11,0.98136
1.0,47,0.982631
1.0,39,0.983693
1.0,34,0.984616
0.0,100,0.987344
1.0,15,0.987819
0.0,4,0.987999
0.0,11,0.98834
0.0,8,0.988635
0.0,81,0.990726
0.0,26,0.991444
1.0,16,0.991918
0.0,76,0.993884
0.0,32,0.994752
1.0,27,0.995505
1.0,12,0.995885
0.0,27,0.996649
0.0,4,0.996819
0.0,12,0.997182
0.0,10,0.997518
0.0,100,1.000077
1.0,44,1.001271
0.0,10,1.00161
0.0,6,1.001829
0.0,10,1.002151
1.0,18,1.002703
0.0,34,1.003634
1.0,41,1.004793
0.0,49,1.006131
0.0,10,1.006456
0.0,14,1.00688
1.0,23,1.007542
0.0,69,1.009334
0.0,92,1.011705
0.0,9,1.012002
1.0,69,1.013807
0.0,57,1.015305
1.0,23,1.016114
0.0,20,1.016737
0.0,9,1.017039
1.0,23,1.017705
1.0,85,1.019898
1.0,69,1.021704
1.0,31,1.022559
0.0,9,1.022864
0.0,8,1.023137
1.0,34,1.024068
1.0,52,1.025445
0.0,49,1.026765
0.0,29,1.027583
0.0,33,1.028465
1.0,38,1.029506
1.0,67,1.031231
1.0,42,1.032359
0.0,35,1.033327
0.0,24,1.034016
1.0,21,1.034636
0.0,100,1.037236
0.0,100,1.039839
1.0,27,1.040607
0.0,18,1.041137
0.0,66,1.042875
1.0,27,1.043618
1.0,28,1.044391
0.0,22,1.045022
1.0,79,1.047072
1.0,39,1.048126
0.0,13,1.048535
0.0,10,1.048863
1.0,18,1.049384
1.0,30,1.050215
1.0,52,1.051633
0.0,14,1.052056
0.0,40,1.053131
0.0,22,1.053762
0.0,69,1.055558
0.0,22,1.056196
0.0,39,1.057249
1.0,36,1.058227
0.0,4,1.058402
0.0,15,1.058863
1.0,19,1.059422
1.0,10,1.059757
1.0,45,1.060956
1.0,11,1.061308
0.0,13,1.061721
1.0,43,1.062863
0.0,33,1.063775
0.0,52,1.065152
0.0,80,1.067218
0.0,26,1.067967
1.0,21,1.06858
1.0,10,1.068907
1.0,45,1.070101
0.0,21,1.070716
1.0,42,1.071847
1.0,59,1.073389
1.0,33,1.074278
1.0,23,1.074952
1.0,30,1.075788
1.0,43,1.076935
0.0,10,1.077257
0.0,100,1.079822
0.0,41,1.080913
1.0,41,1.082012
1.0,31,1.082875
1.0,48,1.084156
1.0,19,1.084718
1.0,22,1.085342
0.0,6,1.085572
0.0,4,1.085743
1.0,22,1.086371
1.0,29,1.087185
1.0,55,1.088636
1.0,26,1.089353
1.0,37,1.090348
1.0,51,1.091692
0.0,41,1.092806
0.0,51,1.094167
1.0,22,1.094806
1.0,26,1.095545
1.0,18,1.096066
1.0,18,1.096593
1.0,21,1.097185
0.0,63,1.098848
1.0,18,1.09936
1.0,31,1.100201
0.0,23,1.100846
1.0,91,1.103191
0.0,52,1.104602
1.0,46,1.105837
1.0,19,1.106388
0.0,22,1.107013
1.0,83,1.109181
0.0,58,1.110708
0.0,25,1.111407
0.0,29,1.112206
0.0,12,1.112601
0.0,5,1.112797
1.0,43,1.113968
0.0,10,1.114302
0.0,18,1.114845
1.0,22,1.115463
1.0,45,1.116833
0.0,81,1.118958
0.0,43,1.120127
1.0,43,1.121273
0.0,11,1.121633
0.0,100,1.124192
1.0,51,1.12556
0.0,94,1.128015
1.0,22,1.128655
0.0,53,1.130049
0.0,9,1.130358
1.0,75,1.132322
1.0,15,1.132783
0.0,19,1.133326
1.0,16,1.133795
1.0,28,1.13459
0.0,8,1.134857
0.0,17,1.135361
1.0,11,1.135721
0.0,4,1.135894
0.0,100,1.138462
0.0,11,1.138818
0.0,51,1.14016
0.0,20,1.14075
0.0,36,1.141735
1.0,26,1.142471
1.0,6,1.142704
0.0,6,1.142929
1.0,86,1.145129
1.0,14,1.145574
1.0,8,1.14584
0.0,38,1.146877
1.0,48,1.148147
1.0,13,1.148568
1.0,15,1.149012
1.0,26,1.14975
0.0,20,1.150319
1.0,25,1.151025
0.0,36,1.152026
0.0,7,1.152287
0.0,4,1.15246
0.0,5,1.15267
0.0,28,1.15343
1.0,28,1.15422
1.0,8,1.154505
0.0,11,1.15485
1.0,18,1.15538
1.0,29,1.156183
0.0,100,1.158756
1.0,30,1.159589
0.0,100,1.162175
0.0,6,1.162404
1.0,43,1.163589
0.0,41,1.164698
1.0,25,1.165392
1.0,85,1.167586
0.0,20,1.168167
1.0,25,1.168882
0.0,25,1.1696
0.0,4,1.169771
1.0,76,1.171769
1.0,23,1.172427
0.0,33,1.173336
0.0,100,1.175933
0.0,15,1.176396
1.0,23,1.177051
1.0,22,1.177693
1.0,20,1.178258
1.0,16,1.178734
0.0,17,1.179232
1.0,34,1.180171
1.0,14,1.180596
1.0,35,1.181554
0.0,5,1.181753
0.0,52,1.183131
1.0,76,1.185118
0.0,21,1.185718
0.0,30,1.186548
0.0,49,1.18786
1.0,72,1.189757
1.0,34,1.190684
1.0,37,1.191676
0.0,10,1.192002
0.0,27,1.192758
1.0,26,1.193473
1.0,11,1.193821
1.0,34,1.194759
1.0,56,1.196204
0.0,42,1.197341
0.0,23,1.198009
1.0,44,1.199225
0.0,20,1.199814
0.0,10,1.200135
1.0,38,1.201158
1.0,84,1.20336
0.0,18,1.203898
0.0,18,1.20443
1.0,31,1.205285
1.0,40,1.206397
1.0,28,1.207163
1.0,26,1.207893
1.0,32,1.208764
0.0,59,1.210325
0.0,17,1.210833
1.0,79,1.212929
0.0,33,1.21384
0.0,4,1.214015
0.0,11,1.214366
0.0,100,1.216966
0.0,33,1.217983
0.0,14,1.218406
0.0,100,1.220974
1.0,9,1.221282
1.0,85,1.223513
1.0,20,1.224088
0.0,6,1.22432
0.0,40,1.225409
1.0,22,1.226045
0.0,33,1.226953
0.0,7,1.227199
0.0,11,1.227548
0.0,5,1.227747
0.0,3,1.227889
1.0,26,1.228623
1.0,79,1.230664
0.0,9,1.230958
0.0,23,1.23162
1.0,38,1.232651
0.0,17,1.233136
1.0,71,1.23499
0.0,28,1.235757
1.0,90,1.238076
0.0,4,1.238251
0.0,100,1.24083
1.0,19,1.241375
1.0,33,1.242277
1.0,61,1.243886
0.0,17,1.24438
1.0,41,1.245491
1.0,34,1.246423
0.0,83,1.248583
0.0,17,1.249087
0.0,100,1.251702
1.0,98,1.254231
1.0,12,1.254617
1.0,42,1.255752
1.0,51,1.257116
0.0,27,1.257879
1.0,11,1.258221
1.0,27,1.258967
0.0,18,1.2595
1.0,17,1.26
1.0,22,1.260633
1.0,34,1.261557
0.0,6,1.261781
0.0,17,1.262274
0.0,47,1.263524
1.0,88,1.265774
0.0,26,1.266521
1.0,70,1.268336
0.0,7,1.268602
1.0,23,1.269252
0.0,14,1.269696
1.0,63,1.271356
0.0,23,1.272009
0.0,78,1.274041
1.0,22,1.274683
1.0,50,1.275995
0.0,5,1.27619
1.0,17,1.276693
1.0,41,1.277822
0.0,29,1.278636
1.0,16,1.279109
1.0,21,1.279719
1.0,37,1.28073
1.0,11,1.28107
0.0,5,1.28127
1.0,28,1.282053
1.0,24,1.282735
0.0,90,1.285062
1.0,21,1.285665
1.0,21,1.286258
1.0,19,1.286811
1.0,29,1.287626
1.0,14,1.288051
1.0,21,1.288641
1.0,14,1.289054
1.0,12,1.28943
1.0,62,1.291038
1.0,59,1.292586
0.0,22,1.293199
1.0,17,1.293724
1.0,32,1.294581
0.0,56,1.296064
1.0,64,1.297748
1.0,18,1.298263
0.0,28,1.299044
0.0,69,1.300812
1.0,37,1.301821
1.0,19,1.302371
0.0,29,1.303165
0.0,17,1.303673
0.0,16,1.304152
1.0,32,1.305058
1.0,49,1.306384
1.0,36,1.307346
1.0,21,1.307938
0.0,5,1.308131
1.0,41,1.309215
1.0,81,1.311301
0.0,22,1.31193
1.0,43,1.313097
1.0,17,1.313602
1.0,25,1.314308
1.0,20,1.314901
0.0,6,1.315126
1.0,61,1.316724
1.0,29,1.317535
1.0,25,1.318337
0.0,28,1.319121
0.0,27,1.319869
0.0,51,1.321212
1.0,6,1.321434
0.0,4,1.321615
1.0,21,1.322223
1.0,50,1.323565
0.0,52,1.324949
1.0,25,1.325653
0.0,43,1.326814
1.0,47,1.32807
0.0,14,1.328502
1.0,37,1.329507
1.0,9,1.329801
1.0,9,1.330095
0.0,29,1.330896
1.0,61,1.332516
1.0,44,1.333718
0.0,20,1.334305
1.0,26,1.335033
1.0,8,1.335307
0.0,100,1.337913
1.0,55,1.33937
1.0,63,1.341019
0.0,46,1.342246
0.0,33,1.343185
1.0,23,1.343829
1.0,17,1.344321
1.0,12,1.344705
1.0,84,1.346875
1.0,6,1.347101
1.0,19,1.347664
0.0,14,1.348096
1.0,22,1.348726
0.0,34,1.349668
0.0,34,1.35061
0.0,76,1.352574
1.0,26,1.353302
1.0,13,1.353715
0.0,100,1.35629
1.0,40,1.357365
1.0,47,1.358635
0.0,100,1.361199
0.0,43,1.362344
1.0,68,1.364138
1.0,87,1.366377
1.0,18,1.366922
0.0,8,1.367191
0.0,7,1.367435
0.0,5,1.367641
0.0,70,1.369432
1.0,14,1.369873
0.0,87,1.372132
0.0,25,1.372842
1.0,32,1.373726
0.0,25,1.374422
0.0,7,1.37468
0.0,56,1.376165
0.0,47,1.377425
0.0,40,1.378531
1.0,29,1.379336
0.0,29,1.380142
0.0,45,1.381354
0.0,16,1.381844
0.0,100,1.384464
1.0,11,1.384828
0.0,62,1.38645
0.0,36,1.387432
1.0,11,1.387796
1.0,12,1.388166
1.0,40,1.38923
1.0,21,1.389826
0.0,12,1.390217
0.0,8,1.390492
1.0,11,1.390849
1.0,35,1.3918
0.0,14,1.392222
1.0,58,1.393792
0.0,25,1.39452
0.0,27,1.39527
1.0,11,1.39564
1.0,31,1.396507
1.0,30,1.397331
0.0,5,1.397543
1.0,40,1.398644
1.0,37,1.399662
0.0,19,1.400226
0.0,40,1.401307
1.0,52,1.40271
1.0,23,1.403374
0.0,79,1.405454
0.0,20,1.406046
0.0,4,1.406223
1.0,26,1.406958
1.0,40,1.408034
1.0,22,1.408646
1.0,13,1.409048
1.0,13,1.409437
1.0,28,1.410226
1.0,28,1.411006
1.0,21,1.411618
0.0,14,1.412051
0.0,41,1.413172
0.0,14,1.413627
1.0,70,1.415457
0.0,22,1.41609
0.0,59,1.417661
0.0,23,1.418401
1.0,19,1.418988
0.0,21,1.419592
0.0,22,1.420214
1.0,16,1.420703
1.0,28,1.421477
1.0,43,1.422664
1.0,54,1.424098
0.0,7,1.424343
1.0,33,1.425267
1.0,33,1.426173
1.0,64,1.427868
0.0,33,1.428771
1.0,8,1.429042
0.0,100,1.431615
1.0,37,1.432645
1.0,58,1.434201
0.0,27,1.434957
1.0,74,1.436912
0.0,76,1.438895
1.0,10,1.439214
1.0,71,1.441096
0.0,24,1.44178
0.0,53,1.443198
0.0,100,1.445807
0.0,15,1.446274
0.0,23,1.446934
0.0,26,1.447661
1.0,43,1.448819
0.0,27,1.449576
0.0,17,1.450079
0.0,32,1.450963
0.0,24,1.451663
0.0,12,1.452033
1.0,12,1.452401
1.0,39,1.453437
1.0,41,1.45454
1.0,8,1.454814
1.0,7,1.455061
0.0,22,1.455703
1.0,52,1.457085
0.0,12,1.457455
0.0,6,1.457686
1.0,31,1.458538
1.0,16,1.459007
0.0,6,1.459229
1.0,99,1.461759
1.0,79,1.463783
1.0,30,1.464609
0.0,8,1.464877
1.0,77,1.466874
0.0,39,1.467934
0.0,31,1.468782
0.0,52,1.470162
1.0,26,1.470899
0.0,39,1.471965
1.0,69,1.473748
1.0,73,1.475609
1.0,88,1.477891
0.0,7,1.478136
1.0,31,1.478991
1.0,20,1.479555
1.0,60,1.481133
1.0,20,1.481723
0.0,11,1.482062
1.0,12,1.482432
1.0,54,1.483848
1.0,15,1.484297
0.0,33,1.485193
0.0,10,1.48552
0.0,9,1.485821
1.0,22,1.486445
0.0,42,1.487569
0.0,19,1.488117
1.0,50,1.489446
0.0,6,1.489673
0.0,10,1.489996
0.0,43,1.49114
1.0,41,1.49226
1.0,14,1.492705
0.0,17,1.493204
1.0,14,1.493633
1.0,54,1.495066
0.0,3,1.495211
0.0,51,1.496574
0.0,10,1.496894
0.0,43,1.498067
1.0,46,1.499292
0.0,68,1.501083
1.0,33,1.501998
0.0,29,1.502813
1.0,41,1.503895
1.0,71,1.505764
1.0,16,1.506239
1.0,17,1.506737
1.0,28,1.507509
1.0,95,1.509904
1.0,59,1.511414
1.0,54,1.512811
1.0,45,1.514006
1.0,7,1.514259
0.0,30,1.515076
1.0,68,1.516856
0.0,8,1.517135
1.0,60,1.518728
1.0,26,1.519455
1.0,16,1.519929
1.0,30,1.520871
1.0,49,1.522194
1.0,15,1.522666
1.0,25,1.523362
0.0,30,1.524194
1.0,54,1.525628
1.0,9,1.525935
1.0,9,1.526234
0.0,19,1.526782
1.0,28,1.527576
0.0,13,1.527978
1.0,20,1.528558
0.0,13,1.528952
0.0,32,1.529828
0.0,55,1.531246
1.0,27,1.53199
1.0,10,1.53231
1.0,19,1.532877
1.0,99,1.535436
0.0,44,1.536638
1.0,21,1.537238
1.0,28,1.538025
1.0,17,1.538532
0.0,55,1.539972
0.0,64,1.541672
0.0,16,1.542137
1.0,77,1.544142
1.0,39,1.545199
0.0,68,1.546998
1.0,31,1.547867
0.0,27,1.548618
1.0,20,1.549196
1.0,10,1.549539
0.0,27,1.550283
1.0,38,1.551297
0.0,13,1.551714
0.0,17,1.552211
1.0,53,1.553603
1.0,18,1.554115
1.0,32,1.554982
0.0,58,1.556539
0.0,39,1.557591
0.0,12,1.557963
1.0,66,1.55969
1.0,20,1.560259
1.0,16,1.560741
0.0,23,1.56138
0.0,13,1.561794
1.0,26,1.562536
1.0,16,1.563012
0.0,20,1.5636
0.0,24,1.564274
0.0,59,1.565813
1.0,18,1.566335
1.0,9,1.566638
1.0,53,1.568005
0.0,52,1.569368
1.0,41,1.570457
1.0,30,1.5713
1.0,64,1.572988
1.0,13,1.573394
0.0,27,1.574142
0.0,28,1.574913
0.0,5,1.575107
0.0,34,1.576022
0.0,18,1.576557
0.0,16,1.577035
1.0,83,1.579161
1.0,10,1.579492
1.0,39,1.580538
0.0,53,1.581933
0.0,100,1.584511
1.0,53,1.585921
0.0,17,1.586415
1.0,41,1.587543
1.0,16,1.588015
0.0,13,1.588426
1.0,20,1.589013
0.0,87,1.591254
1.0,30,1.592088
1.0,22,1.592713
0.0,67,1.594428
1.0,35,1.595371
0.0,13,1.595782
1.0,31,1.596626
0.0,5,1.59683
1.0,18,1.597347
0.0,6,1.597587
1.0,32,1.598455
0.0,17,1.598961
1.0,28,1.599738
1.0,24,1.600405
0.0,11,1.600753
0.0,16,1.601238
1.0,35,1.60219
0.0,11,1.602556
0.0,31,1.603397
1.0,32,1.604269
1.0,26,1.605026
1.0,18,1.605563
0.0,16,1.606049
1.0,66,1.607758
1.0,15,1.608198
1.0,23,1.608847
0.0,54,1.610265
1.0,32,1.611145
0.0,24,1.611855
1.0,49,1.613172
1.0,14,1.613617
1.0,61,1.615193
1.0,29,1.616003
0.0,100,1.618551
0.0,38,1.619583
0.0,67,1.62135
1.0,73,1.623391
1.0,20,1.623983
1.0,41,1.625094
0.0,4,1.625265
0.0,10,1.625604
1.0,14,1.626024
1.0,11,1.626368
0.0,8,1.626663
1.0,74,1.628573
1.0,56,1.630022
0.0,51,1.631375
0.0,31,1.632233
1.0,48,1.63353
1.0,23,1.634173
1.0,62,1.635778
1.0,84,1.637946
0.0,54,1.639358
1.0,13,1.63978
1.0,20,1.640356
0.0,39,1.641397
0.0,19,1.641964
1.0,21,1.642571
1.0,18,1.643085
0.0,5,1.643277
0.0,5,1.643476
1.0,42,1.6446
1.0,31,1.645455
1.0,28,1.646238
0.0,7,1.646505
0.0,70,1.64833
0.0,12,1.648722
1.0,12,1.649101
0.0,35,1.650056
1.0,16,1.650551
0.0,8,1.650831
1.0,49,1.652141
1.0,25,1.65284
0.0,45,1.654043
0.0,5,1.654252
1.0,26,1.654992
0.0,23,1.655653
0.0,3,1.655798
1.0,7,1.656044
0.0,15,1.656491
0.0,100,1.65903
1.0,33,1.659957
0.0,13,1.660362
0.0,27,1.661126
0.0,10,1.66145
0.0,24,1.662129
0.0,65,1.663846
0.0,25,1.664552
1.0,58,1.666072
0.0,100,1.668612
0.0,42,1.669754
1.0,56,1.671238
0.0,21,1.671866
0.0,14,1.672296
1.0,19,1.672858
1.0,36,1.673853
0.0,54,1.675276
0.0,44,1.676443
0.0,23,1.677088
1.0,22,1.67772
1.0,63,1.679371
1.0,55,1.680847
1.0,28,1.681643
1.0,24,1.682306
0.0,21,1.68292
1.0,26,1.683647
1.0,17,1.684142
1.0,11,1.684477
0.0,14,1.684903
1.0,12,1.685276
1.0,7,1.685533
0.0,14,1.685964
0.0,100,1.688539
0.0,17,1.689049
1.0,43,1.690196
0.0,77,1.692158
1.0,21,1.692766
0.0,12,1.693138
1.0,10,1.693468
1.0,25,1.694168
0.0,45,1.695352
0.0,4,1.695533
0.0,9,1.695824
1.0,32,1.696706
0.0,15,1.69714
0.0,44,1.698327
0.0,82,1.700453
0.0,44,1.701646
1.0,21,1.702247
0.0,60,1.703808
1.0,42,1.704961
0.0,11,1.705312
0.0,22,1.70593
1.0,35,1.706883
1.0,14,1.707314
1.0,93,1.709719
0.0,30,1.710545
0.0,10,1.710872
1.0,41,1.711975
1.0,16,1.712455
1.0,19,1.713013
1.0,21,1.713616
0.0,9,1.713914
1.0,72,1.715771
1.0,47,1.717015
1.0,14,1.717435
1.0,30,1.718266
1.0,24,1.718948
1.0,45,1.720164
1.0,40,1.721246
1.0,30,1.722076
0.0,22,1.722837
1.0,14,1.723259
1.0,26,1.723997
0.0,100,1.726608
1.0,25,1.727316
0.0,16,1.727799
0.0,27,1.728555
0.0,55,1.729985
1.0,20,1.730574
0.0,5,1.730769
1.0,17,1.731257
0.0,18,1.73179
0.0,25,1.732479
0.0,15,1.732932
1.0,12,1.733307
0.0,17,1.733822
1.0,19,1.734357
1.0,28,1.735134
0.0,100,1.737716
1.0,44,1.738897
1.0,7,1.739143
1.0,17,1.739645
0.0,17,1.740123
0.0,44,1.741281
1.0,57,1.742784
0.0,71,1.744628
1.0,37,1.745637
0.0,18,1.746156
1.0,57,1.74766
1.0,21,1.748249
1.0,44,1.749418
1.0,36,1.75041
1.0,32,1.751266
0.0,83,1.753391
1.0,25,1.754096
1.0,43,1.755234
0.0,13,1.755642
1.0,18,1.756165
1.0,60,1.757748
0.0,30,1.75862
0.0,100,1.761146
0.0,100,1.7637
1.0,65,1.765384
1.0,15,1.765829
1.0,21,1.766428
0.0,50,1.767752
0.0,30,1.768585
1.0,93,1.770969
0.0,18,1.771507
0.0,6,1.771734
1.0,31,1.772588
0.0,21,1.773183
0.0,15,1.773641
1.0,42,1.774758
1.0,13,1.775144
0.0,6,1.77536
0.0,26,1.776115
1.0,21,1.776725
1.0,65,1.778413
1.0,9,1.778723
1.0,31,1.779572
1.0,19,1.780112
0.0,10,1.780437
0.0,4,1.780619
0.0,26,1.781369
0.0,16,1.781859
0.0,16,1.782323
1.0,14,1.782747
1.0,38,1.783778
1.0,16,1.784262
0.0,10,1.784601
0.0,8,1.784868
1.0,37,1.785861
1.0,7,1.786103
1.0,87,1.788327
0.0,15,1.78879
1.0,10,1.789122
0.0,59,1.790653
1.0,10,1.790967
1.0,15,1.791414
1.0,26,1.792136
1.0,20,1.792729
1.0,29,1.793541
1.0,25,1.794218
1.0,9,1.79453
0.0,64,1.796201
1.0,29,1.797009
0.0,39,1.798065
1.0,26,1.798796
0.0,79,1.800837
0.0,27,1.801594
0.0,59,1.803135
0.0,11,1.803501
0.0,35,1.804452
0.0,54,1.805933
1.0,17,1.806425
1.0,27,1.80718
1.0,26,1.807901
0.0,8,1.808174
1.0,17,1.808679
0.0,50,1.810034
0.0,35,1.810991
0.0,100,1.813588
0.0,18,1.814108
0.0,12,1.814474
0.0,42,1.815619
0.0,60,1.817187
0.0,100,1.81974
0.0,7,1.819997
1.0,43,1.821134
0.0,20,1.821736
0.0,29,1.822543
0.0,30,1.823456
1.0,13,1.82389
0.0,28,1.824675
0.0,15,1.825117
0.0,29,1.825933
0.0,35,1.826883
1.0,36,1.827852
0.0,5,1.828048
1.0,52,1.829426
0.0,34,1.830368
1.0,56,1.831845
1.0,22,1.832476
0.0,15,1.832937
1.0,29,1.833738
1.0,37,1.834733
0.0,5,1.834931
1.0,44,1.836096
0.0,36,1.837073
1.0,50,1.838406
0.0,14,1.83883
0.0,14,1.839263
0.0,8,1.83955
1.0,36,1.840534
0.0,47,1.841767
1.0,27,1.842505
1.0,25,1.843187
1.0,20,1.843777
1.0,12,1.844155
0.0,39,1.845192
0.0,66,1.846895
0.0,34,1.847829
1.0,13,1.848226
1.0,21,1.848819
0.0,52,1.850183
1.0,13,1.850591
1.0,64,1.852277
1.0,12,1.852659
1.0,93,1.855026
1.0,36,1.856004
0.0,69,1.857836
0.0,61,1.859451
1.0,54,1.860877
1.0,54,1.862305
1.0,53,1.863734
1.0,8,1.864009
1.0,26,1.864737
0.0,19,1.865281
0.0,29,1.866108
0.0,4,1.866288
0.0,33,1.867216
0.0,32,1.868106
0.0,55,1.869616
1.0,37,1.870644
1.0,17,1.871147
1.0,24,1.871862
1.0,38,1.872927
1.0,69,1.874756
0.0,28,1.875561
0.0,13,1.875971
1.0,22,1.876612
1.0,17,1.877109
0.0,39,1.87815
1.0,17,1.878684
1.0,64,1.880364
