#{"t_start": 1522157685.5256262, "env_id": "MyFrozenLake-v0"}
r,l,t
0.0,6,0.01647
0.0,14,0.016852
0.0,6,0.017057
0.0,17,0.017469
0.0,6,0.017653
0.0,16,0.01805
0.0,6,0.01824
0.0,9,0.018494
0.0,10,0.018769
0.0,3,0.018899
0.0,10,0.019177
0.0,15,0.019559
0.0,17,0.019972
0.0,4,0.020113
0.0,9,0.020351
0.0,7,0.020557
0.0,8,0.020778
0.0,13,0.021109
0.0,9,0.021354
0.0,9,0.021603
0.0,8,0.021822
0.0,8,0.022051
0.0,62,0.023406
1.0,33,0.024152
0.0,45,0.025134
0.0,30,0.025812
1.0,36,0.026611
0.0,26,0.027214
1.0,16,0.027597
0.0,9,0.027842
1.0,23,0.028406
0.0,12,0.028755
1.0,38,0.029665
0.0,46,0.030661
1.0,21,0.031158
1.0,16,0.03155
1.0,21,0.032047
0.0,27,0.032657
1.0,30,0.033341
0.0,23,0.033884
0.0,75,0.035473
1.0,23,0.036028
1.0,18,0.036451
0.0,4,0.036588
0.0,3,0.036711
0.0,10,0.036991
0.0,32,0.037694
0.0,7,0.037909
1.0,15,0.038279
0.0,56,0.039477
0.0,11,0.039755
0.0,29,0.040394
0.0,17,0.040799
0.0,4,0.040949
0.0,3,0.041069
1.0,10,0.041327
1.0,32,0.042064
1.0,19,0.042524
0.0,46,0.043546
1.0,29,0.044193
1.0,34,0.04496
0.0,15,0.045324
0.0,11,0.045601
0.0,23,0.046151
0.0,4,0.046291
0.0,12,0.046586
0.0,4,0.046729
0.0,64,0.048194
1.0,18,0.048633
0.0,84,0.050435
0.0,3,0.050563
0.0,32,0.051279
0.0,21,0.051779
0.0,35,0.052578
1.0,11,0.052872
0.0,8,0.053095
0.0,3,0.053213
0.0,21,0.053715
0.0,14,0.054073
0.0,5,0.054236
1.0,62,0.055563
0.0,11,0.055873
0.0,14,0.056237
0.0,10,0.056503
0.0,56,0.057704
0.0,10,0.057975
0.0,5,0.058134
0.0,39,0.059029
0.0,6,0.059213
0.0,11,0.059514
1.0,30,0.060192
0.0,33,0.060927
0.0,39,0.061792
0.0,21,0.062292
0.0,47,0.06333
0.0,56,0.064555
0.0,10,0.064825
0.0,35,0.065616
0.0,40,0.066506
1.0,92,0.068473
0.0,7,0.068683
0.0,42,0.069657
0.0,16,0.07007
1.0,27,0.07068
1.0,21,0.071177
1.0,9,0.071432
0.0,13,0.071756
1.0,19,0.072226
0.0,6,0.072407
1.0,21,0.072906
1.0,16,0.073288
1.0,49,0.074361
0.0,28,0.075015
0.0,28,0.07565
0.0,34,0.076422
0.0,25,0.077007
0.0,5,0.077175
0.0,27,0.077782
0.0,47,0.078862
0.0,46,0.07984
0.0,4,0.08
0.0,43,0.080964
0.0,14,0.081316
0.0,3,0.081434
0.0,15,0.081805
1.0,16,0.082206
0.0,13,0.082531
0.0,14,0.082898
1.0,61,0.084196
0.0,3,0.084321
0.0,27,0.084948
0.0,4,0.085089
0.0,8,0.085307
0.0,59,0.08656
0.0,32,0.087291
0.0,4,0.087439
0.0,6,0.087626
0.0,27,0.088249
0.0,8,0.088486
0.0,8,0.088708
0.0,3,0.088826
0.0,16,0.089236
0.0,38,0.090129
0.0,9,0.090396
0.0,42,0.091332
0.0,31,0.092038
1.0,33,0.092766
0.0,12,0.0931
0.0,33,0.093838
0.0,8,0.094084
1.0,12,0.094399
0.0,23,0.094946
0.0,59,0.096233
0.0,13,0.096574
0.0,40,0.097483
0.0,64,0.09889
0.0,11,0.099181
0.0,12,0.099488
0.0,13,0.099805
0.0,23,0.100349
1.0,27,0.100981
1.0,17,0.101389
0.0,10,0.10166
0.0,4,0.101798
0.0,34,0.102565
0.0,10,0.102835
1.0,78,0.104524
0.0,42,0.105445
0.0,3,0.105568
0.0,23,0.106161
0.0,18,0.106603
0.0,3,0.106721
0.0,36,0.107526
0.0,51,0.108644
0.0,10,0.108928
0.0,7,0.10913
0.0,7,0.109338
0.0,15,0.109711
0.0,24,0.110265
0.0,42,0.111245
1.0,21,0.111742
1.0,20,0.112216
0.0,7,0.112434
1.0,36,0.113245
1.0,8,0.113465
1.0,32,0.114193
0.0,31,0.114899
1.0,36,0.115682
1.0,21,0.116184
1.0,32,0.116929
1.0,61,0.118304
0.0,40,0.11919
1.0,24,0.119747
0.0,3,0.119875
1.0,24,0.120442
0.0,37,0.121252
0.0,5,0.121412
0.0,48,0.122441
1.0,9,0.122682
0.0,25,0.123263
0.0,18,0.123702
0.0,11,0.124019
1.0,29,0.1247
0.0,14,0.125092
0.0,29,0.125769
0.0,10,0.12604
0.0,9,0.126292
0.0,8,0.126519
0.0,32,0.127272
1.0,12,0.127585
0.0,28,0.128273
0.0,9,0.128523
0.0,33,0.129322
0.0,3,0.129443
1.0,33,0.130185
1.0,11,0.130472
0.0,18,0.130907
0.0,9,0.13116
1.0,12,0.131459
1.0,16,0.131833
1.0,47,0.132852
0.0,79,0.134529
0.0,40,0.135423
0.0,21,0.135945
0.0,15,0.136319
0.0,37,0.137155
0.0,3,0.137275
0.0,12,0.137587
0.0,52,0.138717
0.0,41,0.13962
0.0,6,0.139801
0.0,60,0.141129
0.0,13,0.141447
0.0,38,0.142294
0.0,7,0.142512
0.0,32,0.143257
0.0,5,0.143419
0.0,9,0.143671
0.0,13,0.144013
0.0,14,0.144356
0.0,26,0.144959
0.0,11,0.145246
0.0,13,0.145575
1.0,25,0.146167
0.0,28,0.146815
1.0,24,0.147379
0.0,27,0.148001
0.0,7,0.148204
1.0,22,0.148708
1.0,22,0.149231
1.0,22,0.149754
0.0,6,0.149958
0.0,29,0.150602
0.0,46,0.151621
0.0,9,0.151882
0.0,4,0.152024
0.0,5,0.152181
0.0,8,0.152411
0.0,8,0.152638
0.0,22,0.153164
1.0,23,0.153687
1.0,21,0.15418
0.0,45,0.15527
0.0,14,0.155618
0.0,9,0.155886
0.0,14,0.156246
0.0,6,0.156436
0.0,11,0.156716
0.0,28,0.157352
1.0,24,0.157918
0.0,22,0.158445
0.0,79,0.160156
0.0,40,0.161056
0.0,10,0.161328
0.0,18,0.161766
0.0,14,0.162138
0.0,8,0.162369
0.0,10,0.162638
0.0,36,0.163453
0.0,14,0.163814
0.0,15,0.164191
1.0,21,0.164679
0.0,8,0.164922
0.0,33,0.165653
0.0,11,0.165952
0.0,76,0.167579
0.0,17,0.168006
0.0,9,0.168256
0.0,18,0.168692
0.0,16,0.169093
0.0,8,0.169323
0.0,18,0.169772
1.0,29,0.170469
1.0,60,0.171781
1.0,49,0.172863
1.0,10,0.173135
1.0,60,0.174407
0.0,7,0.174613
0.0,25,0.175215
1.0,9,0.175472
0.0,8,0.17571
0.0,43,0.176669
1.0,23,0.177201
0.0,54,0.178419
0.0,9,0.178674
0.0,8,0.178922
1.0,40,0.179801
0.0,53,0.180938
0.0,27,0.181566
0.0,11,0.18187
0.0,61,0.183217
1.0,21,0.18372
0.0,21,0.184268
1.0,26,0.184886
1.0,32,0.185633
1.0,22,0.186156
1.0,31,0.186851
1.0,21,0.187356
0.0,17,0.187768
1.0,19,0.188229
0.0,17,0.188636
0.0,7,0.188835
0.0,3,0.188969
1.0,40,0.189842
0.0,17,0.190295
0.0,32,0.19101
1.0,11,0.191292
0.0,22,0.191806
0.0,39,0.192657
0.0,18,0.1931
0.0,22,0.193614
1.0,15,0.193997
0.0,7,0.194198
1.0,29,0.194865
0.0,19,0.195323
1.0,18,0.195758
0.0,28,0.196394
0.0,3,0.196521
1.0,47,0.197589
0.0,21,0.198118
1.0,80,0.199824
1.0,29,0.200478
0.0,4,0.200618
0.0,32,0.20135
0.0,30,0.202046
0.0,30,0.202739
0.0,35,0.20352
1.0,23,0.204062
0.0,46,0.205045
0.0,22,0.205563
0.0,7,0.205762
0.0,12,0.206078
0.0,6,0.206273
0.0,8,0.2065
0.0,6,0.206682
1.0,28,0.20733
0.0,51,0.208444
0.0,7,0.208652
1.0,36,0.209463
1.0,91,0.211383
0.0,53,0.212551
1.0,8,0.212773
0.0,5,0.212954
1.0,65,0.214375
0.0,21,0.214904
1.0,17,0.215348
1.0,17,0.215753
0.0,5,0.215927
1.0,27,0.216537
1.0,15,0.216915
0.0,4,0.217054
0.0,4,0.217255
0.0,27,0.217891
0.0,6,0.218084
0.0,4,0.218231
0.0,13,0.218563
0.0,24,0.21913
1.0,13,0.219452
0.0,22,0.220001
0.0,42,0.220965
0.0,36,0.221766
1.0,17,0.222191
0.0,38,0.223042
0.0,6,0.223222
1.0,31,0.223943
0.0,15,0.224328
0.0,66,0.225771
1.0,32,0.226483
1.0,47,0.227545
0.0,35,0.228338
0.0,44,0.229357
0.0,12,0.229665
0.0,30,0.230363
0.0,51,0.231478
0.0,40,0.232371
0.0,36,0.233173
1.0,21,0.233669
0.0,14,0.234028
0.0,22,0.23456
0.0,59,0.235849
0.0,9,0.236101
1.0,36,0.2369
0.0,27,0.237513
0.0,41,0.238422
0.0,21,0.238919
0.0,13,0.23925
0.0,58,0.240508
1.0,43,0.241442
1.0,40,0.242338
0.0,12,0.242651
0.0,8,0.242881
0.0,6,0.24306
1.0,47,0.244095
0.0,27,0.244722
1.0,43,0.245658
0.0,21,0.24615
0.0,16,0.246542
0.0,12,0.24685
1.0,22,0.247358
1.0,9,0.247604
0.0,34,0.248374
0.0,27,0.248992
0.0,11,0.249272
0.0,17,0.249673
0.0,6,0.249865
1.0,17,0.250272
1.0,55,0.251464
0.0,14,0.251832
0.0,15,0.252203
0.0,12,0.252509
0.0,50,0.253597
1.0,20,0.254081
0.0,9,0.25433
1.0,39,0.255212
0.0,21,0.255694
0.0,33,0.256452
0.0,73,0.258042
0.0,50,0.259184
0.0,15,0.259554
0.0,30,0.260243
0.0,34,0.261015
0.0,43,0.261966
0.0,77,0.263596
0.0,18,0.264035
0.0,29,0.264699
0.0,38,0.265581
0.0,5,0.265742
0.0,12,0.266071
1.0,15,0.266448
0.0,7,0.266653
0.0,12,0.266964
0.0,9,0.267209
0.0,33,0.267951
0.0,21,0.268448
1.0,14,0.268799
1.0,25,0.269395
0.0,11,0.269678
0.0,8,0.26991
1.0,27,0.270514
0.0,49,0.271597
0.0,14,0.271971
0.0,49,0.273045
0.0,15,0.273422
0.0,43,0.274393
1.0,80,0.2761
1.0,38,0.276948
0.0,6,0.277138
0.0,19,0.277585
0.0,3,0.27771
0.0,17,0.278146
0.0,7,0.278348
0.0,7,0.278545
0.0,38,0.279379
1.0,35,0.280162
1.0,18,0.280587
0.0,14,0.28096
0.0,62,0.282316
0.0,37,0.283152
0.0,5,0.28332
0.0,6,0.283501
0.0,43,0.284476
0.0,11,0.284772
0.0,6,0.284964
1.0,13,0.285299
0.0,19,0.285756
0.0,20,0.286247
0.0,5,0.286416
0.0,10,0.286694
1.0,36,0.287537
0.0,43,0.28847
0.0,9,0.288728
1.0,27,0.289341
0.0,33,0.290209
0.0,43,0.291284
0.0,37,0.292137
1.0,19,0.292591
1.0,6,0.292773
1.0,29,0.293441
0.0,8,0.293669
0.0,49,0.294745
1.0,46,0.295779
0.0,11,0.296088
0.0,4,0.296242
0.0,70,0.297752
1.0,56,0.298986
0.0,26,0.299585
1.0,50,0.300688
1.0,10,0.300978
1.0,41,0.301875
0.0,37,0.302681
0.0,9,0.302937
0.0,16,0.303332
1.0,17,0.303739
0.0,12,0.304055
0.0,19,0.304514
1.0,14,0.304863
0.0,37,0.305694
0.0,46,0.306717
0.0,20,0.307201
0.0,4,0.307354
0.0,10,0.307624
0.0,26,0.308225
0.0,7,0.308434
0.0,33,0.309187
0.0,7,0.309407
0.0,28,0.310042
0.0,8,0.310264
0.0,33,0.311045
0.0,13,0.311385
1.0,26,0.311989
0.0,9,0.312238
1.0,20,0.312705
0.0,22,0.313241
0.0,8,0.313475
0.0,14,0.313826
0.0,68,0.315293
1.0,42,0.316228
1.0,18,0.316665
0.0,37,0.317492
1.0,44,0.31855
0.0,21,0.319064
0.0,69,0.320589
0.0,20,0.32108
1.0,26,0.321688
0.0,26,0.322286
0.0,9,0.322545
0.0,10,0.322812
0.0,61,0.324124
0.0,7,0.324332
0.0,3,0.32445
0.0,66,0.32587
0.0,7,0.326085
0.0,14,0.326433
1.0,51,0.327545
0.0,20,0.328031
0.0,18,0.328458
0.0,13,0.328784
1.0,27,0.32946
0.0,20,0.329942
0.0,18,0.330369
0.0,13,0.330692
0.0,100,0.33277
0.0,5,0.332944
0.0,29,0.333607
0.0,20,0.334093
0.0,72,0.335661
0.0,3,0.335787
1.0,33,0.336528
1.0,12,0.336833
0.0,19,0.337294
1.0,52,0.338493
1.0,41,0.33946
0.0,18,0.339888
0.0,11,0.340166
0.0,17,0.340582
1.0,25,0.341169
0.0,29,0.341815
0.0,10,0.342092
0.0,5,0.342266
0.0,5,0.342438
1.0,25,0.343019
0.0,60,0.344307
0.0,11,0.3446
0.0,47,0.345627
1.0,19,0.346084
1.0,10,0.346346
0.0,10,0.346618
0.0,12,0.346949
1.0,21,0.34744
0.0,3,0.347558
0.0,12,0.347875
0.0,32,0.34861
1.0,96,0.350638
0.0,38,0.351501
0.0,31,0.352203
1.0,32,0.352944
0.0,16,0.353344
1.0,23,0.353896
1.0,58,0.355162
1.0,40,0.356051
0.0,38,0.356898
0.0,19,0.357354
0.0,66,0.358772
1.0,17,0.359207
0.0,16,0.359597
0.0,16,0.36
0.0,27,0.360638
1.0,14,0.360997
0.0,5,0.361159
0.0,12,0.361465
0.0,43,0.362438
0.0,23,0.362981
0.0,16,0.363371
1.0,53,0.364515
0.0,22,0.365037
0.0,63,0.366421
0.0,18,0.366863
0.0,3,0.366984
0.0,5,0.367143
0.0,10,0.367401
1.0,26,0.368
0.0,36,0.3688
0.0,61,0.370152
0.0,5,0.37032
1.0,27,0.370942
0.0,37,0.37176
1.0,7,0.371978
0.0,7,0.372185
0.0,100,0.37436
0.0,39,0.375223
1.0,26,0.375808
0.0,6,0.376001
1.0,19,0.376453
0.0,82,0.378206
0.0,8,0.378433
0.0,7,0.378642
0.0,51,0.379758
0.0,25,0.380363
1.0,20,0.380835
0.0,16,0.381231
0.0,56,0.382455
0.0,34,0.383232
0.0,7,0.383435
0.0,25,0.384028
0.0,44,0.384998
0.0,15,0.385378
1.0,15,0.385756
1.0,36,0.386559
0.0,21,0.387081
0.0,25,0.387666
0.0,73,0.389252
0.0,5,0.389413
0.0,24,0.390003
0.0,17,0.390436
0.0,22,0.390995
1.0,20,0.391503
0.0,13,0.391837
0.0,10,0.392159
0.0,32,0.392875
0.0,15,0.393246
0.0,8,0.39348
0.0,24,0.394041
0.0,22,0.394555
0.0,32,0.395276
0.0,63,0.396645
0.0,31,0.397372
0.0,12,0.397683
0.0,55,0.398876
0.0,37,0.399694
0.0,22,0.400224
0.0,11,0.400515
0.0,36,0.401332
0.0,6,0.401521
0.0,21,0.402026
0.0,18,0.402454
0.0,14,0.402808
1.0,9,0.403069
0.0,14,0.403418
0.0,16,0.403811
1.0,22,0.404386
0.0,29,0.405083
0.0,30,0.405779
1.0,16,0.40617
1.0,17,0.406588
1.0,68,0.408067
0.0,58,0.409336
0.0,8,0.409559
0.0,7,0.40976
0.0,5,0.409932
0.0,28,0.410578
0.0,100,0.412782
0.0,13,0.413126
0.0,23,0.413657
0.0,16,0.414061
1.0,16,0.414446
0.0,79,0.416148
0.0,44,0.417121
0.0,3,0.417242
1.0,18,0.417668
1.0,24,0.418315
0.0,12,0.418624
0.0,42,0.419557
1.0,10,0.419829
0.0,10,0.420109
0.0,3,0.420236
0.0,25,0.420815
0.0,18,0.42129
0.0,6,0.421468
1.0,25,0.422044
0.0,27,0.422664
1.0,17,0.423077
0.0,5,0.423241
0.0,13,0.423576
0.0,17,0.424006
0.0,5,0.424175
1.0,12,0.424497
1.0,28,0.425136
0.0,10,0.425407
0.0,48,0.426469
0.0,50,0.427585
0.0,5,0.427754
0.0,27,0.428394
0.0,9,0.428647
0.0,21,0.429157
0.0,28,0.429791
0.0,45,0.430838
0.0,66,0.432262
0.0,8,0.432487
0.0,28,0.433136
0.0,10,0.433406
0.0,11,0.433701
0.0,27,0.43434
0.0,76,0.436011
0.0,3,0.436132
0.0,4,0.436282
0.0,32,0.437012
0.0,8,0.437239
0.0,10,0.437501
1.0,16,0.437895
0.0,3,0.438022
0.0,19,0.438463
1.0,31,0.439163
0.0,42,0.440096
0.0,4,0.440238
0.0,53,0.441407
0.0,5,0.441579
0.0,18,0.442023
1.0,24,0.442565
0.0,37,0.443406
0.0,20,0.443894
1.0,32,0.444623
1.0,17,0.445045
0.0,4,0.445194
0.0,4,0.445334
1.0,44,0.446313
0.0,60,0.447621
0.0,6,0.447803
0.0,18,0.448296
0.0,54,0.449485
1.0,33,0.450237
0.0,10,0.450505
0.0,46,0.45151
1.0,18,0.451941
0.0,11,0.452232
0.0,16,0.452618
0.0,21,0.453133
0.0,31,0.453833
1.0,25,0.454418
0.0,6,0.454603
1.0,82,0.456455
1.0,30,0.457119
0.0,6,0.457309
1.0,21,0.457794
0.0,27,0.45841
1.0,26,0.459019
1.0,27,0.459631
1.0,23,0.460179
0.0,5,0.460338
0.0,12,0.460655
0.0,18,0.461145
0.0,5,0.461321
1.0,27,0.46195
0.0,33,0.462714
0.0,55,0.463916
0.0,17,0.464332
0.0,3,0.46446
0.0,22,0.464989
0.0,28,0.465622
0.0,42,0.466578
0.0,3,0.466712
0.0,6,0.46692
1.0,15,0.467307
0.0,73,0.468851
0.0,23,0.469382
1.0,15,0.469739
1.0,18,0.470175
0.0,6,0.470361
1.0,16,0.470739
1.0,27,0.471367
0.0,7,0.471575
1.0,16,0.471968
0.0,70,0.473462
0.0,27,0.474111
0.0,20,0.474594
1.0,24,0.475161
1.0,12,0.475477
0.0,7,0.475675
0.0,6,0.475868
0.0,11,0.476156
0.0,4,0.476304
0.0,17,0.476717
0.0,18,0.477228
1.0,23,0.477812
0.0,57,0.479105
0.0,15,0.479484
0.0,4,0.479624
0.0,11,0.479944
0.0,44,0.480935
0.0,59,0.482213
0.0,24,0.482747
0.0,3,0.482873
0.0,16,0.483266
1.0,41,0.484189
1.0,17,0.484608
0.0,7,0.484813
0.0,15,0.485188
1.0,11,0.485476
0.0,3,0.4856
1.0,27,0.486229
0.0,4,0.486376
1.0,34,0.487149
1.0,16,0.487538
0.0,38,0.488394
0.0,8,0.488615
0.0,8,0.488846
1.0,15,0.489227
0.0,6,0.489417
0.0,71,0.491054
1.0,27,0.49169
0.0,20,0.492179
0.0,8,0.492407
1.0,12,0.492714
1.0,7,0.492933
1.0,18,0.493356
0.0,38,0.49421
1.0,23,0.494761
1.0,30,0.495443
0.0,14,0.495804
0.0,24,0.496363
1.0,30,0.497054
0.0,5,0.497223
0.0,10,0.497488
0.0,46,0.498553
1.0,20,0.499093
0.0,30,0.499804
0.0,36,0.500671
0.0,6,0.500869
0.0,38,0.501729
0.0,14,0.502084
0.0,3,0.502205
0.0,9,0.502455
0.0,6,0.502636
0.0,36,0.503461
1.0,24,0.504025
0.0,18,0.504465
0.0,25,0.505048
0.0,26,0.505656
1.0,65,0.507084
0.0,11,0.507378
0.0,5,0.507545
0.0,11,0.507833
0.0,16,0.508225
0.0,9,0.508472
1.0,27,0.509108
0.0,14,0.509454
0.0,3,0.509577
0.0,33,0.510323
0.0,12,0.510635
0.0,11,0.510929
0.0,38,0.51176
0.0,50,0.512876
1.0,9,0.51312
0.0,4,0.513258
0.0,57,0.514491
0.0,7,0.514704
0.0,19,0.515159
0.0,5,0.515328
0.0,15,0.515707
0.0,26,0.51632
0.0,12,0.516624
0.0,72,0.518202
0.0,25,0.518851
0.0,38,0.519727
1.0,26,0.520376
0.0,6,0.520559
1.0,26,0.521236
0.0,14,0.521593
1.0,28,0.522288
0.0,23,0.522822
0.0,26,0.523419
0.0,4,0.523566
1.0,19,0.524018
1.0,29,0.524681
1.0,17,0.525107
0.0,21,0.525616
0.0,9,0.525863
1.0,13,0.526195
0.0,13,0.526533
0.0,21,0.527055
0.0,31,0.527746
0.0,59,0.529055
1.0,8,0.529313
1.0,10,0.529585
0.0,26,0.530223
0.0,28,0.530882
0.0,18,0.53136
0.0,3,0.531488
1.0,45,0.532467
1.0,20,0.53295
0.0,41,0.533847
0.0,14,0.534205
0.0,5,0.534365
1.0,19,0.534815
0.0,30,0.535488
1.0,21,0.535986
0.0,12,0.536304
1.0,50,0.537397
0.0,6,0.537584
1.0,31,0.538282
0.0,12,0.538598
1.0,11,0.538888
1.0,35,0.539665
1.0,7,0.539903
0.0,6,0.5401
0.0,42,0.541037
1.0,10,0.541306
0.0,14,0.541678
0.0,10,0.541975
0.0,35,0.542768
1.0,22,0.543288
0.0,7,0.543495
0.0,26,0.544093
0.0,7,0.544308
0.0,6,0.544499
0.0,5,0.544662
0.0,22,0.545198
0.0,10,0.545461
0.0,18,0.545896
0.0,54,0.547077
0.0,15,0.547455
1.0,18,0.547903
1.0,15,0.548333
1.0,37,0.549217
0.0,37,0.550039
0.0,25,0.550628
0.0,12,0.550945
0.0,6,0.551126
0.0,4,0.55127
0.0,22,0.551786
0.0,8,0.552027
0.0,3,0.552154
0.0,40,0.553059
0.0,5,0.55322
0.0,11,0.553508
0.0,53,0.554658
0.0,5,0.554817
0.0,20,0.555285
0.0,3,0.555405
0.0,4,0.55555
0.0,13,0.555878
0.0,8,0.556108
0.0,19,0.556574
1.0,21,0.557085
1.0,22,0.557595
1.0,33,0.558347
1.0,34,0.559118
0.0,56,0.56035
1.0,36,0.561162
1.0,27,0.561764
0.0,3,0.5619
1.0,12,0.562212
1.0,59,0.563502
0.0,13,0.563838
1.0,55,0.565059
1.0,61,0.566363
1.0,25,0.566946
0.0,4,0.567091
0.0,77,0.568727
1.0,20,0.569216
0.0,6,0.569419
0.0,14,0.569789
0.0,8,0.570062
0.0,75,0.571688
0.0,24,0.572268
0.0,38,0.573139
1.0,18,0.573576
0.0,49,0.574642
1.0,31,0.575355
0.0,5,0.575521
0.0,27,0.57614
0.0,7,0.576342
0.0,14,0.576678
0.0,8,0.576906
0.0,5,0.577068
1.0,17,0.577466
0.0,3,0.577582
0.0,29,0.578252
0.0,35,0.579036
0.0,3,0.579156
0.0,36,0.579969
0.0,6,0.580158
1.0,50,0.581227
0.0,100,0.583354
0.0,56,0.584574
0.0,19,0.585027
0.0,15,0.585393
0.0,41,0.586312
0.0,7,0.586521
0.0,7,0.586732
0.0,15,0.587118
0.0,13,0.58744
0.0,34,0.588217
0.0,55,0.589405
0.0,14,0.589741
1.0,32,0.590495
0.0,12,0.590803
0.0,18,0.59125
0.0,7,0.591463
0.0,17,0.591884
0.0,10,0.592151
1.0,12,0.592471
1.0,19,0.59294
1.0,41,0.593846
0.0,15,0.594227
1.0,7,0.594434
1.0,18,0.594875
0.0,13,0.595215
1.0,19,0.595666
0.0,10,0.595938
0.0,4,0.596079
0.0,48,0.597169
0.0,29,0.597821
0.0,10,0.598098
1.0,53,0.599274
0.0,7,0.599475
0.0,3,0.599598
0.0,13,0.599934
0.0,5,0.600104
0.0,24,0.600672
0.0,24,0.601238
0.0,15,0.601604
0.0,100,0.603715
0.0,29,0.604435
0.0,5,0.604603
0.0,20,0.605093
0.0,7,0.605294
0.0,15,0.605659
0.0,4,0.605803
1.0,19,0.606263
0.0,7,0.606471
0.0,5,0.606628
1.0,39,0.6075
1.0,15,0.607885
0.0,14,0.608234
0.0,41,0.609125
0.0,3,0.609251
0.0,14,0.60959
0.0,6,0.609776
0.0,9,0.610036
1.0,17,0.610451
0.0,52,0.61158
0.0,7,0.611788
0.0,46,0.612778
0.0,5,0.612952
1.0,51,0.614058
1.0,32,0.614774
1.0,72,0.6163
0.0,24,0.616838
1.0,25,0.617416
0.0,3,0.617542
0.0,7,0.61774
0.0,27,0.618372
0.0,20,0.618951
1.0,11,0.619243
0.0,31,0.619963
0.0,18,0.620398
0.0,13,0.620726
0.0,7,0.62094
1.0,48,0.621996
1.0,40,0.6229
0.0,6,0.623082
1.0,10,0.623344
0.0,34,0.624119
1.0,40,0.625068
1.0,26,0.625682
0.0,6,0.62588
1.0,18,0.626326
0.0,36,0.627143
1.0,46,0.628163
0.0,37,0.629025
0.0,34,0.629797
0.0,14,0.630164
0.0,3,0.630286
1.0,27,0.630922
0.0,14,0.631273
1.0,84,0.633065
1.0,19,0.63351
0.0,13,0.63384
1.0,41,0.634749
0.0,13,0.63508
0.0,9,0.63532
0.0,17,0.635728
0.0,87,0.637589
0.0,16,0.637995
0.0,28,0.638641
0.0,4,0.638785
0.0,10,0.639055
0.0,21,0.639543
0.0,21,0.640036
0.0,24,0.640593
1.0,36,0.641416
0.0,4,0.641559
0.0,5,0.641718
0.0,3,0.641841
0.0,37,0.642658
0.0,20,0.643157
0.0,33,0.643901
0.0,8,0.644128
1.0,13,0.644456
1.0,12,0.644768
0.0,3,0.644903
0.0,61,0.646218
0.0,12,0.646533
0.0,7,0.646732
0.0,10,0.647005
0.0,13,0.647342
0.0,17,0.647757
0.0,22,0.64829
0.0,7,0.648501
0.0,13,0.648832
0.0,18,0.649267
1.0,12,0.649581
1.0,14,0.649946
0.0,15,0.650317
0.0,6,0.650495
0.0,30,0.651178
0.0,10,0.651445
1.0,15,0.651819
0.0,19,0.652285
0.0,11,0.652575
1.0,10,0.652833
1.0,64,0.654209
0.0,11,0.654497
0.0,13,0.654842
0.0,24,0.655453
1.0,31,0.656197
1.0,17,0.656606
1.0,24,0.657163
0.0,24,0.657723
0.0,19,0.65819
0.0,5,0.658361
0.0,5,0.65853
0.0,11,0.658814
0.0,16,0.659225
0.0,37,0.660047
0.0,5,0.660213
0.0,16,0.660609
1.0,18,0.661051
1.0,23,0.661581
1.0,49,0.662647
0.0,21,0.663144
0.0,37,0.66398
0.0,94,0.665989
0.0,9,0.666242
0.0,57,0.667477
0.0,15,0.667877
0.0,19,0.668347
0.0,4,0.668488
0.0,25,0.669066
0.0,21,0.669568
0.0,14,0.669927
0.0,16,0.670376
1.0,15,0.670749
0.0,47,0.671832
0.0,13,0.672177
1.0,11,0.672458
1.0,24,0.673016
0.0,11,0.673302
1.0,40,0.674181
1.0,53,0.675348
0.0,15,0.675721
1.0,38,0.676573
0.0,18,0.677034
0.0,9,0.677285
0.0,4,0.677435
0.0,5,0.677611
0.0,60,0.678887
0.0,22,0.679438
0.0,6,0.679617
1.0,27,0.680239
0.0,4,0.680379
0.0,8,0.680597
0.0,60,0.681886
0.0,3,0.682013
0.0,12,0.682326
1.0,56,0.683578
0.0,9,0.683825
0.0,3,0.683954
0.0,46,0.684968
0.0,19,0.685427
0.0,4,0.685565
0.0,30,0.686249
1.0,18,0.686684
0.0,17,0.687108
0.0,26,0.687711
0.0,15,0.688097
1.0,30,0.688782
0.0,12,0.689108
1.0,19,0.689574
0.0,9,0.689828
0.0,4,0.689986
0.0,38,0.690821
1.0,16,0.691222
0.0,43,0.692166
1.0,42,0.693106
0.0,17,0.693518
1.0,10,0.693776
0.0,5,0.693954
1.0,67,0.695379
1.0,33,0.696126
0.0,6,0.696307
0.0,42,0.697243
0.0,67,0.698674
0.0,4,0.698814
1.0,29,0.69947
0.0,20,0.69995
0.0,44,0.700927
0.0,8,0.701157
1.0,59,0.702465
0.0,35,0.703276
0.0,69,0.704787
0.0,9,0.705061
1.0,20,0.705537
1.0,8,0.705755
0.0,6,0.70595
0.0,12,0.706254
0.0,86,0.708092
1.0,19,0.708544
0.0,11,0.70883
1.0,16,0.709245
0.0,12,0.709564
0.0,3,0.70969
0.0,12,0.710014
0.0,5,0.710188
0.0,50,0.711284
0.0,31,0.711992
0.0,35,0.71277
0.0,4,0.712929
0.0,3,0.713057
0.0,51,0.714173
0.0,7,0.714376
1.0,36,0.715262
1.0,13,0.715596
0.0,70,0.717106
0.0,20,0.717578
0.0,40,0.718475
1.0,22,0.719063
1.0,30,0.719753
0.0,12,0.720099
0.0,15,0.720483
0.0,6,0.720668
0.0,12,0.720986
0.0,41,0.721911
1.0,9,0.722161
0.0,30,0.722845
0.0,29,0.723515
0.0,17,0.723949
1.0,24,0.724519
1.0,28,0.725234
0.0,3,0.725354
0.0,14,0.725705
0.0,10,0.725986
1.0,13,0.726318
0.0,21,0.726816
1.0,31,0.72752
0.0,6,0.72771
0.0,42,0.728649
0.0,16,0.729056
0.0,10,0.729329
0.0,20,0.729794
1.0,16,0.730195
1.0,22,0.730689
1.0,25,0.731273
0.0,8,0.731505
0.0,27,0.732126
0.0,46,0.733149
1.0,11,0.733441
0.0,9,0.733686
0.0,6,0.73388
0.0,8,0.73411
0.0,36,0.73493
0.0,59,0.736241
0.0,3,0.736362
0.0,26,0.736962
1.0,23,0.737506
1.0,12,0.737822
0.0,3,0.73795
1.0,16,0.738337
0.0,15,0.738706
1.0,48,0.739734
1.0,53,0.74087
0.0,11,0.741158
0.0,13,0.741482
1.0,23,0.742016
0.0,28,0.742672
0.0,19,0.743121
0.0,28,0.743744
1.0,20,0.744222
0.0,35,0.744998
0.0,12,0.745295
0.0,9,0.745546
0.0,3,0.745664
1.0,29,0.746327
0.0,7,0.746532
0.0,44,0.74748
0.0,5,0.74764
0.0,22,0.748158
0.0,11,0.748443
0.0,16,0.748829
0.0,21,0.749364
1.0,43,0.750303
0.0,12,0.750608
0.0,21,0.751109
1.0,27,0.751731
0.0,15,0.752124
0.0,8,0.752346
0.0,6,0.752536
1.0,23,0.753086
0.0,17,0.753498
0.0,14,0.753835
0.0,6,0.75404
1.0,20,0.754503
0.0,8,0.754727
0.0,38,0.75556
0.0,3,0.755689
0.0,13,0.756024
0.0,7,0.756235
1.0,52,0.757359
0.0,23,0.757917
1.0,33,0.758643
0.0,45,0.75962
1.0,17,0.760038
0.0,78,0.76175
0.0,27,0.762377
1.0,20,0.762845
0.0,24,0.76342
0.0,18,0.763861
1.0,11,0.764149
0.0,19,0.764608
0.0,48,0.765664
0.0,5,0.765826
0.0,17,0.766253
1.0,35,0.767066
1.0,12,0.767382
0.0,58,0.768638
0.0,41,0.76956
0.0,44,0.770538
1.0,20,0.771018
0.0,27,0.771656
0.0,5,0.77182
0.0,30,0.772496
0.0,28,0.773136
0.0,15,0.773503
0.0,25,0.774093
1.0,16,0.774482
0.0,3,0.774598
0.0,19,0.775047
0.0,65,0.77651
0.0,38,0.777359
1.0,15,0.777733
0.0,44,0.778689
0.0,4,0.778836
1.0,10,0.779114
0.0,15,0.779472
0.0,16,0.779864
0.0,11,0.780158
0.0,16,0.780559
0.0,14,0.780916
0.0,12,0.78122
0.0,30,0.781911
1.0,22,0.782427
0.0,10,0.782699
1.0,17,0.783138
1.0,21,0.783641
0.0,5,0.783806
0.0,13,0.784146
0.0,4,0.784286
1.0,25,0.784871
0.0,6,0.785053
1.0,29,0.785707
0.0,15,0.786088
0.0,26,0.786678
0.0,19,0.787144
0.0,15,0.78751
0.0,11,0.787799
0.0,38,0.788639
0.0,8,0.788878
0.0,74,0.790474
0.0,4,0.790616
0.0,3,0.79074
0.0,12,0.791095
1.0,71,0.792688
1.0,23,0.793221
0.0,12,0.793529
1.0,56,0.794732
0.0,26,0.795337
0.0,25,0.79593
1.0,50,0.797035
0.0,7,0.797245
0.0,69,0.798727
0.0,14,0.799085
1.0,14,0.799425
1.0,56,0.800635
0.0,35,0.801415
1.0,20,0.801903
0.0,9,0.802153
0.0,10,0.802419
1.0,48,0.803458
1.0,18,0.803894
1.0,34,0.804635
1.0,25,0.805223
1.0,11,0.805503
1.0,18,0.805963
0.0,15,0.806338
0.0,33,0.8071
0.0,16,0.807498
0.0,3,0.807626
0.0,13,0.807967
0.0,4,0.808109
1.0,28,0.808737
1.0,34,0.809498
0.0,34,0.810274
0.0,30,0.810961
0.0,8,0.811196
0.0,47,0.812228
0.0,9,0.812479
1.0,53,0.813618
0.0,14,0.813989
1.0,34,0.814738
1.0,23,0.815272
0.0,8,0.815501
0.0,7,0.8157
0.0,6,0.815896
1.0,20,0.816366
0.0,5,0.816534
1.0,15,0.816944
1.0,18,0.817407
1.0,11,0.817696
0.0,20,0.818187
0.0,14,0.818543
0.0,9,0.818868
0.0,27,0.819508
0.0,55,0.820714
0.0,5,0.820889
0.0,9,0.821129
0.0,8,0.821357
0.0,15,0.821722
1.0,37,0.822562
0.0,38,0.823425
0.0,13,0.823771
0.0,61,0.825107
0.0,4,0.825248
0.0,5,0.825418
0.0,17,0.825843
1.0,17,0.826269
0.0,57,0.827515
0.0,14,0.827875
1.0,99,0.829982
1.0,33,0.83074
0.0,9,0.831006
0.0,3,0.831131
0.0,7,0.831334
0.0,9,0.83157
0.0,3,0.831692
0.0,7,0.831911
1.0,97,0.833967
0.0,21,0.834446
0.0,18,0.834903
0.0,3,0.835024
0.0,40,0.835935
0.0,35,0.83671
1.0,17,0.837141
0.0,10,0.837404
0.0,5,0.837562
0.0,14,0.837915
0.0,31,0.838621
1.0,47,0.839736
0.0,68,0.841231
0.0,3,0.841353
0.0,5,0.841521
0.0,45,0.842549
0.0,15,0.842945
0.0,18,0.843379
0.0,14,0.84373
0.0,11,0.844033
0.0,30,0.844713
0.0,5,0.844891
0.0,34,0.845655
0.0,11,0.845955
0.0,4,0.846097
0.0,21,0.846616
0.0,6,0.846795
0.0,7,0.847001
0.0,25,0.847561
0.0,30,0.848236
0.0,26,0.848843
1.0,17,0.849259
0.0,3,0.849383
1.0,35,0.850157
0.0,8,0.850387
0.0,8,0.850605
1.0,17,0.851023
0.0,28,0.851668
0.0,35,0.852456
0.0,6,0.852637
0.0,28,0.853303
1.0,47,0.854363
0.0,7,0.854564
0.0,34,0.855338
1.0,39,0.856225
0.0,15,0.856601
0.0,7,0.856802
0.0,57,0.858069
1.0,16,0.858477
0.0,3,0.858602
1.0,8,0.858836
1.0,25,0.859432
0.0,9,0.859686
0.0,23,0.860223
1.0,34,0.860999
1.0,11,0.861289
1.0,99,0.863397
0.0,41,0.864311
0.0,13,0.864652
0.0,16,0.865052
0.0,5,0.865219
0.0,4,0.865359
0.0,21,0.86585
0.0,3,0.865987
0.0,5,0.866154
0.0,4,0.866297
0.0,11,0.866586
0.0,14,0.866943
1.0,67,0.868347
0.0,30,0.869016
0.0,22,0.869548
0.0,7,0.869757
1.0,39,0.870629
0.0,48,0.871684
0.0,18,0.872115
1.0,22,0.87262
1.0,22,0.873142
0.0,43,0.874177
0.0,34,0.874948
0.0,18,0.875376
0.0,34,0.876161
1.0,28,0.876791
1.0,28,0.87743
0.0,32,0.878151
0.0,19,0.87861
0.0,66,0.880052
0.0,13,0.880375
0.0,11,0.88066
0.0,9,0.880923
0.0,48,0.88197
0.0,22,0.882475
0.0,19,0.882941
1.0,31,0.883643
1.0,45,0.884655
0.0,11,0.884949
1.0,37,0.885775
0.0,11,0.886079
0.0,3,0.886207
0.0,17,0.886632
0.0,3,0.886751
1.0,11,0.887046
0.0,5,0.887213
0.0,11,0.887496
0.0,13,0.887824
1.0,19,0.888284
1.0,32,0.88901
1.0,24,0.889558
1.0,32,0.890305
0.0,77,0.891992
0.0,41,0.892906
1.0,39,0.893749
0.0,5,0.89392
1.0,48,0.894989
1.0,38,0.895833
0.0,19,0.896297
0.0,33,0.89703
1.0,20,0.897502
0.0,12,0.897818
1.0,29,0.898479
0.0,44,0.899454
0.0,10,0.899715
0.0,12,0.900023
0.0,24,0.900557
0.0,8,0.900774
1.0,19,0.901229
0.0,33,0.901989
1.0,27,0.902611
1.0,51,0.903734
0.0,8,0.903973
0.0,13,0.904308
1.0,31,0.904994
0.0,14,0.905348
0.0,5,0.905518
0.0,4,0.905664
0.0,11,0.905969
0.0,11,0.906252
1.0,55,0.907454
0.0,15,0.907824
0.0,67,0.909267
0.0,25,0.909859
1.0,44,0.91082
0.0,6,0.911011
0.0,35,0.911798
0.0,24,0.912363
0.0,31,0.913086
0.0,17,0.913498
1.0,28,0.914152
0.0,77,0.915825
0.0,30,0.9165
1.0,27,0.917135
0.0,15,0.917524
0.0,8,0.917747
0.0,26,0.918341
1.0,21,0.918836
0.0,27,0.919519
0.0,21,0.920025
0.0,7,0.920242
0.0,46,0.921256
0.0,10,0.921531
0.0,17,0.921941
0.0,9,0.922187
0.0,4,0.922337
0.0,7,0.922544
0.0,39,0.923395
1.0,41,0.924309
0.0,7,0.924517
1.0,42,0.925437
0.0,70,0.926936
0.0,9,0.92718
1.0,13,0.927513
0.0,6,0.927699
0.0,11,0.928
0.0,4,0.92815
0.0,22,0.928664
0.0,21,0.929164
0.0,86,0.931044
0.0,4,0.931185
0.0,9,0.931427
0.0,59,0.932696
0.0,13,0.933041
0.0,20,0.933521
0.0,21,0.934032
0.0,51,0.935151
0.0,35,0.935947
1.0,12,0.93626
0.0,17,0.936663
0.0,11,0.936965
0.0,18,0.937397
0.0,38,0.938246
0.0,6,0.938432
0.0,28,0.939089
0.0,63,0.940459
0.0,5,0.940622
1.0,14,0.940978
0.0,5,0.94115
0.0,28,0.941763
0.0,30,0.942444
0.0,43,0.943397
0.0,59,0.944661
0.0,26,0.945274
0.0,12,0.945575
0.0,23,0.946118
0.0,94,0.948147
0.0,43,0.949121
1.0,12,0.949447
0.0,6,0.949633
0.0,27,0.95027
0.0,10,0.950538
0.0,19,0.951007
0.0,17,0.951427
0.0,5,0.951587
0.0,57,0.952805
0.0,18,0.953276
0.0,10,0.953542
0.0,4,0.953679
0.0,8,0.953913
1.0,36,0.954736
0.0,13,0.955065
1.0,16,0.955449
0.0,20,0.955929
0.0,33,0.956661
1.0,9,0.956924
0.0,4,0.957075
1.0,36,0.95791
0.0,54,0.959087
0.0,20,0.959566
1.0,18,0.960011
0.0,31,0.960706
0.0,4,0.960844
0.0,13,0.961187
0.0,26,0.961779
0.0,6,0.961975
0.0,12,0.962277
1.0,39,0.963163
0.0,5,0.96333
0.0,13,0.963655
0.0,5,0.963811
1.0,14,0.964176
0.0,34,0.964936
0.0,3,0.965057
0.0,6,0.965236
0.0,7,0.965439
0.0,3,0.965563
0.0,6,0.965751
0.0,7,0.965968
1.0,24,0.966517
1.0,16,0.966942
0.0,13,0.967296
1.0,18,0.967729
0.0,3,0.967851
1.0,42,0.968815
0.0,27,0.969426
1.0,27,0.970045
1.0,27,0.970665
0.0,22,0.971184
0.0,3,0.971304
0.0,32,0.972015
0.0,100,0.974167
0.0,10,0.974443
0.0,7,0.974641
0.0,6,0.974816
0.0,6,0.975009
0.0,32,0.975719
0.0,24,0.97627
1.0,20,0.976724
0.0,3,0.976846
0.0,45,0.977834
0.0,51,0.978964
0.0,6,0.979148
0.0,4,0.979294
1.0,27,0.979918
0.0,7,0.980127
0.0,19,0.980567
0.0,72,0.982075
0.0,15,0.982456
1.0,12,0.982773
0.0,45,0.983748
0.0,19,0.984224
0.0,24,0.984776
1.0,16,0.985171
1.0,16,0.985549
1.0,16,0.985944
0.0,7,0.986145
0.0,12,0.986455
1.0,26,0.987072
1.0,22,0.987586
0.0,43,0.988527
0.0,30,0.989209
0.0,47,0.990229
0.0,18,0.990654
0.0,15,0.991027
0.0,3,0.991147
0.0,13,0.991462
1.0,62,0.992781
0.0,26,0.993394
0.0,54,0.994562
0.0,19,0.99502
0.0,21,0.995502
0.0,6,0.99569
0.0,29,0.996353
0.0,17,0.996756
0.0,80,0.998454
0.0,8,0.998716
1.0,33,0.999526
1.0,7,0.999725
1.0,32,1.00049
1.0,17,1.00091
0.0,11,1.001194
0.0,10,1.001466
1.0,17,1.001872
0.0,62,1.003203
0.0,27,1.00381
0.0,20,1.00429
0.0,46,1.00531
0.0,3,1.005435
0.0,65,1.006792
0.0,6,1.006995
0.0,13,1.00732
0.0,9,1.007557
1.0,30,1.008242
1.0,23,1.008783
0.0,74,1.010359
1.0,16,1.010748
0.0,31,1.011434
0.0,11,1.011724
1.0,29,1.012396
0.0,45,1.013393
0.0,6,1.013575
1.0,43,1.014519
1.0,9,1.01476
1.0,50,1.015844
1.0,70,1.017314
0.0,14,1.017666
0.0,21,1.018181
0.0,31,1.018887
0.0,37,1.019771
1.0,50,1.020849
0.0,7,1.021072
0.0,4,1.021218
0.0,100,1.023356
0.0,10,1.02363
0.0,8,1.023865
0.0,7,1.024077
0.0,47,1.025119
1.0,18,1.025554
0.0,35,1.026359
0.0,29,1.027021
0.0,48,1.02809
0.0,35,1.028899
1.0,45,1.029982
1.0,14,1.030397
0.0,35,1.031199
0.0,4,1.031349
0.0,9,1.0316
1.0,24,1.032157
1.0,17,1.032557
0.0,37,1.0334
1.0,71,1.034923
0.0,33,1.035668
1.0,34,1.03642
0.0,12,1.036725
0.0,3,1.036843
1.0,40,1.037749
1.0,7,1.037971
1.0,39,1.03882
0.0,94,1.040827
0.0,32,1.041551
0.0,6,1.041729
0.0,21,1.042235
0.0,7,1.042454
0.0,32,1.043201
0.0,59,1.044471
1.0,18,1.044919
1.0,15,1.045278
0.0,12,1.045581
1.0,8,1.045799
0.0,7,1.046013
0.0,14,1.046366
0.0,15,1.046745
1.0,27,1.047361
0.0,37,1.048206
1.0,11,1.048491
0.0,65,1.049996
0.0,38,1.050827
0.0,31,1.051518
1.0,39,1.052373
0.0,60,1.05367
0.0,27,1.054289
0.0,80,1.05602
0.0,8,1.056243
0.0,3,1.056363
0.0,7,1.056563
0.0,5,1.05673
0.0,16,1.057146
1.0,10,1.057418
0.0,7,1.057627
0.0,4,1.057771
0.0,10,1.058052
0.0,5,1.058218
0.0,18,1.058643
0.0,33,1.05938
0.0,24,1.059957
0.0,7,1.060165
1.0,67,1.061593
1.0,22,1.062118
1.0,20,1.062591
0.0,30,1.063272
0.0,7,1.063491
0.0,37,1.064323
1.0,13,1.064659
0.0,24,1.065217
1.0,21,1.065719
0.0,43,1.066675
0.0,46,1.067685
1.0,23,1.06822
1.0,27,1.068821
0.0,22,1.069333
0.0,22,1.06986
0.0,3,1.069989
0.0,11,1.070287
0.0,22,1.070806
0.0,28,1.071442
0.0,31,1.072137
1.0,14,1.072495
1.0,46,1.073513
1.0,45,1.074517
0.0,21,1.075029
0.0,30,1.075718
0.0,7,1.075935
1.0,39,1.076779
1.0,18,1.077223
0.0,17,1.077634
0.0,17,1.078051
0.0,21,1.078535
0.0,59,1.079796
0.0,6,1.079988
0.0,67,1.081435
0.0,8,1.08166
0.0,26,1.082252
1.0,15,1.082631
0.0,7,1.082843
0.0,17,1.083266
0.0,49,1.084344
0.0,7,1.084547
0.0,6,1.084725
0.0,26,1.085328
0.0,6,1.085507
0.0,43,1.086443
1.0,9,1.086694
1.0,33,1.087421
0.0,8,1.087651
0.0,15,1.088024
0.0,23,1.088557
1.0,10,1.088815
1.0,89,1.090677
0.0,27,1.091354
0.0,23,1.091907
0.0,22,1.092423
0.0,11,1.092707
0.0,31,1.093408
1.0,32,1.094122
0.0,7,1.094322
0.0,8,1.09454
0.0,23,1.095084
0.0,40,1.095966
0.0,12,1.096265
0.0,63,1.09762
0.0,37,1.098442
1.0,47,1.099477
0.0,25,1.100069
1.0,63,1.101423
1.0,19,1.101865
0.0,6,1.102044
1.0,41,1.102949
0.0,42,1.103844
0.0,27,1.104454
0.0,13,1.104771
1.0,8,1.104998
0.0,10,1.105267
1.0,24,1.105849
1.0,18,1.106299
1.0,32,1.107045
0.0,13,1.107394
0.0,18,1.10782
1.0,21,1.108315
1.0,39,1.109174
0.0,14,1.109525
0.0,100,1.111731
0.0,14,1.112096
0.0,10,1.11237
0.0,17,1.11278
1.0,23,1.113333
0.0,7,1.113536
0.0,22,1.114064
0.0,23,1.114595
0.0,15,1.114972
0.0,9,1.115225
1.0,27,1.115831
0.0,29,1.116478
0.0,11,1.11677
0.0,13,1.117118
0.0,9,1.11737
0.0,17,1.117778
1.0,19,1.118238
0.0,42,1.119165
1.0,39,1.120005
0.0,3,1.120121
0.0,5,1.120277
0.0,7,1.120486
1.0,25,1.121067
0.0,41,1.121983
0.0,6,1.122165
0.0,22,1.122694
0.0,59,1.124061
0.0,22,1.124586
0.0,5,1.124753
1.0,23,1.125392
0.0,10,1.125669
0.0,26,1.126341
0.0,21,1.12683
0.0,17,1.127272
0.0,23,1.1278
0.0,100,1.12994
0.0,9,1.130229
0.0,30,1.130913
0.0,14,1.131271
0.0,12,1.131588
1.0,28,1.13222
0.0,15,1.132593
0.0,61,1.13391
0.0,33,1.134628
0.0,7,1.134837
1.0,11,1.135136
0.0,11,1.13542
0.0,20,1.135885
0.0,21,1.136368
0.0,22,1.136897
0.0,16,1.137279
0.0,3,1.137399
1.0,7,1.137598
0.0,6,1.137782
0.0,10,1.138058
0.0,11,1.138338
0.0,8,1.138562
1.0,30,1.139248
0.0,36,1.140054
0.0,6,1.140236
0.0,55,1.141418
1.0,22,1.141952
0.0,10,1.142213
1.0,7,1.142416
0.0,14,1.142756
0.0,7,1.142975
1.0,43,1.143916
0.0,17,1.144326
1.0,27,1.14496
0.0,23,1.145494
0.0,34,1.146264
0.0,11,1.14655
0.0,38,1.14738
0.0,36,1.148177
0.0,98,1.150221
0.0,16,1.150618
0.0,22,1.151146
0.0,18,1.151573
0.0,36,1.152373
0.0,6,1.152565
0.0,3,1.152684
0.0,5,1.152838
0.0,9,1.153089
1.0,36,1.153893
0.0,32,1.154597
1.0,65,1.156031
1.0,38,1.1569
0.0,26,1.1575
0.0,43,1.158446
1.0,24,1.159008
1.0,15,1.159373
0.0,33,1.160127
0.0,5,1.16029
0.0,11,1.160575
1.0,31,1.161273
1.0,15,1.161637
1.0,14,1.162002
1.0,13,1.162325
1.0,16,1.162711
1.0,31,1.163432
0.0,28,1.164077
0.0,10,1.164336
0.0,8,1.164558
1.0,23,1.165101
0.0,19,1.165554
1.0,20,1.166035
1.0,12,1.166343
1.0,13,1.166657
0.0,16,1.167043
0.0,16,1.167435
0.0,30,1.168131
1.0,51,1.169224
1.0,43,1.170151
0.0,9,1.170395
0.0,9,1.17065
0.0,5,1.170809
1.0,19,1.171369
0.0,17,1.17178
1.0,18,1.172215
0.0,4,1.172359
1.0,17,1.172763
0.0,7,1.17298
1.0,44,1.173946
0.0,33,1.174664
0.0,13,1.175014
0.0,12,1.175323
0.0,9,1.175576
0.0,13,1.175913
0.0,14,1.176258
1.0,17,1.176673
1.0,37,1.177495
0.0,32,1.178223
0.0,49,1.179295
1.0,28,1.179936
0.0,41,1.180824
0.0,34,1.18159
0.0,8,1.181818
0.0,26,1.18243
0.0,6,1.182619
1.0,15,1.182992
1.0,45,1.183993
0.0,29,1.184649
0.0,27,1.185289
0.0,12,1.185589
0.0,36,1.18642
0.0,28,1.187069
0.0,9,1.187312
0.0,10,1.187577
1.0,43,1.188503
1.0,52,1.189636
0.0,25,1.190218
0.0,44,1.191203
1.0,22,1.191709
1.0,48,1.192776
0.0,29,1.193469
0.0,59,1.194753
0.0,3,1.194883
1.0,40,1.195762
0.0,5,1.195939
1.0,17,1.196364
0.0,12,1.196667
0.0,12,1.196993
0.0,64,1.198377
0.0,7,1.198592
0.0,20,1.199077
0.0,3,1.199196
1.0,73,1.20077
0.0,3,1.200901
1.0,66,1.2023
0.0,27,1.202921
1.0,28,1.20355
0.0,4,1.203687
1.0,9,1.20394
0.0,5,1.204099
0.0,32,1.204838
0.0,22,1.205361
0.0,4,1.205498
0.0,4,1.205635
0.0,28,1.206267
0.0,28,1.206914
0.0,3,1.207042
0.0,3,1.207167
0.0,27,1.207771
0.0,49,1.208839
0.0,31,1.209539
1.0,22,1.210055
0.0,100,1.21216
0.0,4,1.212307
0.0,7,1.212506
0.0,34,1.213276
0.0,8,1.213495
0.0,8,1.213719
0.0,10,1.214
0.0,70,1.21552
1.0,29,1.216218
1.0,30,1.216888
1.0,25,1.217452
0.0,6,1.217638
0.0,49,1.218699
0.0,20,1.219196
0.0,8,1.219416
1.0,23,1.219953
0.0,31,1.220654
0.0,15,1.221072
1.0,52,1.22223
0.0,3,1.22235
0.0,6,1.22253
0.0,5,1.222686
0.0,8,1.222931
1.0,18,1.223426
0.0,21,1.223938
0.0,19,1.224391
0.0,8,1.224632
0.0,47,1.225748
0.0,45,1.226757
0.0,43,1.227695
0.0,74,1.229257
1.0,28,1.229896
1.0,72,1.231404
0.0,16,1.231795
0.0,3,1.231925
0.0,18,1.232359
0.0,16,1.23275
0.0,13,1.233087
1.0,17,1.233492
0.0,49,1.234555
0.0,21,1.235075
0.0,40,1.235956
1.0,36,1.236752
0.0,12,1.237075
0.0,3,1.237205
0.0,4,1.237344
0.0,3,1.23746
0.0,20,1.237933
1.0,24,1.238486
0.0,3,1.238602
0.0,4,1.23874
0.0,15,1.239116
1.0,11,1.239408
0.0,28,1.240072
0.0,53,1.241237
1.0,28,1.241887
1.0,12,1.242199
0.0,32,1.242913
0.0,7,1.243126
0.0,4,1.243271
0.0,29,1.243941
0.0,51,1.245043
0.0,11,1.245337
0.0,27,1.245979
0.0,3,1.246108
0.0,17,1.24652
0.0,34,1.247298
0.0,18,1.24772
0.0,23,1.248248
0.0,54,1.249416
0.0,33,1.250257
0.0,22,1.25077
0.0,26,1.251355
0.0,23,1.251899
0.0,3,1.252019
0.0,15,1.252401
0.0,11,1.252685
0.0,3,1.252809
0.0,62,1.254169
0.0,17,1.254576
0.0,12,1.254895
1.0,6,1.255081
0.0,10,1.255343
0.0,68,1.256772
0.0,19,1.257231
0.0,34,1.258006
1.0,46,1.259017
0.0,14,1.259356
0.0,17,1.259767
0.0,10,1.260042
0.0,49,1.261105
0.0,14,1.261468
0.0,8,1.261693
0.0,54,1.26285
0.0,17,1.263273
1.0,33,1.264025
1.0,7,1.264225
0.0,10,1.264488
0.0,30,1.265182
0.0,35,1.265975
0.0,3,1.266094
0.0,3,1.26621
0.0,6,1.266399
0.0,20,1.266878
0.0,3,1.266998
1.0,25,1.267568
0.0,16,1.267965
1.0,56,1.269165
0.0,82,1.270895
0.0,3,1.271023
0.0,27,1.271632
0.0,5,1.271802
0.0,67,1.273257
0.0,31,1.274005
0.0,38,1.274835
0.0,18,1.275259
0.0,4,1.275394
0.0,40,1.276273
1.0,18,1.276699
0.0,4,1.276835
0.0,4,1.27699
1.0,13,1.277309
1.0,65,1.2787
1.0,48,1.279743
0.0,36,1.280561
0.0,22,1.281086
0.0,18,1.281555
0.0,21,1.282058
0.0,26,1.282637
0.0,18,1.283088
0.0,5,1.283256
0.0,11,1.283542
0.0,19,1.284011
0.0,7,1.284215
1.0,19,1.28466
0.0,35,1.285454
0.0,8,1.285688
0.0,11,1.285988
1.0,24,1.286542
0.0,7,1.286739
0.0,13,1.287079
0.0,93,1.289083
0.0,15,1.28946
0.0,34,1.290217
0.0,6,1.290404
0.0,37,1.291251
0.0,15,1.291631
1.0,28,1.292318
1.0,22,1.292813
1.0,15,1.293186
0.0,3,1.293305
0.0,10,1.293567
0.0,61,1.294894
0.0,7,1.295102
0.0,57,1.296355
0.0,17,1.296759
0.0,27,1.297384
0.0,29,1.298038
1.0,55,1.299219
0.0,29,1.299886
0.0,8,1.300112
0.0,57,1.301331
0.0,38,1.302176
0.0,27,1.302792
1.0,12,1.303118
0.0,23,1.303657
0.0,45,1.304649
0.0,17,1.305071
0.0,68,1.306539
0.0,26,1.307145
0.0,5,1.307317
1.0,77,1.308977
1.0,15,1.309338
1.0,20,1.309807
0.0,4,1.309956
1.0,22,1.310472
0.0,7,1.310673
0.0,12,1.310991
0.0,28,1.311641
0.0,7,1.311841
0.0,33,1.312589
1.0,28,1.313241
0.0,45,1.314221
0.0,10,1.314487
1.0,16,1.314876
1.0,25,1.315439
1.0,18,1.31585
1.0,38,1.316682
1.0,30,1.317351
1.0,13,1.317686
1.0,28,1.318316
1.0,28,1.318969
1.0,32,1.319684
0.0,24,1.320248
0.0,35,1.321039
0.0,16,1.321424
0.0,5,1.321594
0.0,3,1.32172
1.0,10,1.322002
1.0,26,1.322581
1.0,16,1.322976
1.0,38,1.323898
0.0,15,1.324258
1.0,28,1.324907
1.0,23,1.32544
1.0,36,1.326231
0.0,45,1.327224
0.0,4,1.327373
1.0,27,1.328007
0.0,5,1.328167
0.0,20,1.32863
0.0,3,1.328749
0.0,11,1.329051
1.0,12,1.329364
1.0,23,1.3299
0.0,13,1.330231
0.0,9,1.33049
0.0,20,1.330972
1.0,47,1.331994
1.0,31,1.332686
1.0,24,1.333259
0.0,33,1.334006
1.0,37,1.334812
0.0,41,1.335708
0.0,11,1.336006
1.0,22,1.336505
1.0,17,1.336929
0.0,98,1.339012
0.0,4,1.339154
0.0,7,1.339392
0.0,16,1.339788
0.0,21,1.340338
0.0,18,1.340766
0.0,16,1.341163
0.0,23,1.341704
0.0,38,1.342553
0.0,7,1.342755
0.0,4,1.342907
0.0,4,1.343046
0.0,4,1.34319
0.0,12,1.343506
0.0,38,1.34436
1.0,13,1.344699
0.0,50,1.34579
0.0,5,1.345964
0.0,27,1.346581
0.0,4,1.34672
1.0,39,1.347578
1.0,52,1.34867
0.0,4,1.348815
1.0,12,1.349142
0.0,14,1.349487
0.0,22,1.350005
0.0,46,1.351002
0.0,5,1.351162
1.0,6,1.351345
0.0,12,1.351643
0.0,13,1.351984
0.0,100,1.354102
0.0,8,1.354329
0.0,30,1.35501
0.0,8,1.355237
0.0,17,1.355655
1.0,17,1.356081
0.0,9,1.35632
1.0,25,1.35688
1.0,32,1.357572
0.0,38,1.358423
1.0,23,1.35897
0.0,5,1.359137
0.0,4,1.359275
1.0,7,1.359478
0.0,6,1.359663
0.0,5,1.35982
1.0,24,1.360358
1.0,26,1.360949
1.0,10,1.36122
0.0,11,1.361512
1.0,28,1.362156
0.0,22,1.362683
0.0,15,1.36306
0.0,25,1.363624
1.0,16,1.364024
0.0,60,1.365294
1.0,8,1.365523
1.0,32,1.366252
0.0,19,1.366713
0.0,5,1.366889
0.0,6,1.36707
0.0,23,1.367615
1.0,13,1.367949
0.0,5,1.368106
0.0,27,1.368726
0.0,3,1.36885
0.0,8,1.369085
0.0,28,1.369706
0.0,11,1.370002
0.0,28,1.370637
0.0,21,1.371129
0.0,13,1.371466
1.0,37,1.372288
0.0,23,1.372833
0.0,22,1.373352
0.0,13,1.37368
0.0,3,1.373797
0.0,43,1.374785
0.0,5,1.374982
0.0,3,1.375119
0.0,5,1.375295
0.0,28,1.375935
0.0,19,1.376388
0.0,5,1.376544
1.0,17,1.376982
0.0,25,1.377552
1.0,11,1.377836
0.0,26,1.378421
1.0,10,1.378686
1.0,15,1.379075
0.0,18,1.379506
0.0,9,1.37975
1.0,31,1.380457
1.0,18,1.38089
1.0,33,1.381637
0.0,29,1.382297
0.0,3,1.382426
0.0,8,1.382653
0.0,24,1.383197
0.0,50,1.384334
0.0,38,1.385193
1.0,32,1.385928
0.0,35,1.38669
0.0,8,1.386925
0.0,13,1.387248
0.0,15,1.387614
0.0,17,1.388047
0.0,14,1.388386
0.0,3,1.388501
1.0,34,1.389252
0.0,14,1.38959
0.0,24,1.390147
0.0,17,1.390581
0.0,7,1.390786
0.0,6,1.390976
0.0,5,1.391176
1.0,12,1.391482
0.0,23,1.392022
0.0,3,1.392152
1.0,31,1.392864
1.0,58,1.394118
0.0,8,1.394351
0.0,17,1.394758
0.0,20,1.395245
0.0,32,1.395967
0.0,9,1.396207
0.0,5,1.39637
0.0,14,1.39671
0.0,4,1.396851
0.0,36,1.397641
0.0,7,1.397851
1.0,10,1.398144
0.0,44,1.399106
0.0,17,1.39951
0.0,15,1.399902
1.0,55,1.401072
1.0,24,1.40162
0.0,47,1.402642
0.0,26,1.403252
1.0,23,1.403764
1.0,23,1.404322
1.0,20,1.404797
0.0,19,1.405257
0.0,20,1.405741
0.0,10,1.406041
0.0,12,1.406361
1.0,16,1.406745
0.0,8,1.406988
0.0,60,1.408282
0.0,27,1.408909
0.0,37,1.409717
1.0,15,1.410099
0.0,22,1.410605
0.0,8,1.410831
0.0,23,1.411371
0.0,8,1.411601
0.0,6,1.411793
0.0,11,1.412092
0.0,5,1.412261
0.0,29,1.412944
1.0,32,1.413675
1.0,16,1.414072
1.0,54,1.415217
0.0,22,1.415732
0.0,17,1.416154
1.0,13,1.416492
1.0,13,1.416811
0.0,15,1.417186
1.0,40,1.418047
1.0,29,1.418679
0.0,59,1.419952
1.0,22,1.420471
0.0,13,1.420799
0.0,29,1.421455
0.0,13,1.421773
0.0,45,1.422743
0.0,45,1.423719
0.0,5,1.42397
0.0,3,1.424109
0.0,16,1.424521
0.0,8,1.424744
0.0,3,1.424867
1.0,29,1.425525
1.0,19,1.425989
0.0,9,1.426251
1.0,8,1.426469
0.0,47,1.42751
1.0,18,1.427952
1.0,66,1.429345
0.0,63,1.430718
0.0,27,1.431359
0.0,26,1.43196
0.0,13,1.432288
0.0,19,1.432746
1.0,37,1.433572
0.0,3,1.433691
0.0,3,1.433808
1.0,13,1.434185
0.0,7,1.434385
0.0,49,1.43545
0.0,96,1.437481
0.0,25,1.438082
0.0,22,1.438599
0.0,23,1.439138
0.0,51,1.440248
0.0,4,1.44039
0.0,5,1.440547
0.0,12,1.440851
0.0,5,1.441028
1.0,11,1.441311
0.0,58,1.442563
0.0,64,1.443963
0.0,7,1.444172
0.0,68,1.44566
0.0,11,1.445972
1.0,42,1.446908
0.0,44,1.447889
1.0,13,1.448214
1.0,31,1.448927
1.0,21,1.449439
0.0,26,1.45004
0.0,11,1.450334
0.0,35,1.451114
0.0,29,1.451768
0.0,17,1.452194
0.0,11,1.452492
1.0,36,1.453289
0.0,21,1.453802
0.0,43,1.454762
0.0,32,1.455492
0.0,6,1.455688
0.0,10,1.455967
0.0,7,1.456173
0.0,15,1.456555
0.0,21,1.457088
0.0,51,1.458252
0.0,35,1.459041
1.0,41,1.459967
1.0,27,1.460581
0.0,10,1.460866
1.0,72,1.462427
0.0,28,1.463077
0.0,10,1.463338
0.0,16,1.463732
0.0,9,1.463983
0.0,7,1.464189
0.0,15,1.464548
0.0,18,1.464995
1.0,26,1.465597
0.0,22,1.466113
1.0,23,1.466636
0.0,19,1.467103
0.0,22,1.467653
1.0,24,1.468273
0.0,42,1.469203
0.0,38,1.470038
1.0,56,1.47128
0.0,14,1.471631
0.0,37,1.47248
0.0,15,1.472842
0.0,72,1.474394
0.0,14,1.474748
0.0,53,1.475904
0.0,6,1.476093
0.0,24,1.476643
1.0,27,1.477262
0.0,7,1.477466
1.0,25,1.478045
1.0,16,1.478438
1.0,48,1.479501
0.0,21,1.48003
0.0,42,1.481007
0.0,26,1.481631
0.0,52,1.482757
0.0,31,1.483475
0.0,10,1.483742
0.0,23,1.484272
0.0,18,1.484701
0.0,4,1.484845
0.0,7,1.485055
1.0,38,1.485895
0.0,60,1.48719
1.0,7,1.487391
1.0,46,1.48844
0.0,44,1.489408
0.0,26,1.490042
0.0,49,1.491132
0.0,30,1.491818
0.0,71,1.493338
0.0,27,1.49397
0.0,13,1.494298
0.0,6,1.494475
0.0,4,1.49462
0.0,17,1.495046
0.0,4,1.49519
0.0,8,1.495416
1.0,44,1.496391
0.0,11,1.496682
0.0,3,1.4968
0.0,4,1.496953
1.0,17,1.497365
0.0,7,1.497564
0.0,25,1.498144
0.0,8,1.498373
0.0,26,1.498976
0.0,14,1.499357
0.0,36,1.500265
0.0,42,1.501242
1.0,17,1.501648
1.0,40,1.50253
0.0,26,1.503129
1.0,45,1.504118
0.0,13,1.504442
1.0,40,1.505322
1.0,36,1.506113
1.0,33,1.506835
0.0,100,1.508962
0.0,5,1.509144
0.0,3,1.509264
0.0,9,1.509504
1.0,26,1.510122
0.0,7,1.510334
0.0,33,1.511071
1.0,23,1.511594
1.0,36,1.512395
0.0,19,1.512868
0.0,46,1.513887
1.0,18,1.514317
1.0,21,1.514814
0.0,7,1.515036
0.0,55,1.516237
1.0,17,1.516645
0.0,15,1.517033
0.0,6,1.517213
0.0,9,1.517452
0.0,22,1.517977
0.0,37,1.5188
1.0,15,1.519179
1.0,35,1.519973
0.0,23,1.520516
0.0,4,1.520656
0.0,10,1.520935
0.0,44,1.521924
0.0,11,1.522214
1.0,98,1.52427
1.0,49,1.525367
0.0,5,1.525529
0.0,9,1.525774
0.0,19,1.526243
0.0,6,1.526431
0.0,4,1.526577
1.0,13,1.526908
0.0,4,1.527056
1.0,25,1.527642
1.0,43,1.528614
0.0,16,1.529031
1.0,35,1.529811
0.0,62,1.531234
1.0,15,1.531602
1.0,17,1.532012
1.0,11,1.532329
0.0,26,1.532942
0.0,16,1.533334
0.0,39,1.534276
0.0,32,1.535013
1.0,11,1.5353
0.0,27,1.535941
0.0,7,1.536155
1.0,8,1.536387
0.0,3,1.536513
0.0,23,1.537057
0.0,5,1.537229
1.0,94,1.539239
0.0,52,1.540376
0.0,37,1.541229
1.0,28,1.54189
0.0,34,1.542655
0.0,23,1.543212
1.0,11,1.543499
0.0,5,1.543655
0.0,32,1.544389
0.0,16,1.54479
0.0,32,1.545515
0.0,4,1.545661
1.0,24,1.546221
0.0,10,1.546479
1.0,25,1.547063
1.0,14,1.547408
0.0,10,1.547677
1.0,68,1.549198
0.0,31,1.5499
0.0,21,1.550418
0.0,27,1.551067
0.0,5,1.551251
1.0,32,1.551982
0.0,18,1.552411
0.0,8,1.55263
0.0,32,1.553351
1.0,48,1.554396
0.0,13,1.554746
0.0,10,1.555036
0.0,30,1.55571
1.0,52,1.556845
0.0,32,1.55757
0.0,18,1.558002
0.0,77,1.559648
0.0,22,1.56017
0.0,36,1.560971
0.0,6,1.561153
0.0,7,1.561356
0.0,78,1.563021
0.0,20,1.56349
0.0,21,1.56398
0.0,54,1.565175
0.0,12,1.565489
0.0,19,1.565955
0.0,3,1.56608
0.0,26,1.566679
0.0,38,1.567499
0.0,10,1.567755
0.0,4,1.567902
0.0,39,1.568752
0.0,12,1.569068
0.0,5,1.569234
0.0,16,1.569606
0.0,61,1.571008
0.0,20,1.571499
0.0,17,1.571914
1.0,38,1.572733
0.0,22,1.573264
0.0,10,1.573532
0.0,73,1.575106
0.0,43,1.576084
0.0,21,1.576571
1.0,26,1.577163
0.0,9,1.577416
0.0,20,1.577881
0.0,28,1.578507
1.0,26,1.579108
1.0,18,1.579539
0.0,4,1.579683
0.0,4,1.579828
0.0,3,1.579956
0.0,4,1.580094
0.0,8,1.580318
0.0,7,1.580527
1.0,16,1.580919
1.0,30,1.581583
0.0,4,1.581728
0.0,9,1.581977
0.0,38,1.582819
0.0,7,1.583039
0.0,59,1.584324
0.0,5,1.584489
0.0,6,1.584671
0.0,13,1.585006
1.0,12,1.585316
1.0,12,1.585613
0.0,31,1.586307
0.0,4,1.586455
0.0,20,1.586935
1.0,50,1.588027
1.0,28,1.588643
0.0,7,1.588839
1.0,31,1.589529
1.0,46,1.590537
0.0,12,1.590845
0.0,7,1.591089
0.0,40,1.592004
0.0,77,1.593604
0.0,22,1.594141
0.0,11,1.594434
0.0,4,1.594573
0.0,21,1.595078
0.0,19,1.595527
0.0,13,1.59587
0.0,24,1.596429
0.0,24,1.596994
0.0,27,1.597608
0.0,26,1.598212
0.0,17,1.59862
0.0,8,1.598837
0.0,30,1.599514
0.0,39,1.600382
0.0,21,1.600885
1.0,40,1.601751
0.0,8,1.601992
1.0,10,1.602259
0.0,12,1.602568
0.0,16,1.602978
0.0,3,1.603097
0.0,34,1.603847
1.0,45,1.604824
0.0,11,1.605166
0.0,12,1.605474
1.0,33,1.606207
0.0,26,1.606795
1.0,16,1.607203
1.0,27,1.607809
1.0,25,1.608438
0.0,34,1.609189
0.0,47,1.610234
0.0,10,1.6105
1.0,47,1.611539
1.0,42,1.612463
0.0,22,1.612982
0.0,5,1.613154
0.0,49,1.614218
1.0,15,1.614573
0.0,4,1.614707
1.0,43,1.615635
0.0,4,1.61578
0.0,6,1.615978
0.0,10,1.616252
1.0,13,1.616568
0.0,8,1.616801
0.0,3,1.616937
0.0,53,1.618084
1.0,37,1.618906
0.0,38,1.619737
0.0,5,1.619907
0.0,21,1.620399
0.0,5,1.620563
0.0,15,1.620942
0.0,8,1.62116
1.0,42,1.622072
0.0,7,1.622271
1.0,20,1.622748
0.0,4,1.62291
1.0,10,1.623177
0.0,26,1.62375
0.0,28,1.624374
0.0,40,1.62528
0.0,41,1.62626
0.0,4,1.626401
1.0,35,1.627191
1.0,22,1.627697
1.0,14,1.628054
1.0,57,1.629289
0.0,14,1.629636
0.0,4,1.629785
1.0,18,1.630228
0.0,43,1.631157
0.0,12,1.631464
1.0,12,1.631785
1.0,29,1.632458
0.0,13,1.632788
1.0,30,1.633477
0.0,13,1.633897
1.0,17,1.634307
1.0,11,1.63459
1.0,22,1.635108
1.0,48,1.63615
0.0,7,1.636369
1.0,21,1.636863
0.0,3,1.636983
1.0,55,1.638172
0.0,9,1.638413
0.0,28,1.639058
0.0,49,1.640141
0.0,4,1.640291
0.0,6,1.640476
0.0,31,1.6412
0.0,5,1.641389
0.0,36,1.642196
0.0,4,1.642342
0.0,6,1.64252
0.0,39,1.643391
0.0,12,1.643703
0.0,12,1.64403
0.0,10,1.644293
1.0,24,1.644842
1.0,38,1.645676
1.0,27,1.646306
0.0,25,1.646892
0.0,23,1.647435
0.0,9,1.647674
1.0,24,1.648236
1.0,14,1.648596
0.0,57,1.649824
0.0,46,1.650822
1.0,18,1.651263
0.0,9,1.651517
0.0,3,1.651637
1.0,18,1.652084
0.0,58,1.653341
0.0,19,1.653797
0.0,50,1.654925
0.0,9,1.655177
0.0,6,1.655361
0.0,8,1.655591
0.0,27,1.656252
1.0,11,1.656548
1.0,37,1.657418
0.0,8,1.657646
0.0,11,1.657954
0.0,17,1.658366
0.0,14,1.658711
0.0,51,1.659838
0.0,7,1.660058
0.0,14,1.66041
0.0,3,1.660539
0.0,29,1.661215
0.0,57,1.662445
0.0,14,1.662786
0.0,10,1.663079
0.0,3,1.663201
0.0,22,1.663713
0.0,7,1.66393
0.0,9,1.66419
0.0,8,1.66441
1.0,21,1.664908
0.0,7,1.665115
0.0,47,1.666147
0.0,23,1.666691
0.0,8,1.666934
0.0,9,1.667192
0.0,3,1.66731
0.0,22,1.667819
0.0,32,1.66855
0.0,11,1.668848
0.0,7,1.669065
0.0,19,1.669529
0.0,4,1.669675
0.0,23,1.670221
0.0,27,1.670851
0.0,41,1.671793
1.0,59,1.67311
0.0,6,1.673312
0.0,25,1.673888
0.0,51,1.675008
0.0,10,1.675275
1.0,14,1.675632
0.0,17,1.676064
1.0,19,1.676513
1.0,17,1.676944
0.0,44,1.677916
0.0,6,1.678097
0.0,44,1.679065
0.0,6,1.679253
0.0,43,1.680211
0.0,100,1.682357
0.0,6,1.68254
0.0,36,1.683361
0.0,6,1.683566
0.0,5,1.683734
1.0,26,1.68434
0.0,54,1.685507
0.0,46,1.686507
0.0,54,1.687685
0.0,37,1.688512
0.0,33,1.689253
0.0,3,1.689371
0.0,3,1.689487
0.0,7,1.689691
0.0,3,1.689808
1.0,18,1.69027
0.0,21,1.690774
1.0,14,1.691141
1.0,22,1.691655
1.0,58,1.692911
0.0,21,1.693399
1.0,30,1.694071
0.0,12,1.69438
1.0,57,1.69562
0.0,51,1.696737
0.0,25,1.697331
0.0,61,1.698631
0.0,17,1.699051
0.0,19,1.699488
0.0,7,1.699696
0.0,9,1.699969
0.0,8,1.700204
0.0,12,1.700528
1.0,28,1.701226
0.0,47,1.702258
1.0,33,1.703005
0.0,8,1.703226
0.0,23,1.703757
1.0,41,1.704653
0.0,5,1.704823
0.0,48,1.705897
1.0,13,1.706217
0.0,27,1.706828
0.0,16,1.707236
1.0,51,1.70837
0.0,8,1.708591
0.0,17,1.709013
0.0,8,1.709234
0.0,11,1.709526
1.0,31,1.710234
1.0,48,1.711287
1.0,11,1.711575
1.0,55,1.712757
1.0,20,1.713238
0.0,22,1.713753
0.0,22,1.714271
0.0,27,1.714906
0.0,54,1.716113
1.0,20,1.7166
0.0,4,1.716739
0.0,18,1.717178
0.0,39,1.718054
1.0,17,1.718469
1.0,13,1.71881
0.0,8,1.719051
0.0,34,1.719802
0.0,10,1.720078
1.0,28,1.720707
0.0,25,1.7213
0.0,71,1.722814
0.0,41,1.723731
0.0,32,1.724464
0.0,11,1.724758
0.0,15,1.72516
0.0,6,1.725346
0.0,15,1.725748
1.0,64,1.727194
0.0,11,1.727495
1.0,22,1.72802
1.0,17,1.72843
0.0,32,1.72916
1.0,8,1.729393
1.0,14,1.72974
0.0,4,1.729889
1.0,34,1.730641
0.0,20,1.73113
0.0,18,1.731571
0.0,18,1.73203
0.0,9,1.732308
1.0,32,1.733021
0.0,3,1.733139
0.0,7,1.733346
0.0,7,1.733557
0.0,13,1.733958
0.0,44,1.734959
0.0,7,1.735177
1.0,21,1.73569
0.0,6,1.735888
0.0,5,1.736049
1.0,18,1.736489
0.0,22,1.737021
0.0,18,1.73745
0.0,16,1.737839
0.0,16,1.738245
0.0,15,1.738613
1.0,81,1.74035
0.0,13,1.740678
0.0,43,1.741634
0.0,62,1.742965
0.0,3,1.743087
0.0,21,1.743571
0.0,35,1.744351
0.0,3,1.744472
0.0,11,1.744752
0.0,16,1.745155
1.0,19,1.745625
1.0,12,1.745934
1.0,12,1.74623
0.0,5,1.746405
0.0,19,1.74685
1.0,28,1.7475
0.0,11,1.747778
0.0,4,1.747937
0.0,9,1.748199
0.0,7,1.748399
0.0,5,1.748556
0.0,25,1.74915
0.0,20,1.749624
0.0,21,1.75014
0.0,5,1.750311
0.0,10,1.750581
0.0,27,1.75126
0.0,40,1.752146
0.0,52,1.75329
1.0,13,1.753611
1.0,10,1.753887
0.0,30,1.75455
0.0,80,1.756276
0.0,48,1.757324
0.0,10,1.757584
0.0,68,1.759017
0.0,7,1.759219
0.0,4,1.759355
0.0,13,1.759679
0.0,12,1.75999
1.0,21,1.760479
0.0,17,1.760904
0.0,4,1.761052
1.0,15,1.761425
1.0,64,1.762812
0.0,20,1.763296
0.0,33,1.76406
1.0,34,1.764822
0.0,3,1.76495
0.0,9,1.765203
1.0,27,1.765819
0.0,4,1.765978
0.0,3,1.766099
1.0,22,1.766617
0.0,7,1.766816
0.0,4,1.766963
0.0,40,1.767865
0.0,23,1.768403
0.0,5,1.768563
0.0,30,1.769266
1.0,19,1.76972
0.0,8,1.769952
0.0,3,1.770075
0.0,44,1.771057
0.0,17,1.771481
0.0,30,1.772176
1.0,22,1.772683
0.0,16,1.77309
0.0,20,1.773563
0.0,45,1.774546
1.0,13,1.774872
0.0,10,1.775139
1.0,19,1.775602
0.0,4,1.775746
0.0,4,1.775896
1.0,28,1.776519
0.0,32,1.777232
1.0,41,1.778139
0.0,29,1.778799
1.0,17,1.779227
0.0,12,1.779541
0.0,4,1.779685
0.0,25,1.780259
0.0,9,1.7805
1.0,26,1.781091
1.0,16,1.781469
0.0,12,1.781799
1.0,31,1.782534
1.0,22,1.783054
1.0,12,1.783352
0.0,11,1.783634
0.0,6,1.783809
0.0,6,1.784006
0.0,15,1.784372
0.0,7,1.784579
1.0,16,1.78498
0.0,45,1.785961
0.0,9,1.786207
0.0,76,1.787818
0.0,25,1.78841
1.0,30,1.789094
0.0,16,1.789495
1.0,26,1.790092
0.0,18,1.790526
0.0,33,1.791278
0.0,29,1.79196
0.0,15,1.792356
0.0,17,1.792792
0.0,6,1.793015
1.0,11,1.793324
0.0,56,1.794533
0.0,52,1.79566
1.0,42,1.796569
1.0,28,1.797206
0.0,7,1.797418
0.0,15,1.797783
0.0,16,1.798174
0.0,8,1.798401
0.0,9,1.798642
1.0,13,1.798986
0.0,28,1.79961
0.0,6,1.799798
0.0,3,1.799931
1.0,84,1.801701
0.0,14,1.802059
0.0,66,1.803463
0.0,9,1.803702
0.0,7,1.803909
0.0,30,1.804578
0.0,5,1.804749
0.0,35,1.805541
0.0,17,1.805965
0.0,26,1.806557
1.0,36,1.807375
0.0,10,1.807652
0.0,38,1.808511
1.0,20,1.808998
0.0,36,1.809792
0.0,24,1.81035
0.0,48,1.811395
1.0,69,1.812873
1.0,42,1.813792
0.0,29,1.814456
0.0,27,1.815088
0.0,41,1.816004
0.0,21,1.816488
0.0,15,1.816844
0.0,13,1.817185
0.0,36,1.817983
0.0,14,1.818341
0.0,42,1.819276
0.0,24,1.819829
0.0,22,1.820354
1.0,24,1.820906
0.0,5,1.821063
1.0,25,1.821655
0.0,14,1.822001
0.0,17,1.822418
0.0,19,1.822871
1.0,11,1.823152
1.0,19,1.82361
0.0,13,1.823953
1.0,41,1.82482
0.0,24,1.825384
0.0,55,1.826565
0.0,8,1.826798
1.0,74,1.828343
1.0,24,1.828901
0.0,7,1.829102
0.0,9,1.829352
1.0,28,1.829995
0.0,56,1.831195
0.0,13,1.831517
1.0,32,1.83222
0.0,5,1.832393
0.0,30,1.833073
1.0,59,1.83432
0.0,5,1.834544
1.0,56,1.835783
1.0,17,1.836201
0.0,11,1.836491
1.0,61,1.83782
1.0,41,1.838728
0.0,3,1.838846
0.0,19,1.83931
0.0,6,1.8395
0.0,7,1.839708
0.0,9,1.83999
0.0,61,1.841326
1.0,17,1.841752
1.0,11,1.842045
0.0,37,1.842868
1.0,12,1.843171
1.0,47,1.844195
1.0,19,1.844646
1.0,19,1.845102
0.0,56,1.846296
0.0,72,1.847824
1.0,27,1.84844
0.0,23,1.848966
0.0,29,1.849599
1.0,39,1.850436
1.0,8,1.850653
1.0,26,1.851272
0.0,57,1.852508
0.0,22,1.853041
0.0,20,1.853523
0.0,7,1.853733
0.0,31,1.854436
0.0,8,1.854666
0.0,10,1.854936
1.0,41,1.855827
0.0,5,1.856002
0.0,23,1.856544
0.0,26,1.857147
1.0,29,1.857782
1.0,36,1.858575
0.0,15,1.858967
0.0,7,1.859178
0.0,24,1.859715
0.0,4,1.859867
0.0,49,1.860913
0.0,10,1.861172
1.0,23,1.861701
0.0,18,1.862146
1.0,11,1.86243
1.0,8,1.862656
0.0,37,1.863482
1.0,11,1.863763
0.0,34,1.86452
0.0,17,1.864931
1.0,20,1.865387
0.0,71,1.866895
0.0,7,1.867095
0.0,16,1.86748
1.0,14,1.867816
1.0,28,1.868445
0.0,10,1.868702
0.0,7,1.868917
0.0,13,1.869239
1.0,26,1.869816
1.0,16,1.87021
0.0,33,1.870968
0.0,23,1.871495
0.0,17,1.871927
1.0,12,1.872239
0.0,37,1.873055
0.0,14,1.873401
0.0,5,1.873566
1.0,19,1.874016
1.0,9,1.874267
0.0,31,1.875
0.0,46,1.876024
0.0,18,1.876454
0.0,48,1.87751
1.0,26,1.878114
1.0,33,1.878844
0.0,5,1.879011
0.0,63,1.880379
0.0,23,1.880929
0.0,21,1.881438
0.0,5,1.881606
0.0,47,1.882673
0.0,9,1.88294
0.0,7,1.883158
0.0,10,1.883419
0.0,28,1.884073
0.0,11,1.884369
1.0,26,1.884979
0.0,4,1.885126
0.0,48,1.886198
0.0,16,1.886599
0.0,16,1.886988
1.0,23,1.887523
1.0,28,1.888161
0.0,38,1.889009
1.0,60,1.890316
0.0,15,1.890682
1.0,38,1.891501
1.0,35,1.892298
1.0,17,1.892701
0.0,25,1.893275
1.0,16,1.893672
0.0,46,1.894689
0.0,33,1.895446
0.0,17,1.895882
1.0,17,1.896307
0.0,29,1.896988
0.0,31,1.897688
0.0,30,1.89839
0.0,19,1.898847
1.0,22,1.899371
0.0,24,1.899942
0.0,4,1.900082
0.0,25,1.900648
0.0,58,1.90192
0.0,12,1.902219
0.0,5,1.902376
0.0,5,1.902532
0.0,9,1.902787
0.0,27,1.903419
0.0,41,1.904338
0.0,3,1.904467
0.0,10,1.904729
0.0,19,1.905188
1.0,16,1.905571
1.0,17,1.905986
0.0,57,1.907207
1.0,9,1.907452
0.0,17,1.907869
0.0,16,1.908279
0.0,54,1.909472
0.0,5,1.909638
0.0,36,1.910448
1.0,39,1.911304
0.0,20,1.911785
0.0,5,1.911957
0.0,23,1.912503
1.0,57,1.913751
0.0,55,1.914964
0.0,28,1.915595
1.0,27,1.916201
0.0,51,1.917316
0.0,28,1.917947
0.0,94,1.919946
0.0,9,1.920195
0.0,6,1.920374
0.0,6,1.920557
0.0,49,1.921635
0.0,28,1.922277
0.0,6,1.922459
0.0,24,1.923015
0.0,8,1.923237
0.0,7,1.923435
0.0,31,1.924161
0.0,27,1.924772
0.0,8,1.925004
1.0,39,1.925874
0.0,31,1.926579
0.0,10,1.926844
0.0,32,1.927581
0.0,14,1.927952
0.0,6,1.928132
1.0,28,1.928753
0.0,77,1.930398
0.0,11,1.93069
1.0,36,1.931515
0.0,46,1.932557
0.0,3,1.932679
0.0,8,1.932919
0.0,31,1.933617
0.0,51,1.934747
1.0,35,1.935551
0.0,10,1.935825
0.0,6,1.936022
0.0,5,1.93619
0.0,50,1.937302
0.0,19,1.937757
0.0,7,1.937972
0.0,15,1.938339
0.0,7,1.938543
0.0,10,1.938807
0.0,24,1.939437
0.0,3,1.939568
0.0,6,1.939762
0.0,38,1.940602
0.0,28,1.941251
1.0,31,1.941953
0.0,34,1.942705
0.0,17,1.943134
0.0,7,1.943344
0.0,11,1.943626
1.0,25,1.944206
0.0,32,1.944928
1.0,19,1.945374
1.0,12,1.945675
1.0,88,1.947532
0.0,32,1.948262
0.0,24,1.948817
1.0,26,1.949456
0.0,21,1.949998
0.0,7,1.95025
1.0,38,1.951135
0.0,7,1.95137
0.0,10,1.951642
1.0,18,1.952083
1.0,24,1.952628
0.0,8,1.952868
1.0,19,1.953321
0.0,12,1.953627
0.0,3,1.953744
0.0,6,1.953945
1.0,32,1.954674
0.0,7,1.954891
0.0,11,1.955176
1.0,18,1.955613
1.0,54,1.956763
0.0,37,1.957607
1.0,10,1.957893
0.0,41,1.958849
0.0,17,1.959266
0.0,17,1.959675
1.0,94,1.961699
0.0,32,1.962428
1.0,17,1.962848
0.0,50,1.96395
0.0,19,1.964395
1.0,34,1.965183
0.0,6,1.965372
1.0,18,1.965792
0.0,35,1.966562
0.0,26,1.967191
1.0,27,1.967793
0.0,25,1.968423
0.0,7,1.968627
0.0,31,1.969375
0.0,10,1.969642
1.0,10,1.969923
0.0,31,1.970601
0.0,7,1.970802
0.0,52,1.97193
1.0,23,1.972453
0.0,25,1.973045
1.0,61,1.974362
1.0,12,1.974679
0.0,36,1.975474
0.0,34,1.976262
0.0,15,1.976637
1.0,19,1.977106
0.0,20,1.977588
1.0,19,1.978031
0.0,24,1.978586
1.0,17,1.979007
0.0,9,1.979255
1.0,33,1.979995
0.0,13,1.980332
1.0,48,1.981379
0.0,6,1.981559
0.0,16,1.981961
0.0,9,1.982211
1.0,14,1.982568
1.0,24,1.983138
1.0,11,1.983428
1.0,29,1.984101
1.0,18,1.984531
0.0,20,1.98501
1.0,28,1.985635
0.0,43,1.986589
0.0,6,1.986779
0.0,23,1.987316
1.0,49,1.988399
0.0,15,1.988766
0.0,4,1.988915
0.0,47,1.98996
0.0,5,1.99013
0.0,45,1.991189
0.0,28,1.99183
0.0,16,1.992224
0.0,46,1.99323
0.0,7,1.993431
0.0,26,1.994037
1.0,18,1.994474
0.0,11,1.994765
0.0,18,1.995191
0.0,7,1.9954
1.0,20,1.995862
0.0,4,1.996012
0.0,18,1.996443
0.0,7,1.996643
1.0,12,1.996963
1.0,24,1.99751
1.0,13,1.997829
1.0,24,1.998395
0.0,17,1.99881
0.0,13,1.999159
1.0,40,2.000098
0.0,18,2.00054
0.0,27,2.001202
1.0,31,2.001924
0.0,51,2.003036
0.0,3,2.003158
1.0,18,2.003583
0.0,37,2.004414
1.0,14,2.004754
0.0,86,2.006594
0.0,11,2.006895
0.0,23,2.007423
0.0,26,2.008022
1.0,19,2.008477
1.0,26,2.009067
0.0,32,2.009782
0.0,33,2.010528
0.0,7,2.010737
1.0,23,2.011295
0.0,72,2.012841
1.0,18,2.013291
1.0,19,2.013747
0.0,11,2.014042
0.0,13,2.014367
0.0,15,2.014747
0.0,22,2.015263
1.0,16,2.015654
0.0,3,2.015771
0.0,33,2.016523
1.0,46,2.017542
0.0,7,2.01775
0.0,17,2.018162
0.0,37,2.018993
0.0,11,2.019287
0.0,37,2.020133
1.0,48,2.021198
1.0,10,2.021465
1.0,9,2.021709
0.0,14,2.022069
0.0,16,2.022466
1.0,26,2.02307
0.0,8,2.023303
0.0,21,2.023803
0.0,100,2.025949
0.0,4,2.026099
1.0,32,2.026819
0.0,14,2.027191
0.0,18,2.02761
0.0,26,2.028201
0.0,29,2.028851
0.0,10,2.029134
0.0,13,2.029495
1.0,22,2.03005
0.0,41,2.031012
0.0,31,2.031712
0.0,3,2.031839
0.0,3,2.031969
0.0,30,2.032655
1.0,15,2.033052
0.0,6,2.033255
0.0,3,2.033373
0.0,23,2.03391
0.0,26,2.034501
0.0,15,2.034892
0.0,9,2.035135
0.0,48,2.036207
0.0,15,2.036585
0.0,19,2.037048
0.0,41,2.037981
0.0,5,2.038141
0.0,7,2.038352
0.0,21,2.038844
0.0,7,2.039133
0.0,43,2.040119
0.0,60,2.041472
1.0,33,2.042241
0.0,22,2.042747
0.0,47,2.043796
0.0,9,2.044061
0.0,18,2.044484
0.0,14,2.044841
1.0,42,2.04578
1.0,30,2.046476
0.0,24,2.04705
0.0,11,2.047348
0.0,17,2.047748
0.0,25,2.048338
0.0,10,2.048602
0.0,6,2.048784
0.0,19,2.049242
0.0,76,2.050889
0.0,7,2.051092
0.0,8,2.051318
0.0,19,2.051762
0.0,16,2.052161
0.0,86,2.054021
0.0,8,2.054253
1.0,15,2.054621
1.0,13,2.054954
1.0,8,2.055172
0.0,18,2.055603
1.0,41,2.056507
1.0,21,2.057011
0.0,28,2.057652
1.0,11,2.057951
0.0,12,2.058257
0.0,20,2.058734
1.0,77,2.060401
1.0,28,2.061053
0.0,11,2.061345
1.0,49,2.062418
0.0,24,2.063
0.0,14,2.063349
0.0,7,2.063549
1.0,10,2.063807
0.0,29,2.064477
0.0,43,2.065432
0.0,59,2.066713
1.0,24,2.06727
0.0,15,2.067644
1.0,13,2.067981
0.0,3,2.068109
0.0,9,2.068359
0.0,6,2.068537
1.0,24,2.069097
1.0,37,2.069912
1.0,57,2.071193
1.0,56,2.072465
1.0,24,2.073019
0.0,6,2.073206
0.0,22,2.073712
0.0,15,2.074096
0.0,20,2.074559
0.0,62,2.075924
0.0,13,2.076247
0.0,17,2.076653
0.0,19,2.077133
0.0,25,2.077705
1.0,55,2.078907
1.0,36,2.079691
0.0,11,2.079993
0.0,54,2.08116
0.0,11,2.081451
0.0,14,2.081805
0.0,13,2.082139
1.0,14,2.082483
1.0,55,2.083664
1.0,11,2.083955
0.0,62,2.085272
0.0,5,2.085432
0.0,21,2.085936
0.0,12,2.086256
0.0,44,2.087208
0.0,26,2.087791
0.0,85,2.089606
0.0,7,2.089807
0.0,8,2.090042
1.0,38,2.090875
0.0,26,2.091493
0.0,51,2.092591
0.0,3,2.092709
0.0,6,2.092901
0.0,15,2.093274
1.0,44,2.094244
1.0,58,2.09549
0.0,66,2.096899
1.0,23,2.097429
0.0,4,2.097566
0.0,8,2.097785
0.0,31,2.098506
0.0,6,2.098686
0.0,62,2.1
0.0,12,2.100306
1.0,24,2.100865
0.0,7,2.101074
0.0,5,2.101233
0.0,12,2.101542
0.0,5,2.101708
0.0,43,2.10265
0.0,24,2.103199
1.0,17,2.103608
0.0,61,2.104921
0.0,73,2.106519
0.0,5,2.106686
0.0,12,2.106993
1.0,82,2.108759
0.0,38,2.109615
0.0,24,2.11019
0.0,7,2.110389
1.0,34,2.111193
1.0,13,2.111518
0.0,31,2.112226
0.0,11,2.112518
0.0,45,2.113494
0.0,15,2.113877
1.0,87,2.115713
1.0,25,2.11629
0.0,40,2.117175
0.0,23,2.117698
0.0,3,2.117815
0.0,23,2.118348
0.0,9,2.118598
0.0,8,2.118816
1.0,22,2.119343
0.0,14,2.119692
0.0,26,2.120292
0.0,44,2.121261
1.0,37,2.122076
1.0,8,2.122305
0.0,29,2.122967
0.0,8,2.1232
1.0,7,2.123398
0.0,42,2.124317
0.0,38,2.12516
0.0,3,2.125279
0.0,27,2.125904
1.0,41,2.126878
0.0,21,2.127419
0.0,26,2.128033
1.0,21,2.12853
0.0,44,2.129499
0.0,28,2.130149
1.0,55,2.131448
0.0,14,2.1318
0.0,6,2.131993
1.0,14,2.132334
0.0,20,2.132803
0.0,45,2.133782
1.0,60,2.13509
1.0,26,2.135704
1.0,24,2.136269
0.0,18,2.136704
0.0,18,2.137144
1.0,48,2.138176
0.0,32,2.138905
0.0,8,2.139127
1.0,31,2.139816
1.0,32,2.140545
0.0,6,2.140725
0.0,15,2.141107
0.0,4,2.141253
0.0,55,2.142475
0.0,17,2.142897
0.0,41,2.143801
1.0,28,2.144459
1.0,15,2.144817
0.0,35,2.145609
0.0,3,2.145734
1.0,31,2.146438
1.0,67,2.147892
0.0,19,2.148343
1.0,11,2.14863
0.0,15,2.149012
0.0,16,2.149408
0.0,16,2.149793
0.0,20,2.15029
0.0,46,2.151386
0.0,18,2.151827
0.0,22,2.152366
0.0,21,2.152869
0.0,8,2.153095
1.0,21,2.153584
0.0,3,2.153707
0.0,22,2.154236
0.0,5,2.154404
0.0,10,2.154679
0.0,21,2.155195
1.0,40,2.156101
0.0,4,2.156253
0.0,19,2.156739
1.0,22,2.157309
0.0,25,2.157892
1.0,47,2.158981
0.0,11,2.159299
0.0,33,2.160043
1.0,34,2.160803
0.0,17,2.161217
0.0,8,2.16145
0.0,20,2.161928
0.0,34,2.162689
1.0,26,2.163279
1.0,21,2.163774
0.0,18,2.164216
0.0,10,2.164494
1.0,15,2.164866
0.0,3,2.164993
0.0,34,2.165767
0.0,96,2.16782
0.0,9,2.168079
0.0,9,2.168329
0.0,12,2.168634
0.0,29,2.169303
0.0,8,2.169524
1.0,44,2.170514
0.0,12,2.17082
0.0,43,2.171779
0.0,51,2.172987
0.0,16,2.17338
0.0,5,2.173545
0.0,7,2.173746
0.0,10,2.174034
0.0,3,2.17416
1.0,25,2.174728
1.0,35,2.175526
0.0,12,2.175835
0.0,5,2.17601
0.0,3,2.176131
0.0,35,2.176926
0.0,18,2.177368
0.0,6,2.177557
0.0,8,2.177777
0.0,13,2.178127
0.0,4,2.17828
1.0,21,2.178765
0.0,48,2.179819
1.0,38,2.180701
0.0,15,2.181082
0.0,11,2.181363
0.0,9,2.181598
0.0,7,2.181801
0.0,21,2.182301
1.0,37,2.183146
1.0,29,2.183799
0.0,57,2.185043
0.0,30,2.185732
0.0,38,2.186585
1.0,14,2.186961
1.0,14,2.187309
1.0,9,2.187545
1.0,31,2.188259
0.0,7,2.188463
1.0,27,2.189097
0.0,5,2.189259
1.0,34,2.190029
1.0,18,2.190456
0.0,13,2.190785
0.0,18,2.191242
0.0,31,2.191956
0.0,80,2.193667
0.0,8,2.193907
0.0,9,2.194149
0.0,20,2.194624
1.0,35,2.195419
1.0,43,2.196377
1.0,54,2.197553
0.0,5,2.197713
0.0,5,2.197886
1.0,18,2.198314
1.0,12,2.198611
0.0,11,2.198898
0.0,11,2.199184
1.0,14,2.199529
0.0,9,2.199782
0.0,52,2.200905
1.0,16,2.201291
0.0,6,2.201473
1.0,31,2.202216
0.0,9,2.202466
0.0,33,2.203218
1.0,51,2.204348
0.0,52,2.205487
0.0,27,2.206116
1.0,17,2.206522
0.0,35,2.207311
0.0,32,2.208053
1.0,20,2.208535
0.0,21,2.209044
0.0,3,2.209171
0.0,17,2.209584
0.0,57,2.210816
0.0,12,2.211125
1.0,19,2.211578
0.0,30,2.212269
0.0,8,2.212494
1.0,7,2.212694
1.0,18,2.213135
1.0,16,2.21353
0.0,43,2.214493
0.0,14,2.214847
0.0,33,2.215594
0.0,10,2.215869
0.0,9,2.216122
0.0,53,2.217407
0.0,11,2.2177
1.0,44,2.218678
1.0,12,2.219004
0.0,52,2.220174
1.0,28,2.220803
0.0,5,2.220979
0.0,16,2.221376
0.0,6,2.221562
0.0,62,2.222965
0.0,8,2.223204
1.0,25,2.223784
1.0,11,2.224072
0.0,6,2.224263
0.0,20,2.224737
0.0,14,2.225095
1.0,22,2.225593
0.0,33,2.226381
0.0,50,2.2275
0.0,18,2.227939
1.0,20,2.228415
1.0,23,2.228948
0.0,14,2.229294
0.0,24,2.22983
0.0,46,2.230845
1.0,19,2.231316
0.0,3,2.231434
0.0,4,2.231571
0.0,3,2.231688
0.0,21,2.232205
0.0,3,2.232325
0.0,32,2.233057
0.0,99,2.235143
0.0,3,2.235269
0.0,39,2.236138
0.0,6,2.236327
0.0,35,2.237113
0.0,4,2.237258
0.0,15,2.237639
1.0,23,2.238185
1.0,46,2.239174
0.0,5,2.239334
0.0,51,2.240431
1.0,50,2.241497
0.0,10,2.241769
0.0,11,2.242071
0.0,3,2.24219
1.0,32,2.242909
0.0,8,2.243136
0.0,15,2.243509
0.0,16,2.24391
1.0,28,2.244539
0.0,11,2.244826
0.0,25,2.245403
1.0,39,2.246281
1.0,71,2.247801
0.0,9,2.248063
0.0,10,2.248335
0.0,6,2.248513
1.0,47,2.249527
0.0,55,2.25073
0.0,3,2.250938
0.0,3,2.251067
1.0,12,2.251371
0.0,26,2.251972
1.0,15,2.252344
0.0,14,2.252697
0.0,21,2.253209
0.0,26,2.253815
0.0,20,2.254296
0.0,17,2.254706
0.0,69,2.256196
0.0,32,2.256911
0.0,3,2.25704
0.0,45,2.258044
0.0,8,2.258272
0.0,5,2.258437
1.0,26,2.259035
0.0,8,2.259266
1.0,20,2.25973
0.0,23,2.260257
0.0,32,2.260977
0.0,9,2.261219
1.0,56,2.26243
1.0,30,2.263111
1.0,35,2.263885
1.0,49,2.264936
1.0,23,2.265467
0.0,17,2.265885
1.0,16,2.266276
1.0,19,2.266729
0.0,16,2.26715
0.0,7,2.267363
1.0,15,2.267722
0.0,65,2.269131
0.0,39,2.270009
1.0,58,2.271277
1.0,12,2.271579
0.0,48,2.27266
0.0,23,2.273208
0.0,3,2.273329
0.0,76,2.27498
0.0,8,2.275211
0.0,35,2.276019
0.0,27,2.276629
0.0,5,2.276797
0.0,6,2.276988
1.0,21,2.277477
0.0,20,2.277971
0.0,61,2.279328
0.0,21,2.279828
1.0,14,2.280183
0.0,4,2.280321
0.0,10,2.280581
0.0,5,2.280746
0.0,3,2.280871
0.0,50,2.281992
0.0,26,2.282634
0.0,31,2.283385
0.0,30,2.284062
0.0,23,2.284592
0.0,6,2.284773
0.0,6,2.284964
1.0,31,2.285683
0.0,10,2.285968
0.0,17,2.286395
0.0,18,2.286835
0.0,4,2.286993
0.0,7,2.287203
1.0,13,2.287536
0.0,77,2.289183
0.0,34,2.289941
0.0,27,2.290551
0.0,25,2.291138
0.0,4,2.291291
0.0,37,2.292135
0.0,23,2.292668
0.0,62,2.294071
0.0,34,2.294846
0.0,18,2.295279
0.0,18,2.29572
0.0,37,2.29654
0.0,12,2.296861
0.0,40,2.297764
1.0,14,2.298119
1.0,6,2.2983
0.0,40,2.299178
0.0,9,2.299427
1.0,11,2.299721
0.0,8,2.299957
1.0,18,2.300386
0.0,33,2.301126
0.0,7,2.301332
0.0,7,2.301539
0.0,100,2.303695
0.0,25,2.304277
0.0,27,2.304902
0.0,34,2.305681
0.0,4,2.305828
0.0,32,2.306551
1.0,11,2.306841
0.0,23,2.307377
0.0,5,2.307538
0.0,26,2.308144
0.0,9,2.3084
0.0,10,2.30866
0.0,9,2.308923
0.0,18,2.309358
0.0,19,2.309821
0.0,5,2.310001
0.0,6,2.310184
0.0,9,2.310423
1.0,16,2.31081
1.0,15,2.311179
0.0,4,2.311317
0.0,45,2.312308
0.0,38,2.313165
1.0,19,2.313613
0.0,11,2.313908
0.0,50,2.315002
0.0,16,2.315397
0.0,9,2.315634
0.0,7,2.315839
0.0,9,2.316089
0.0,15,2.316474
0.0,7,2.316686
0.0,89,2.318598
1.0,36,2.319403
0.0,12,2.31971
0.0,45,2.320703
0.0,35,2.321501
0.0,5,2.321674
0.0,5,2.321832
0.0,8,2.322061
1.0,18,2.322488
0.0,12,2.322788
0.0,43,2.323728
0.0,6,2.323937
0.0,11,2.32422
0.0,11,2.324507
1.0,42,2.325452
0.0,31,2.326165
0.0,10,2.326435
1.0,29,2.327095
0.0,20,2.327583
0.0,41,2.328491
0.0,32,2.329237
0.0,3,2.329365
1.0,45,2.330378
0.0,22,2.33091
0.0,7,2.331125
0.0,7,2.331327
0.0,3,2.331446
0.0,18,2.331879
0.0,15,2.332246
1.0,23,2.332772
0.0,25,2.333365
0.0,9,2.333612
0.0,41,2.334521
0.0,15,2.334889
0.0,13,2.335226
1.0,60,2.336523
0.0,19,2.33698
0.0,13,2.337318
0.0,3,2.337442
0.0,5,2.3376
0.0,3,2.337717
0.0,9,2.337972
0.0,4,2.338121
1.0,13,2.338444
0.0,7,2.33864
1.0,41,2.339543
0.0,63,2.340991
0.0,12,2.341325
1.0,35,2.342111
0.0,20,2.342578
1.0,44,2.343568
0.0,6,2.343748
0.0,23,2.344289
0.0,7,2.344499
0.0,49,2.345578
0.0,22,2.346103
0.0,3,2.346225
0.0,22,2.346753
0.0,19,2.347222
1.0,20,2.347703
0.0,19,2.348176
1.0,20,2.348661
1.0,19,2.34914
0.0,7,2.34934
1.0,13,2.349665
0.0,22,2.350195
0.0,26,2.350796
0.0,15,2.351243
0.0,27,2.351882
0.0,24,2.352452
0.0,47,2.353506
0.0,42,2.354432
0.0,23,2.354971
0.0,15,2.355344
0.0,30,2.356032
0.0,7,2.356233
0.0,3,2.356351
0.0,6,2.356529
0.0,7,2.356733
0.0,9,2.356999
0.0,25,2.357555
1.0,36,2.35836
0.0,12,2.358678
0.0,3,2.358803
0.0,73,2.360401
0.0,12,2.360721
1.0,43,2.361673
0.0,8,2.36191
0.0,6,2.362103
0.0,39,2.362976
0.0,28,2.3636
0.0,8,2.363825
1.0,78,2.3655
1.0,12,2.365809
0.0,9,2.366058
0.0,5,2.366225
0.0,17,2.36663
0.0,35,2.367415
0.0,29,2.368086
0.0,20,2.368574
1.0,19,2.369038
0.0,12,2.36934
0.0,6,2.369525
0.0,3,2.369642
0.0,16,2.370039
0.0,3,2.370158
0.0,23,2.370698
0.0,11,2.370994
0.0,51,2.37213
0.0,49,2.373217
1.0,41,2.374122
1.0,13,2.374446
0.0,5,2.374615
0.0,67,2.376102
0.0,14,2.376462
0.0,37,2.377272
0.0,18,2.377699
1.0,19,2.378152
0.0,6,2.378338
0.0,4,2.378484
1.0,21,2.378978
0.0,26,2.379585
0.0,64,2.380977
1.0,62,2.3823
0.0,20,2.382757
0.0,4,2.382914
1.0,40,2.383783
1.0,74,2.385401
0.0,35,2.386178
0.0,11,2.386471
0.0,5,2.386629
1.0,7,2.386825
1.0,22,2.387337
0.0,5,2.387496
1.0,21,2.387981
0.0,33,2.388718
0.0,9,2.388976
0.0,24,2.389545
1.0,13,2.38988
1.0,17,2.390297
0.0,19,2.390757
1.0,15,2.391142
0.0,40,2.392037
0.0,3,2.392156
1.0,37,2.392992
0.0,20,2.393449
0.0,28,2.394099
0.0,27,2.394714
0.0,43,2.395634
0.0,19,2.3961
0.0,27,2.396721
1.0,26,2.397315
0.0,15,2.397688
0.0,40,2.39857
1.0,18,2.399013
0.0,96,2.401064
0.0,19,2.401519
0.0,15,2.401887
0.0,7,2.402087
0.0,20,2.402539
0.0,15,2.402936
0.0,12,2.403255
0.0,4,2.403398
0.0,11,2.403688
0.0,8,2.40392
0.0,37,2.404751
0.0,8,2.404989
0.0,12,2.405288
1.0,12,2.405582
0.0,19,2.406048
1.0,12,2.406357
0.0,23,2.40689
0.0,8,2.40712
0.0,13,2.40746
0.0,28,2.408099
0.0,33,2.408863
0.0,29,2.409567
0.0,14,2.409918
1.0,29,2.410552
1.0,20,2.41102
0.0,27,2.411631
1.0,18,2.41207
1.0,23,2.412584
0.0,75,2.414183
0.0,7,2.414392
0.0,5,2.414551
0.0,9,2.414787
0.0,28,2.415427
0.0,5,2.415587
0.0,5,2.415755
0.0,11,2.416043
0.0,5,2.41621
1.0,32,2.416925
0.0,81,2.41864
0.0,78,2.420312
0.0,66,2.421726
0.0,26,2.422337
0.0,52,2.423468
1.0,28,2.424125
0.0,3,2.424249
1.0,33,2.424983
0.0,4,2.425122
0.0,5,2.425291
0.0,26,2.425883
1.0,33,2.426621
1.0,24,2.427185
0.0,39,2.428065
0.0,36,2.428874
0.0,28,2.429512
0.0,41,2.430416
1.0,21,2.430923
1.0,20,2.4314
0.0,34,2.432159
1.0,24,2.432702
0.0,14,2.433077
0.0,23,2.433609
0.0,42,2.434542
1.0,25,2.435148
0.0,33,2.435901
1.0,30,2.436583
0.0,46,2.437582
1.0,15,2.437974
0.0,8,2.438206
0.0,41,2.439118
0.0,48,2.440159
1.0,26,2.440737
0.0,38,2.441579
0.0,42,2.442477
0.0,17,2.442898
1.0,16,2.443289
1.0,49,2.444363
0.0,15,2.444733
1.0,18,2.445177
0.0,34,2.445941
1.0,44,2.446903
0.0,7,2.447109
0.0,26,2.447709
1.0,36,2.448523
1.0,29,2.449199
0.0,16,2.44959
1.0,16,2.450025
0.0,9,2.450292
0.0,5,2.450457
0.0,27,2.451078
0.0,20,2.451561
0.0,12,2.451863
0.0,15,2.452234
0.0,17,2.452642
0.0,14,2.453002
1.0,7,2.453203
1.0,37,2.454027
0.0,31,2.454804
1.0,31,2.455513
0.0,38,2.456372
0.0,43,2.457326
0.0,8,2.45755
1.0,17,2.457961
1.0,23,2.458513
0.0,25,2.459167
0.0,33,2.459942
0.0,22,2.460453
0.0,4,2.460593
0.0,31,2.461327
0.0,10,2.46159
0.0,23,2.462137
1.0,15,2.462499
1.0,18,2.462952
0.0,17,2.463368
0.0,29,2.464038
0.0,3,2.464159
0.0,20,2.464625
0.0,18,2.465067
0.0,15,2.465442
0.0,8,2.465667
1.0,42,2.466591
1.0,25,2.467166
1.0,18,2.467597
1.0,22,2.468131
0.0,12,2.468443
0.0,19,2.468935
0.0,20,2.469443
0.0,5,2.469601
0.0,6,2.469786
0.0,9,2.470032
1.0,8,2.470256
1.0,34,2.471017
0.0,9,2.471262
1.0,9,2.4715
1.0,24,2.47205
1.0,12,2.472347
1.0,30,2.473021
1.0,21,2.4735
0.0,7,2.473701
0.0,7,2.473921
1.0,55,2.475114
1.0,19,2.475569
0.0,5,2.475744
1.0,8,2.475977
0.0,31,2.476689
0.0,12,2.477003
0.0,32,2.477728
0.0,5,2.477908
0.0,7,2.478117
0.0,19,2.47856
0.0,22,2.479084
0.0,24,2.479646
0.0,14,2.480015
0.0,9,2.48027
0.0,62,2.481619
0.0,21,2.482112
1.0,16,2.482514
0.0,4,2.482653
0.0,10,2.482936
0.0,9,2.483186
1.0,23,2.483726
0.0,19,2.484192
0.0,5,2.484359
0.0,8,2.484586
0.0,21,2.485095
0.0,23,2.48563
0.0,7,2.485828
0.0,30,2.486502
0.0,5,2.486669
0.0,44,2.487643
1.0,11,2.487941
0.0,19,2.48839
0.0,39,2.489256
1.0,10,2.489518
0.0,25,2.490117
1.0,14,2.490467
1.0,33,2.491251
0.0,66,2.492666
0.0,7,2.492884
0.0,78,2.494566
1.0,41,2.49546
0.0,14,2.495811
0.0,7,2.496026
0.0,19,2.496482
0.0,8,2.496708
0.0,20,2.4972
1.0,16,2.497596
0.0,86,2.499428
0.0,5,2.4996
0.0,5,2.49977
0.0,6,2.499963
0.0,14,2.500349
0.0,6,2.500558
0.0,19,2.50106
1.0,24,2.501647
0.0,8,2.501894
0.0,8,2.502129
0.0,52,2.503286
0.0,8,2.503515
0.0,7,2.503727
0.0,7,2.503937
0.0,19,2.504398
0.0,43,2.505348
0.0,17,2.505773
1.0,44,2.506753
0.0,49,2.507819
1.0,13,2.508145
0.0,9,2.508395
0.0,15,2.508765
0.0,19,2.509241
1.0,24,2.509797
1.0,31,2.510493
0.0,25,2.511073
0.0,8,2.511293
1.0,22,2.511801
0.0,15,2.512176
0.0,32,2.512914
0.0,22,2.513434
0.0,46,2.514439
1.0,17,2.514835
1.0,80,2.516525
0.0,3,2.516644
0.0,12,2.516961
0.0,17,2.517384
0.0,3,2.517503
0.0,27,2.518145
1.0,33,2.518891
1.0,23,2.519426
1.0,21,2.519927
0.0,13,2.52026
0.0,46,2.521266
1.0,33,2.522015
0.0,35,2.522788
0.0,64,2.52418
1.0,33,2.524928
1.0,25,2.525505
1.0,16,2.525907
1.0,27,2.526519
0.0,12,2.526824
0.0,9,2.527086
0.0,10,2.527353
1.0,14,2.527701
1.0,6,2.527898
0.0,5,2.528057
0.0,19,2.528494
0.0,15,2.528874
0.0,18,2.529314
0.0,17,2.529731
0.0,26,2.530326
1.0,53,2.531496
0.0,9,2.531734
0.0,14,2.532088
1.0,45,2.533085
1.0,11,2.533402
0.0,5,2.533567
0.0,19,2.53405
0.0,21,2.534553
0.0,4,2.534698
0.0,30,2.535388
1.0,20,2.535872
0.0,13,2.536203
0.0,22,2.536721
1.0,14,2.537071
1.0,11,2.537361
1.0,45,2.538357
1.0,17,2.538773
1.0,12,2.539091
0.0,28,2.539728
1.0,31,2.540427
1.0,56,2.541659
0.0,36,2.542466
0.0,47,2.543517
0.0,8,2.543745
0.0,6,2.543949
0.0,3,2.544076
0.0,6,2.544255
0.0,13,2.544575
0.0,6,2.54476
0.0,26,2.545377
0.0,7,2.545577
0.0,5,2.545735
0.0,4,2.545886
0.0,38,2.546732
0.0,8,2.546965
0.0,27,2.547601
0.0,50,2.548717
0.0,41,2.549607
0.0,12,2.549925
0.0,18,2.550353
0.0,62,2.551701
1.0,14,2.552067
0.0,13,2.552413
1.0,47,2.553454
0.0,9,2.553709
0.0,3,2.553828
0.0,31,2.554534
0.0,39,2.555481
0.0,59,2.556797
0.0,16,2.557208
0.0,7,2.557408
0.0,14,2.557763
0.0,7,2.557979
1.0,17,2.55838
0.0,9,2.558615
0.0,49,2.559699
0.0,33,2.560435
0.0,25,2.561022
0.0,6,2.561209
0.0,22,2.56172
0.0,9,2.561972
0.0,12,2.562281
0.0,8,2.562513
0.0,58,2.563783
0.0,10,2.564059
1.0,30,2.564728
0.0,6,2.564922
0.0,59,2.566188
1.0,17,2.566595
0.0,20,2.567081
1.0,42,2.567989
1.0,18,2.568428
0.0,4,2.568567
0.0,42,2.569489
1.0,48,2.570531
0.0,21,2.571038
1.0,30,2.571737
0.0,34,2.572532
0.0,32,2.573251
0.0,5,2.573426
0.0,12,2.573737
1.0,22,2.574254
0.0,33,2.574986
0.0,75,2.576572
0.0,9,2.576821
1.0,30,2.577502
0.0,37,2.578331
0.0,27,2.57895
0.0,22,2.579461
0.0,25,2.580042
0.0,25,2.580608
1.0,25,2.581179
0.0,11,2.581465
0.0,43,2.582404
1.0,18,2.582844
0.0,56,2.584085
0.0,5,2.584273
0.0,3,2.584399
1.0,8,2.584619
1.0,64,2.585996
0.0,17,2.586411
1.0,12,2.586717
1.0,23,2.587256
0.0,5,2.587415
0.0,21,2.587919
1.0,32,2.588622
1.0,43,2.589565
0.0,16,2.589957
0.0,45,2.590939
0.0,20,2.591412
0.0,42,2.59233
0.0,28,2.592982
0.0,16,2.593377
1.0,21,2.593849
0.0,100,2.595977
0.0,28,2.596631
0.0,6,2.596814
0.0,4,2.59697
0.0,65,2.598342
0.0,36,2.59915
0.0,5,2.599316
0.0,41,2.600234
0.0,6,2.600414
0.0,86,2.602222
0.0,10,2.602483
0.0,19,2.602947
0.0,3,2.603067
0.0,60,2.604376
1.0,19,2.604817
0.0,43,2.605769
0.0,42,2.606734
1.0,35,2.607522
0.0,4,2.607669
0.0,7,2.607891
0.0,49,2.609013
0.0,10,2.609308
0.0,24,2.609865
0.0,21,2.610358
1.0,28,2.610993
1.0,50,2.612087
0.0,26,2.612679
0.0,9,2.612939
1.0,30,2.613618
0.0,12,2.613929
1.0,24,2.614486
1.0,43,2.615438
1.0,12,2.615739
1.0,11,2.616028
0.0,12,2.616333
0.0,5,2.616497
1.0,27,2.617119
1.0,11,2.617404
1.0,18,2.617825
0.0,24,2.61839
1.0,53,2.61955
0.0,47,2.620589
1.0,13,2.620933
0.0,11,2.621217
0.0,13,2.621538
0.0,19,2.622015
0.0,3,2.622133
0.0,26,2.62272
0.0,14,2.62307
0.0,12,2.623374
0.0,44,2.624353
0.0,11,2.624648
0.0,14,2.625006
0.0,4,2.62515
0.0,79,2.626893
0.0,13,2.627255
0.0,4,2.627393
1.0,19,2.62785
0.0,27,2.628457
0.0,50,2.62956
0.0,4,2.629699
1.0,8,2.629936
0.0,18,2.630358
0.0,5,2.630522
0.0,35,2.631291
0.0,26,2.631892
0.0,3,2.632012
0.0,52,2.633142
0.0,9,2.633397
0.0,29,2.634084
1.0,18,2.634525
0.0,20,2.635017
0.0,6,2.635203
0.0,7,2.635416
1.0,18,2.635861
0.0,4,2.636002
0.0,15,2.636372
0.0,49,2.637444
0.0,7,2.637671
0.0,22,2.638197
0.0,17,2.638605
0.0,12,2.638924
0.0,16,2.639315
0.0,16,2.639691
0.0,12,2.640017
0.0,4,2.640159
0.0,23,2.640701
0.0,12,2.641021
1.0,52,2.642169
0.0,5,2.642344
1.0,23,2.642881
0.0,4,2.64302
0.0,15,2.643398
0.0,21,2.643904
0.0,9,2.644145
0.0,4,2.644283
0.0,24,2.644824
0.0,19,2.645283
1.0,15,2.645647
0.0,6,2.645824
0.0,33,2.646561
0.0,13,2.646907
1.0,54,2.648062
1.0,23,2.648585
0.0,28,2.649223
0.0,8,2.649455
0.0,11,2.649744
0.0,22,2.650256
1.0,39,2.651121
0.0,16,2.651506
0.0,12,2.651817
1.0,41,2.652735
0.0,11,2.653031
0.0,18,2.653471
0.0,20,2.653959
0.0,5,2.654127
0.0,6,2.654314
1.0,44,2.655274
0.0,15,2.655646
1.0,44,2.65662
0.0,6,2.656878
0.0,4,2.657024
0.0,35,2.657844
0.0,27,2.658508
0.0,8,2.658728
0.0,14,2.659072
0.0,29,2.659717
0.0,25,2.660303
0.0,14,2.660663
0.0,32,2.661387
0.0,4,2.661526
0.0,20,2.662003
0.0,39,2.662877
1.0,65,2.664272
0.0,12,2.664586
0.0,9,2.664823
1.0,25,2.665413
0.0,45,2.666397
1.0,20,2.666898
0.0,19,2.66738
0.0,14,2.667725
1.0,20,2.668206
0.0,19,2.668664
1.0,82,2.670402
1.0,23,2.67095
0.0,18,2.671399
1.0,14,2.671736
1.0,26,2.67232
0.0,11,2.67265
1.0,33,2.673456
0.0,27,2.674108
0.0,24,2.674654
0.0,18,2.675092
0.0,6,2.675272
0.0,10,2.67553
0.0,29,2.676184
0.0,16,2.676575
0.0,27,2.677197
1.0,8,2.67742
0.0,19,2.677877
1.0,43,2.678807
1.0,30,2.679481
0.0,22,2.679996
0.0,3,2.680115
0.0,21,2.680597
0.0,42,2.68154
0.0,9,2.68179
0.0,60,2.683088
0.0,25,2.683663
0.0,26,2.684249
0.0,18,2.684674
0.0,16,2.685086
0.0,9,2.685343
0.0,39,2.686201
0.0,3,2.68632
0.0,17,2.686727
0.0,3,2.686846
0.0,30,2.687534
0.0,11,2.687821
0.0,6,2.688021
0.0,10,2.688293
0.0,8,2.688521
0.0,3,2.688645
0.0,19,2.689105
0.0,10,2.689378
1.0,17,2.689795
1.0,7,2.690006
0.0,17,2.690424
1.0,29,2.691097
1.0,18,2.691531
0.0,9,2.69177
0.0,72,2.693334
0.0,44,2.694309
0.0,25,2.694882
0.0,28,2.695507
0.0,16,2.695903
1.0,17,2.696318
0.0,10,2.696587
0.0,7,2.696788
0.0,6,2.696977
0.0,36,2.697794
0.0,75,2.699409
0.0,31,2.700127
1.0,11,2.700433
0.0,7,2.700645
1.0,27,2.701292
0.0,16,2.701673
0.0,24,2.702238
0.0,36,2.703032
0.0,33,2.703779
0.0,25,2.704355
0.0,23,2.704915
0.0,13,2.705253
0.0,18,2.705684
0.0,20,2.706172
0.0,16,2.706564
0.0,5,2.706736
0.0,55,2.707949
1.0,37,2.708778
0.0,15,2.709162
0.0,11,2.709453
1.0,33,2.710209
0.0,8,2.710438
0.0,36,2.711244
0.0,19,2.711698
0.0,38,2.712548
0.0,14,2.712934
0.0,4,2.713077
0.0,39,2.713951
1.0,19,2.714406
0.0,89,2.716328
0.0,54,2.717581
0.0,6,2.717775
1.0,26,2.718366
1.0,31,2.719083
0.0,41,2.720009
0.0,7,2.720226
0.0,100,2.722333
0.0,6,2.722529
0.0,3,2.72265
0.0,10,2.72293
0.0,5,2.723098
0.0,33,2.723843
0.0,16,2.724243
0.0,13,2.724578
0.0,7,2.724788
0.0,7,2.725005
0.0,26,2.725597
0.0,38,2.72644
0.0,20,2.726987
0.0,6,2.727192
0.0,25,2.727776
0.0,30,2.728458
0.0,16,2.728875
0.0,7,2.72908
0.0,9,2.729326
0.0,19,2.729776
0.0,22,2.730304
0.0,18,2.730743
0.0,3,2.73087
0.0,14,2.731228
0.0,12,2.731531
0.0,38,2.732384
0.0,38,2.733221
0.0,15,2.73358
0.0,43,2.734518
1.0,77,2.736142
1.0,20,2.736603
0.0,7,2.736808
0.0,51,2.737936
0.0,9,2.73819
0.0,94,2.740192
0.0,59,2.741455
0.0,21,2.741962
0.0,24,2.742514
0.0,13,2.742842
0.0,21,2.743339
0.0,36,2.74414
0.0,61,2.745459
1.0,11,2.74574
0.0,8,2.745972
1.0,20,2.746448
0.0,21,2.746956
0.0,67,2.748384
0.0,44,2.749352
0.0,11,2.749641
0.0,7,2.74984
0.0,11,2.750152
1.0,12,2.750466
0.0,6,2.75066
1.0,6,2.750848
0.0,23,2.751386
0.0,9,2.751638
1.0,26,2.752245
1.0,61,2.753532
1.0,16,2.75393
1.0,41,2.754821
1.0,58,2.75607
1.0,40,2.756953
1.0,11,2.757241
1.0,19,2.757678
1.0,30,2.758366
0.0,6,2.758546
0.0,26,2.75915
0.0,16,2.759559
0.0,27,2.760195
0.0,13,2.760593
0.0,3,2.760723
1.0,16,2.761149
0.0,11,2.761439
0.0,3,2.76156
0.0,54,2.762737
0.0,31,2.763448
0.0,11,2.763742
0.0,25,2.76433
0.0,8,2.764569
0.0,15,2.764961
0.0,15,2.765332
1.0,12,2.765632
0.0,54,2.76682
0.0,10,2.767103
0.0,11,2.767394
0.0,17,2.767795
0.0,13,2.768134
0.0,6,2.768322
0.0,38,2.769164
0.0,41,2.770074
1.0,17,2.770478
0.0,16,2.770878
1.0,13,2.771207
0.0,50,2.772307
1.0,37,2.773157
1.0,18,2.77358
0.0,17,2.774009
0.0,22,2.774502
1.0,37,2.77531
1.0,33,2.776057
0.0,8,2.776287
0.0,37,2.777111
0.0,5,2.777279
1.0,43,2.778204
1.0,38,2.779058
0.0,12,2.779367
1.0,22,2.779888
1.0,38,2.780725
0.0,39,2.781591
0.0,7,2.781801
0.0,32,2.782552
0.0,4,2.782698
0.0,14,2.783053
0.0,46,2.784086
0.0,3,2.784223
0.0,25,2.784787
0.0,37,2.78561
0.0,72,2.787153
0.0,10,2.787414
0.0,3,2.787531
1.0,60,2.788788
1.0,21,2.789283
1.0,22,2.789802
0.0,7,2.790018
0.0,18,2.790451
0.0,26,2.791061
0.0,13,2.791391
0.0,17,2.791795
0.0,28,2.792439
0.0,45,2.793458
0.0,12,2.79379
1.0,40,2.794729
0.0,13,2.795066
0.0,39,2.795925
0.0,23,2.796468
0.0,75,2.798095
0.0,7,2.798296
1.0,27,2.798913
0.0,12,2.799219
0.0,21,2.799714
0.0,11,2.800016
0.0,27,2.800637
1.0,53,2.801788
0.0,23,2.802336
1.0,8,2.802563
1.0,17,2.803005
0.0,3,2.80315
0.0,15,2.803518
0.0,23,2.804045
0.0,13,2.804375
0.0,27,2.805001
0.0,23,2.80553
0.0,24,2.806085
0.0,11,2.806374
1.0,17,2.806781
0.0,7,2.807004
0.0,39,2.807865
1.0,17,2.808274
1.0,10,2.808544
0.0,24,2.809108
0.0,36,2.809893
0.0,35,2.810647
0.0,8,2.810883
0.0,38,2.811737
0.0,25,2.812309
0.0,26,2.81291
0.0,7,2.813129
1.0,35,2.813919
0.0,5,2.814079
0.0,18,2.814511
0.0,72,2.816033
0.0,13,2.816352
0.0,16,2.816734
0.0,26,2.817342
0.0,10,2.817609
0.0,47,2.818658
0.0,6,2.818847
1.0,20,2.819335
0.0,5,2.819506
1.0,34,2.820271
0.0,11,2.820552
1.0,34,2.821336
0.0,12,2.821643
0.0,19,2.822105
0.0,9,2.822347
1.0,19,2.822791
0.0,79,2.824476
0.0,31,2.825182
1.0,27,2.825802
0.0,18,2.826244
0.0,34,2.827003
1.0,11,2.8273
0.0,15,2.827672
0.0,7,2.827882
0.0,7,2.828091
1.0,51,2.829182
0.0,19,2.829633
1.0,32,2.830345
0.0,5,2.830505
0.0,4,2.830641
1.0,38,2.831495
0.0,3,2.831619
0.0,29,2.832281
1.0,21,2.832767
0.0,31,2.833483
0.0,6,2.833673
1.0,10,2.833944
1.0,32,2.834657
1.0,25,2.835234
0.0,14,2.835585
0.0,20,2.836058
0.0,25,2.836645
1.0,15,2.83703
0.0,54,2.838184
0.0,25,2.838745
0.0,42,2.839679
0.0,8,2.839912
0.0,33,2.840642
0.0,3,2.840761
0.0,10,2.841055
0.0,24,2.84163
0.0,70,2.843214
0.0,21,2.843712
0.0,21,2.844223
0.0,14,2.844584
0.0,3,2.844702
0.0,3,2.844819
1.0,20,2.845308
1.0,53,2.846464
1.0,13,2.846786
0.0,8,2.847027
1.0,39,2.847877
1.0,23,2.848397
0.0,17,2.84881
1.0,29,2.849489
0.0,25,2.850085
0.0,40,2.850974
0.0,40,2.851843
0.0,12,2.852164
0.0,28,2.852788
1.0,10,2.853085
0.0,20,2.853574
0.0,12,2.853897
1.0,55,2.855117
0.0,14,2.855457
1.0,47,2.856476
1.0,45,2.857437
0.0,19,2.857898
0.0,11,2.858191
0.0,3,2.858308
1.0,23,2.858833
1.0,48,2.859889
0.0,8,2.860126
1.0,30,2.860821
0.0,16,2.861302
1.0,10,2.861578
0.0,3,2.861696
0.0,14,2.862061
0.0,61,2.863389
1.0,56,2.864602
1.0,31,2.865324
0.0,12,2.865649
0.0,41,2.866565
1.0,31,2.867268
0.0,6,2.867454
1.0,18,2.867884
1.0,21,2.868367
1.0,38,2.869202
0.0,43,2.870161
0.0,7,2.870364
0.0,7,2.870577
0.0,34,2.871349
0.0,20,2.871813
1.0,78,2.873478
0.0,25,2.874076
0.0,18,2.874527
0.0,24,2.875092
0.0,20,2.875568
0.0,19,2.876043
0.0,11,2.876338
0.0,16,2.876739
1.0,21,2.877252
0.0,26,2.877846
1.0,21,2.878349
0.0,23,2.878889
1.0,27,2.879488
0.0,13,2.879814
1.0,30,2.880502
1.0,21,2.881022
0.0,53,2.882154
1.0,8,2.882374
0.0,7,2.882581
1.0,24,2.88314
0.0,37,2.883973
0.0,20,2.884433
0.0,29,2.885087
0.0,64,2.886469
1.0,38,2.887338
0.0,35,2.888134
1.0,34,2.888896
0.0,19,2.889348
0.0,37,2.890228
0.0,32,2.890975
0.0,10,2.891236
1.0,14,2.891591
1.0,18,2.892035
1.0,21,2.892522
0.0,6,2.892701
0.0,11,2.893008
0.0,42,2.893938
0.0,11,2.894233
0.0,3,2.894357
0.0,55,2.895539
0.0,21,2.896048
0.0,13,2.896383
0.0,4,2.89652
1.0,49,2.897585
0.0,23,2.898137
0.0,10,2.898418
0.0,5,2.898577
0.0,20,2.899066
0.0,35,2.899861
0.0,25,2.900425
0.0,7,2.90063
0.0,13,2.900961
0.0,12,2.901268
0.0,53,2.90242
0.0,32,2.903156
0.0,3,2.903276
0.0,16,2.903664
0.0,10,2.903948
0.0,7,2.904149
0.0,86,2.905969
0.0,12,2.906285
0.0,14,2.906634
0.0,14,2.906995
1.0,41,2.907896
0.0,3,2.908021
1.0,45,2.909033
0.0,17,2.909433
0.0,13,2.909761
0.0,18,2.910189
0.0,44,2.91117
0.0,44,2.912151
0.0,39,2.913011
0.0,10,2.913275
0.0,30,2.913952
0.0,55,2.915144
0.0,21,2.915627
0.0,39,2.91651
0.0,31,2.917221
0.0,54,2.918391
0.0,22,2.918911
0.0,22,2.919427
0.0,33,2.920167
0.0,44,2.921144
0.0,36,2.921942
0.0,30,2.922614
0.0,30,2.923307
1.0,39,2.924169
0.0,23,2.924695
0.0,50,2.925792
1.0,28,2.926412
0.0,9,2.926654
1.0,29,2.927317
1.0,35,2.928102
0.0,20,2.928585
0.0,64,2.92997
0.0,79,2.931642
0.0,43,2.932625
0.0,28,2.933291
0.0,13,2.933631
0.0,3,2.93375
1.0,51,2.934876
0.0,7,2.935101
0.0,8,2.935343
0.0,9,2.935581
0.0,7,2.935779
0.0,4,2.935938
0.0,17,2.936349
0.0,4,2.936493
1.0,65,2.937892
0.0,14,2.938236
1.0,7,2.938444
0.0,31,2.939152
0.0,4,2.939306
0.0,4,2.939446
1.0,13,2.93977
0.0,55,2.940964
1.0,52,2.942065
0.0,3,2.942189
1.0,20,2.942646
1.0,39,2.943512
1.0,30,2.944197
0.0,42,2.94512
0.0,15,2.945498
1.0,71,2.946994
0.0,14,2.947348
0.0,14,2.947684
0.0,56,2.948922
0.0,27,2.949543
0.0,41,2.950449
0.0,6,2.950634
1.0,63,2.95204
1.0,40,2.952927
0.0,41,2.953816
0.0,10,2.954096
0.0,18,2.954522
0.0,5,2.95469
0.0,4,2.954832
0.0,5,2.955007
1.0,14,2.955367
1.0,44,2.956336
0.0,20,2.956829
0.0,74,2.958431
0.0,12,2.958745
0.0,35,2.959589
0.0,41,2.960546
1.0,29,2.961222
0.0,27,2.961839
0.0,7,2.962073
0.0,14,2.962431
0.0,35,2.963224
0.0,13,2.963559
0.0,7,2.963765
0.0,33,2.964522
0.0,10,2.964789
0.0,65,2.966179
0.0,33,2.96694
0.0,11,2.96722
1.0,25,2.967794
0.0,12,2.968113
0.0,25,2.968674
1.0,10,2.968945
1.0,46,2.970043
0.0,22,2.970575
1.0,31,2.971262
1.0,28,2.971908
1.0,16,2.972366
0.0,19,2.972813
0.0,24,2.973381
1.0,36,2.974184
1.0,23,2.974715
0.0,24,2.975272
0.0,71,2.97679
0.0,11,2.977091
0.0,10,2.977351
0.0,9,2.977592
1.0,30,2.97829
1.0,19,2.97874
0.0,7,2.978951
1.0,14,2.979299
1.0,18,2.979725
1.0,22,2.980247
0.0,14,2.980608
0.0,5,2.980778
0.0,35,2.981564
0.0,21,2.982079
1.0,11,2.982358
1.0,26,2.982952
0.0,34,2.983701
0.0,14,2.984084
0.0,73,2.985722
0.0,6,2.985913
0.0,8,2.986137
0.0,8,2.986357
1.0,39,2.987221
1.0,27,2.987813
0.0,7,2.98802
1.0,9,2.988274
0.0,11,2.988558
0.0,17,2.988978
0.0,45,2.989989
1.0,30,2.990682
0.0,5,2.990848
1.0,40,2.991769
0.0,41,2.992677
0.0,4,2.992828
0.0,35,2.9936
0.0,38,2.994467
0.0,16,2.994863
0.0,14,2.995218
0.0,28,2.995849
0.0,3,2.995986
0.0,8,2.99622
0.0,27,2.996828
0.0,17,2.997248
1.0,56,2.998449
0.0,9,2.998695
0.0,42,2.99963
0.0,13,2.999984
0.0,10,3.000251
0.0,9,3.000502
0.0,11,3.000798
0.0,8,3.001037
0.0,22,3.001556
0.0,15,3.001928
1.0,60,3.003239
0.0,5,3.003404
0.0,3,3.003522
1.0,24,3.004076
0.0,23,3.004624
1.0,17,3.005044
1.0,43,3.005994
0.0,26,3.006591
0.0,29,3.007272
1.0,11,3.007558
0.0,6,3.007734
0.0,5,3.007911
1.0,21,3.008405
0.0,18,3.008837
0.0,13,3.009186
0.0,75,3.010771
0.0,12,3.011081
0.0,11,3.011371
0.0,4,3.011516
1.0,37,3.01234
1.0,41,3.013246
0.0,12,3.013562
0.0,23,3.014095
0.0,12,3.01441
0.0,26,3.015043
1.0,32,3.015775
0.0,6,3.015968
0.0,6,3.016148
1.0,6,3.016325
1.0,24,3.016891
0.0,8,3.01713
1.0,29,3.017776
0.0,6,3.017964
1.0,11,3.018248
0.0,3,3.018371
0.0,5,3.018528
0.0,30,3.019214
1.0,13,3.019546
0.0,11,3.019827
0.0,26,3.020427
1.0,31,3.021124
0.0,100,3.02324
0.0,20,3.023702
0.0,32,3.024428
0.0,26,3.025033
0.0,5,3.025198
0.0,5,3.025357
0.0,22,3.025877
0.0,4,3.026024
0.0,20,3.026509
1.0,34,3.027288
0.0,19,3.027739
0.0,15,3.028109
1.0,13,3.028429
1.0,11,3.028713
1.0,41,3.029617
0.0,18,3.030087
0.0,30,3.030779
0.0,9,3.031061
1.0,29,3.031735
1.0,23,3.032278
1.0,27,3.032894
0.0,8,3.033119
0.0,11,3.033402
0.0,60,3.034703
0.0,20,3.035232
1.0,26,3.035861
1.0,12,3.036174
0.0,6,3.03635
0.0,13,3.036676
1.0,25,3.037248
1.0,15,3.037618
0.0,3,3.037745
0.0,39,3.038611
0.0,22,3.039139
0.0,33,3.039865
0.0,8,3.040084
0.0,13,3.040413
0.0,6,3.040591
0.0,20,3.041071
1.0,13,3.041403
0.0,4,3.041552
1.0,15,3.04192
0.0,17,3.042313
0.0,65,3.043696
0.0,100,3.045822
0.0,23,3.046365
0.0,24,3.046915
1.0,27,3.047504
0.0,8,3.047727
1.0,12,3.048047
0.0,29,3.048689
1.0,61,3.049998
0.0,20,3.050452
1.0,24,3.051019
0.0,13,3.051345
0.0,4,3.05149
0.0,10,3.051749
1.0,39,3.052625
1.0,12,3.052939
1.0,27,3.05353
1.0,21,3.054031
1.0,37,3.054832
1.0,43,3.055769
0.0,14,3.056129
0.0,17,3.056534
0.0,32,3.057253
0.0,3,3.057383
0.0,5,3.057547
0.0,11,3.057831
0.0,18,3.058254
0.0,7,3.058452
1.0,22,3.058974
1.0,57,3.060214
1.0,45,3.061193
0.0,25,3.061769
0.0,45,3.06276
1.0,31,3.063466
0.0,6,3.063652
0.0,7,3.063862
0.0,10,3.064135
1.0,17,3.064547
1.0,48,3.065596
1.0,34,3.066369
0.0,5,3.066537
1.0,9,3.066778
0.0,100,3.068894
0.0,21,3.069376
0.0,5,3.069534
0.0,15,3.069902
0.0,6,3.07009
0.0,37,3.070946
0.0,47,3.071995
0.0,44,3.073097
0.0,16,3.073508
0.0,7,3.073717
1.0,88,3.075617
0.0,32,3.076357
1.0,12,3.076674
1.0,28,3.077309
0.0,7,3.077518
0.0,34,3.078326
0.0,21,3.078812
0.0,3,3.078945
0.0,30,3.079622
1.0,36,3.080446
1.0,46,3.081438
1.0,63,3.082815
0.0,9,3.083085
0.0,5,3.083255
0.0,30,3.083941
0.0,3,3.084062
0.0,13,3.084383
0.0,11,3.08467
1.0,39,3.085532
0.0,78,3.087206
0.0,31,3.087899
0.0,5,3.088061
0.0,35,3.088834
0.0,14,3.089188
0.0,36,3.090012
0.0,16,3.090412
0.0,7,3.090617
0.0,20,3.091094
0.0,5,3.091261
0.0,29,3.091935
1.0,30,3.092613
0.0,38,3.093434
0.0,100,3.095562
0.0,37,3.0964
0.0,16,3.09678
0.0,3,3.096907
1.0,12,3.097208
0.0,3,3.097336
0.0,3,3.09746
1.0,22,3.097987
0.0,8,3.098221
0.0,7,3.098429
1.0,9,3.098675
0.0,7,3.098898
0.0,18,3.099334
0.0,14,3.099682
0.0,23,3.100222
1.0,39,3.101091
1.0,31,3.101801
1.0,24,3.102361
0.0,53,3.103506
0.0,6,3.103693
0.0,11,3.103982
0.0,12,3.104287
1.0,37,3.105103
1.0,15,3.105485
0.0,18,3.105928
1.0,34,3.106655
0.0,17,3.107099
0.0,25,3.107693
0.0,4,3.107831
1.0,23,3.108354
1.0,47,3.109421
0.0,32,3.110183
0.0,34,3.110958
0.0,11,3.111248
0.0,20,3.111704
1.0,23,3.112247
0.0,19,3.112705
0.0,10,3.112986
1.0,12,3.113286
0.0,28,3.113921
0.0,14,3.114268
0.0,47,3.115307
0.0,27,3.115933
0.0,25,3.116505
0.0,4,3.116643
1.0,19,3.117115
0.0,19,3.117565
0.0,9,3.117815
0.0,8,3.118054
0.0,32,3.118766
0.0,6,3.118957
0.0,6,3.119135
0.0,35,3.119925
0.0,15,3.120298
0.0,23,3.120817
1.0,39,3.121671
0.0,18,3.122107
0.0,25,3.122679
0.0,6,3.122866
1.0,18,3.123288
0.0,13,3.123614
0.0,11,3.123908
0.0,8,3.124147
0.0,36,3.124949
0.0,31,3.125656
0.0,16,3.126058
0.0,4,3.126197
0.0,3,3.126322
0.0,4,3.126462
0.0,27,3.127083
0.0,23,3.127655
0.0,33,3.128467
0.0,15,3.128826
0.0,3,3.12895
0.0,64,3.130323
1.0,18,3.130754
0.0,26,3.131361
0.0,9,3.131606
0.0,53,3.132771
0.0,10,3.133066
0.0,12,3.133379
1.0,30,3.134075
0.0,15,3.134444
0.0,10,3.134701
0.0,4,3.134843
0.0,15,3.135214
0.0,9,3.13546
1.0,17,3.135891
0.0,4,3.136031
0.0,9,3.136273
0.0,35,3.137048
1.0,11,3.137338
1.0,27,3.137953
1.0,10,3.138216
0.0,20,3.138691
1.0,10,3.138972
1.0,27,3.139581
1.0,25,3.140147
1.0,21,3.140634
0.0,28,3.141269
1.0,30,3.141946
0.0,16,3.142324
0.0,19,3.142781
0.0,39,3.143657
1.0,42,3.144585
0.0,13,3.144937
0.0,8,3.145154
0.0,6,3.145332
0.0,46,3.146333
0.0,14,3.146687
0.0,3,3.146807
0.0,20,3.147283
0.0,6,3.147462
0.0,7,3.147668
0.0,19,3.148137
0.0,14,3.148493
0.0,15,3.148873
0.0,18,3.149311
1.0,10,3.149577
0.0,3,3.149701
1.0,16,3.150109
1.0,10,3.150373
1.0,28,3.151014
0.0,21,3.151499
1.0,8,3.151723
0.0,7,3.15194
0.0,20,3.15241
0.0,13,3.152736
0.0,8,3.152968
0.0,5,3.153125
1.0,10,3.15338
0.0,11,3.153661
1.0,23,3.154209
0.0,27,3.154822
0.0,50,3.155931
0.0,8,3.156163
0.0,32,3.156894
0.0,43,3.15785
0.0,28,3.158515
1.0,19,3.158958
0.0,13,3.159292
0.0,4,3.15943
0.0,11,3.159712
1.0,26,3.16035
0.0,29,3.161034
0.0,35,3.161831
0.0,4,3.161985
0.0,96,3.164036
0.0,14,3.164386
0.0,21,3.164893
0.0,70,3.166418
0.0,27,3.167053
0.0,11,3.167342
0.0,9,3.167582
1.0,41,3.168485
1.0,38,3.16933
0.0,7,3.169537
0.0,38,3.170374
0.0,5,3.170541
0.0,3,3.170661
1.0,22,3.17117
1.0,35,3.171957
1.0,81,3.173747
1.0,22,3.174392
1.0,36,3.175222
1.0,11,3.17551
1.0,22,3.176019
0.0,100,3.178148
0.0,30,3.178843
0.0,15,3.179212
0.0,3,3.179337
0.0,20,3.179789
0.0,15,3.180185
0.0,4,3.180334
0.0,68,3.181772
0.0,32,3.182499
0.0,36,3.183312
0.0,6,3.183505
0.0,18,3.183942
0.0,25,3.184506
0.0,9,3.184744
1.0,18,3.18523
0.0,5,3.185388
0.0,4,3.185531
1.0,51,3.18663
1.0,14,3.186979
1.0,32,3.187678
1.0,42,3.188603
0.0,13,3.188954
0.0,15,3.189329
0.0,7,3.189533
0.0,18,3.190002
0.0,70,3.191528
0.0,29,3.192183
0.0,17,3.192594
0.0,12,3.192933
1.0,21,3.193436
1.0,23,3.193983
0.0,51,3.195097
0.0,3,3.195222
0.0,26,3.195812
0.0,69,3.19729
0.0,32,3.198011
1.0,46,3.199039
0.0,56,3.200247
0.0,8,3.200479
0.0,7,3.20069
1.0,55,3.201876
1.0,95,3.20389
0.0,45,3.204873
0.0,6,3.205064
0.0,12,3.205368
0.0,27,3.206001
0.0,8,3.206237
0.0,6,3.206415
0.0,43,3.207381
0.0,17,3.207792
0.0,18,3.208221
0.0,11,3.208498
0.0,4,3.208635
0.0,20,3.209109
1.0,7,3.209318
1.0,68,3.210774
0.0,22,3.211298
0.0,13,3.211623
1.0,29,3.212284
1.0,28,3.212932
1.0,14,3.213286
0.0,42,3.214218
1.0,20,3.214681
0.0,9,3.214945
0.0,41,3.215852
0.0,25,3.216432
0.0,23,3.216959
0.0,43,3.217973
0.0,3,3.218097
1.0,48,3.219158
0.0,9,3.219438
0.0,82,3.221219
0.0,34,3.222001
1.0,25,3.222582
0.0,20,3.223101
0.0,29,3.223763
1.0,17,3.224175
0.0,19,3.224622
0.0,6,3.22481
0.0,10,3.225093
1.0,29,3.225743
1.0,20,3.226213
0.0,27,3.226825
1.0,18,3.227302
1.0,8,3.227521
0.0,63,3.228947
1.0,28,3.229565
0.0,13,3.229909
0.0,4,3.230056
1.0,9,3.230295
1.0,86,3.23213
0.0,11,3.232419
0.0,9,3.232663
0.0,45,3.233698
0.0,20,3.234177
1.0,49,3.235243
0.0,18,3.235664
0.0,16,3.236061
1.0,17,3.236482
1.0,22,3.237007
1.0,37,3.237796
1.0,21,3.238293
1.0,17,3.23874
1.0,44,3.23974
0.0,3,3.239874
0.0,37,3.240698
1.0,35,3.241487
0.0,40,3.242383
0.0,6,3.242576
0.0,11,3.242876
0.0,11,3.243165
1.0,24,3.243705
0.0,9,3.243952
0.0,22,3.244475
0.0,6,3.244662
0.0,11,3.244971
0.0,5,3.245142
0.0,20,3.245619
0.0,18,3.246068
0.0,13,3.246397
0.0,13,3.246716
0.0,39,3.247565
0.0,49,3.248609
1.0,34,3.249367
1.0,23,3.249909
0.0,14,3.250246
1.0,29,3.250906
1.0,22,3.251415
1.0,17,3.251818
0.0,3,3.251951
1.0,11,3.25223
1.0,9,3.252466
0.0,3,3.25258
1.0,46,3.253609
1.0,13,3.253959
0.0,69,3.255447
0.0,71,3.25698
0.0,13,3.257303
0.0,3,3.257431
0.0,35,3.258214
0.0,16,3.258625
0.0,17,3.259052
1.0,19,3.259511
0.0,35,3.260304
0.0,21,3.260799
0.0,4,3.260949
0.0,23,3.261486
0.0,5,3.26165
0.0,15,3.262024
0.0,25,3.262603
1.0,37,3.263428
1.0,21,3.263926
0.0,25,3.264492
0.0,64,3.265891
0.0,4,3.266032
0.0,7,3.266229
0.0,14,3.266576
0.0,20,3.26707
1.0,9,3.267318
0.0,3,3.267435
1.0,47,3.26845
0.0,18,3.268888
0.0,14,3.269238
0.0,38,3.270097
0.0,19,3.270559
0.0,23,3.271096
0.0,23,3.271626
0.0,9,3.271883
0.0,26,3.272468
0.0,7,3.272667
0.0,10,3.272939
0.0,6,3.273124
0.0,72,3.274683
0.0,30,3.27537
0.0,8,3.275603
0.0,5,3.275761
0.0,7,3.275984
0.0,6,3.27617
0.0,4,3.276309
0.0,30,3.276979
0.0,34,3.277731
0.0,13,3.278071
0.0,36,3.278888
0.0,5,3.279116
0.0,10,3.279396
1.0,33,3.280149
1.0,28,3.280771
0.0,20,3.281261
0.0,6,3.281443
0.0,39,3.282307
1.0,9,3.282548
0.0,20,3.283042
0.0,45,3.284027
0.0,23,3.284566
1.0,47,3.285595
0.0,4,3.285738
0.0,72,3.287327
1.0,33,3.288077
0.0,70,3.289575
0.0,54,3.290761
0.0,23,3.291301
0.0,8,3.291535
0.0,37,3.292378
0.0,29,3.29305
1.0,17,3.293466
1.0,38,3.294339
0.0,78,3.295986
1.0,34,3.296731
0.0,32,3.297452
0.0,19,3.297924
1.0,11,3.298214
0.0,20,3.298687
1.0,51,3.299814
0.0,14,3.30016
1.0,12,3.300456
1.0,42,3.301348
0.0,32,3.302067
1.0,58,3.303289
1.0,42,3.304289
1.0,26,3.304898
1.0,60,3.306214
1.0,14,3.30656
0.0,3,3.306684
0.0,5,3.306844
0.0,5,3.30702
0.0,48,3.308094
0.0,50,3.309188
0.0,59,3.31047
0.0,7,3.310684
0.0,11,3.310986
0.0,24,3.311532
0.0,12,3.311842
0.0,15,3.312224
0.0,16,3.312618
0.0,10,3.312896
0.0,29,3.313557
1.0,15,3.313983
0.0,24,3.314557
0.0,8,3.314789
0.0,3,3.31492
0.0,9,3.315161
0.0,14,3.315504
0.0,40,3.316394
0.0,33,3.317142
0.0,5,3.31731
0.0,4,3.317455
0.0,54,3.318629
0.0,78,3.320283
0.0,26,3.320887
0.0,14,3.321247
0.0,26,3.32185
1.0,40,3.322736
1.0,22,3.323268
0.0,22,3.323787
0.0,52,3.324944
0.0,22,3.325461
0.0,38,3.326324
0.0,23,3.326864
0.0,9,3.327112
0.0,24,3.327661
0.0,13,3.327996
1.0,26,3.328575
0.0,9,3.328812
0.0,12,3.329133
0.0,14,3.329473
0.0,9,3.329707
0.0,13,3.330046
0.0,7,3.330256
0.0,3,3.330381
1.0,60,3.331682
1.0,14,3.332049
0.0,93,3.334035
0.0,13,3.334365
1.0,16,3.334758
0.0,45,3.335737
0.0,12,3.336057
1.0,23,3.3366
0.0,50,3.337698
1.0,11,3.338011
0.0,37,3.33883
1.0,9,3.339087
0.0,9,3.339332
1.0,15,3.339702
0.0,5,3.339869
0.0,7,3.340077
0.0,18,3.340498
0.0,36,3.341324
0.0,51,3.342494
0.0,33,3.343245
0.0,54,3.344411
0.0,8,3.344657
1.0,70,3.346144
0.0,28,3.346775
1.0,26,3.3474
0.0,11,3.347696
1.0,36,3.348493
0.0,12,3.348805
1.0,29,3.349474
0.0,42,3.350397
1.0,13,3.350719
1.0,32,3.351439
0.0,13,3.351765
1.0,16,3.352167
0.0,13,3.352486
0.0,14,3.35283
1.0,95,3.354836
0.0,14,3.355192
0.0,31,3.35589
0.0,3,3.356021
1.0,79,3.357718
0.0,21,3.358216
0.0,12,3.358523
1.0,13,3.358847
0.0,17,3.359265
0.0,18,3.359704
0.0,36,3.360502
0.0,15,3.360902
0.0,14,3.361269
0.0,4,3.361405
0.0,24,3.361959
1.0,74,3.363538
0.0,10,3.363811
0.0,9,3.364072
0.0,15,3.364437
0.0,13,3.364767
0.0,37,3.365609
0.0,8,3.365839
1.0,13,3.366175
1.0,74,3.367754
1.0,43,3.368697
1.0,27,3.36932
0.0,27,3.369952
0.0,29,3.37062
1.0,61,3.371938
1.0,15,3.372308
1.0,15,3.372687
0.0,42,3.373615
0.0,7,3.373816
0.0,10,3.374095
0.0,17,3.374508
0.0,25,3.375087
1.0,67,3.376545
0.0,35,3.377387
0.0,15,3.377772
1.0,19,3.378238
0.0,15,3.378611
0.0,7,3.378818
1.0,37,3.379665
1.0,10,3.379937
0.0,61,3.381263
0.0,32,3.381993
0.0,39,3.382862
0.0,30,3.383555
0.0,4,3.383695
0.0,23,3.384229
0.0,8,3.384456
0.0,16,3.384849
0.0,24,3.385448
0.0,11,3.385746
0.0,23,3.386279
0.0,9,3.386521
0.0,4,3.386667
0.0,15,3.387039
0.0,10,3.387318
1.0,22,3.387827
0.0,6,3.388021
0.0,13,3.388366
1.0,26,3.389028
0.0,4,3.38917
1.0,17,3.389578
0.0,9,3.389826
0.0,100,3.392005
0.0,26,3.392598
0.0,14,3.392958
0.0,8,3.393194
0.0,16,3.393593
0.0,67,3.395032
0.0,8,3.395254
0.0,22,3.395766
0.0,12,3.396075
0.0,8,3.396302
0.0,5,3.396466
0.0,8,3.396684
0.0,13,3.39703
1.0,17,3.39745
1.0,27,3.398083
0.0,23,3.398621
0.0,11,3.398914
0.0,7,3.399114
0.0,3,3.39923
0.0,43,3.400168
0.0,18,3.400608
1.0,22,3.401127
1.0,17,3.401538
0.0,29,3.40221
1.0,33,3.402947
0.0,7,3.403157
0.0,18,3.403586
0.0,12,3.403903
0.0,13,3.404242
0.0,8,3.404474
0.0,21,3.404984
1.0,7,3.405199
0.0,11,3.405494
0.0,15,3.405874
0.0,11,3.406157
0.0,7,3.406355
0.0,25,3.406947
1.0,8,3.407175
0.0,18,3.407608
0.0,29,3.40826
1.0,13,3.408585
1.0,22,3.409109
1.0,31,3.409798
0.0,16,3.410249
0.0,6,3.41043
0.0,33,3.41123
0.0,12,3.411553
0.0,18,3.411994
0.0,11,3.412281
0.0,15,3.412654
0.0,27,3.413267
0.0,3,3.413387
0.0,6,3.413565
0.0,16,3.413977
0.0,13,3.414304
0.0,4,3.41445
0.0,3,3.414575
0.0,5,3.414734
0.0,8,3.41496
0.0,12,3.415259
0.0,23,3.415798
1.0,27,3.416403
0.0,25,3.416986
1.0,41,3.417885
1.0,20,3.41834
0.0,9,3.418576
0.0,3,3.418699
0.0,7,3.41891
1.0,11,3.419193
0.0,21,3.419693
0.0,26,3.420287
0.0,33,3.421033
0.0,22,3.421533
0.0,19,3.422002
1.0,11,3.422283
0.0,34,3.423032
0.0,24,3.423586
0.0,19,3.424037
0.0,100,3.426152
0.0,27,3.426754
0.0,14,3.427117
1.0,9,3.427367
0.0,8,3.427603
1.0,8,3.427837
0.0,12,3.428162
1.0,12,3.428476
0.0,12,3.428782
0.0,13,3.429112
0.0,17,3.429505
0.0,12,3.429798
0.0,44,3.430745
0.0,27,3.431375
0.0,22,3.431912
0.0,5,3.432082
0.0,22,3.432599
1.0,14,3.432964
0.0,15,3.433319
1.0,41,3.434243
0.0,39,3.435157
1.0,56,3.436417
0.0,42,3.437339
0.0,12,3.437642
0.0,54,3.438839
0.0,17,3.439249
0.0,5,3.439406
0.0,3,3.439523
0.0,10,3.439793
0.0,16,3.440194
1.0,29,3.440829
1.0,14,3.441173
1.0,34,3.441937
0.0,5,3.442095
1.0,13,3.442408
0.0,14,3.442771
0.0,22,3.443299
0.0,25,3.443874
1.0,13,3.4442
0.0,4,3.444344
0.0,9,3.444593
1.0,26,3.445184
0.0,3,3.445302
0.0,29,3.445962
0.0,18,3.446382
0.0,18,3.446823
1.0,30,3.447516
0.0,7,3.447721
0.0,15,3.448098
0.0,9,3.448348
0.0,10,3.448617
0.0,11,3.448924
0.0,46,3.449934
0.0,26,3.450528
1.0,24,3.451101
0.0,14,3.451466
0.0,3,3.451584
0.0,13,3.451926
0.0,3,3.452055
0.0,18,3.452495
0.0,12,3.452805
0.0,19,3.453259
0.0,31,3.45395
0.0,27,3.454553
0.0,3,3.454672
1.0,33,3.455423
0.0,6,3.455602
0.0,4,3.455738
1.0,22,3.456252
0.0,33,3.457002
0.0,48,3.458048
0.0,16,3.45845
0.0,15,3.458821
1.0,27,3.459433
1.0,15,3.459788
0.0,31,3.460521
0.0,63,3.461929
0.0,18,3.462378
0.0,73,3.463915
0.0,47,3.464968
0.0,12,3.465276
0.0,18,3.46569
0.0,27,3.46631
1.0,21,3.466804
0.0,46,3.467828
0.0,29,3.46849
0.0,3,3.46861
0.0,9,3.468866
0.0,17,3.469265
0.0,44,3.470282
0.0,22,3.470794
0.0,20,3.471265
0.0,21,3.471761
0.0,18,3.472193
1.0,28,3.47281
0.0,10,3.473086
1.0,68,3.474533
0.0,25,3.475106
1.0,53,3.476262
1.0,24,3.476809
0.0,29,3.477454
0.0,13,3.477787
0.0,27,3.478408
0.0,30,3.479074
0.0,66,3.480471
0.0,7,3.480678
0.0,4,3.480823
1.0,24,3.481379
0.0,7,3.481592
0.0,34,3.482366
1.0,28,3.483008
0.0,6,3.483189
1.0,21,3.483695
0.0,55,3.484894
0.0,16,3.485292
0.0,30,3.485972
1.0,51,3.487059
0.0,30,3.487747
1.0,71,3.489256
0.0,14,3.489675
0.0,3,3.489799
1.0,15,3.490187
1.0,13,3.490515
0.0,26,3.491129
1.0,15,3.491499
0.0,37,3.492327
0.0,16,3.49272
0.0,10,3.493
0.0,29,3.493644
0.0,8,3.493881
0.0,16,3.494272
0.0,26,3.49488
0.0,8,3.495115
1.0,31,3.495798
0.0,38,3.496651
1.0,15,3.497026
1.0,38,3.497873
0.0,92,3.499813
0.0,3,3.499952
0.0,26,3.50055
0.0,14,3.500918
0.0,5,3.501082
0.0,39,3.502045
0.0,15,3.502432
1.0,24,3.503
0.0,7,3.503199
0.0,37,3.504011
0.0,20,3.504484
0.0,12,3.504779
0.0,14,3.505139
0.0,8,3.505367
0.0,44,3.506352
0.0,17,3.506763
0.0,9,3.507019
0.0,35,3.507781
0.0,16,3.508183
1.0,32,3.508908
0.0,44,3.5099
1.0,12,3.510216
1.0,13,3.510547
0.0,11,3.510845
1.0,13,3.511171
0.0,5,3.511336
1.0,34,3.512105
1.0,31,3.512787
0.0,42,3.513711
0.0,9,3.51396
0.0,21,3.51445
0.0,10,3.514714
0.0,13,3.51505
0.0,9,3.515302
0.0,4,3.515442
0.0,19,3.515914
1.0,41,3.516792
0.0,30,3.517484
1.0,54,3.518649
0.0,11,3.518941
1.0,17,3.519353
1.0,47,3.520375
0.0,87,3.522228
0.0,5,3.52239
0.0,11,3.522677
0.0,9,3.522943
0.0,35,3.523732
0.0,7,3.52396
0.0,24,3.524516
0.0,23,3.525067
0.0,24,3.525619
0.0,7,3.525826
0.0,20,3.52632
0.0,6,3.526499
0.0,22,3.527037
0.0,61,3.528333
0.0,10,3.528598
0.0,38,3.529451
0.0,12,3.529765
0.0,11,3.530055
1.0,66,3.531449
1.0,32,3.532161
0.0,47,3.533191
0.0,14,3.533533
1.0,25,3.534109
0.0,59,3.535417
1.0,22,3.535923
0.0,53,3.537068
0.0,16,3.537466
1.0,13,3.537796
0.0,21,3.538301
0.0,23,3.538844
0.0,7,3.539055
0.0,40,3.53994
0.0,8,3.540172
0.0,9,3.540411
0.0,21,3.540909
1.0,30,3.54159
0.0,55,3.542799
1.0,12,3.543126
1.0,18,3.543566
0.0,34,3.544338
0.0,14,3.544684
1.0,10,3.544963
1.0,14,3.5453
0.0,8,3.545514
0.0,19,3.545974
0.0,12,3.546277
1.0,18,3.546705
1.0,60,3.548002
1.0,27,3.548611
1.0,31,3.549302
0.0,16,3.549695
0.0,7,3.549915
0.0,32,3.550626
1.0,48,3.551662
0.0,16,3.552071
0.0,44,3.553051
0.0,12,3.553358
0.0,5,3.553522
0.0,16,3.553923
0.0,7,3.554123
1.0,27,3.554759
0.0,11,3.555072
0.0,4,3.555239
0.0,19,3.555706
0.0,28,3.556365
0.0,33,3.55713
1.0,21,3.557632
0.0,4,3.557776
0.0,25,3.558354
0.0,5,3.558517
0.0,26,3.559115
0.0,6,3.559304
1.0,12,3.559601
0.0,40,3.560498
0.0,14,3.560847
0.0,9,3.561096
1.0,28,3.561718
0.0,5,3.561884
0.0,4,3.56203
0.0,8,3.562248
0.0,16,3.562632
0.0,6,3.562809
0.0,78,3.564504
0.0,47,3.565531
0.0,5,3.565691
0.0,8,3.565927
0.0,16,3.566325
0.0,9,3.566571
0.0,10,3.566828
1.0,16,3.567212
0.0,8,3.567429
0.0,32,3.568139
0.0,11,3.568432
0.0,35,3.569224
0.0,9,3.569473
1.0,11,3.569762
0.0,16,3.570167
1.0,19,3.570601
0.0,55,3.571782
0.0,8,3.572021
0.0,22,3.572525
1.0,22,3.573082
0.0,87,3.574971
1.0,30,3.575637
0.0,11,3.575932
1.0,7,3.576141
0.0,20,3.576631
1.0,11,3.57692
0.0,7,3.577126
0.0,8,3.577358
0.0,4,3.577499
0.0,11,3.5778
0.0,8,3.578036
0.0,26,3.578629
0.0,43,3.579567
0.0,10,3.579836
1.0,57,3.581073
0.0,71,3.582581
1.0,19,3.583032
0.0,13,3.583364
0.0,14,3.583718
1.0,12,3.584028
1.0,14,3.584375
0.0,24,3.584952
0.0,41,3.58587
0.0,37,3.586714
1.0,20,3.587198
1.0,21,3.587694
1.0,35,3.58848
0.0,8,3.588709
1.0,7,3.588926
1.0,22,3.589435
1.0,15,3.58988
1.0,42,3.59081
0.0,40,3.591688
0.0,14,3.592051
1.0,24,3.592612
0.0,47,3.593693
0.0,18,3.594198
0.0,11,3.594481
0.0,9,3.594732
0.0,39,3.595602
0.0,4,3.595742
1.0,43,3.596678
1.0,13,3.59702
1.0,12,3.597317
0.0,31,3.598011
0.0,52,3.59915
0.0,52,3.600282
1.0,12,3.600591
0.0,31,3.601274
0.0,10,3.60154
1.0,26,3.602152
0.0,35,3.602947
0.0,4,3.603088
0.0,11,3.603373
0.0,40,3.604266
0.0,7,3.604473
0.0,13,3.604789
0.0,8,3.605016
0.0,19,3.605463
0.0,100,3.607617
1.0,100,3.609827
1.0,36,3.610667
1.0,32,3.611401
1.0,15,3.61177
0.0,25,3.612358
0.0,22,3.612886
0.0,42,3.613797
0.0,8,3.614034
1.0,46,3.615046
1.0,32,3.615755
0.0,7,3.615967
1.0,22,3.616465
1.0,9,3.616702
1.0,41,3.61762
0.0,74,3.619189
0.0,15,3.619559
0.0,6,3.619744
0.0,40,3.620641
1.0,20,3.621118
0.0,23,3.621665
0.0,4,3.621809
1.0,19,3.622269
0.0,50,3.623346
1.0,30,3.624016
0.0,11,3.624303
0.0,8,3.624538
0.0,48,3.625591
0.0,42,3.62653
0.0,12,3.626844
1.0,34,3.627611
0.0,12,3.627939
0.0,12,3.628279
1.0,30,3.628975
0.0,18,3.629425
1.0,46,3.630418
0.0,3,3.630542
1.0,23,3.631082
1.0,19,3.631518
0.0,39,3.63238
0.0,27,3.632998
1.0,24,3.633553
0.0,7,3.633751
0.0,13,3.634096
0.0,20,3.634563
0.0,13,3.634909
0.0,15,3.635291
0.0,45,3.636281
0.0,26,3.636892
0.0,3,3.637013
0.0,18,3.637449
1.0,45,3.638458
1.0,35,3.639264
0.0,8,3.639489
0.0,31,3.640186
1.0,31,3.64087
0.0,15,3.641257
0.0,26,3.641849
0.0,15,3.642236
0.0,13,3.642574
0.0,29,3.643241
0.0,3,3.643362
0.0,7,3.643574
0.0,11,3.643874
0.0,15,3.644251
0.0,73,3.645796
0.0,5,3.645969
0.0,5,3.646129
0.0,6,3.646312
0.0,21,3.646802
1.0,40,3.647688
0.0,39,3.648544
0.0,39,3.649397
1.0,24,3.649957
0.0,13,3.650288
0.0,14,3.650638
0.0,9,3.650892
1.0,45,3.651881
0.0,39,3.652727
0.0,16,3.653126
0.0,42,3.654033
0.0,9,3.654273
0.0,28,3.654905
0.0,100,3.65698
0.0,40,3.657849
0.0,10,3.658125
0.0,7,3.65837
0.0,7,3.658588
0.0,8,3.658816
0.0,10,3.659127
1.0,11,3.659434
0.0,47,3.660452
0.0,27,3.661077
0.0,12,3.661387
0.0,20,3.661871
0.0,35,3.662648
0.0,16,3.663049
1.0,7,3.663249
1.0,40,3.664133
1.0,16,3.664529
1.0,63,3.665915
1.0,15,3.666274
0.0,35,3.667036
1.0,37,3.667848
0.0,49,3.668981
0.0,25,3.669557
0.0,5,3.669724
0.0,3,3.669843
1.0,35,3.670644
0.0,26,3.671241
0.0,3,3.671361
1.0,16,3.67174
0.0,6,3.671936
1.0,83,3.673751
1.0,23,3.674333
0.0,8,3.67456
0.0,25,3.675149
0.0,6,3.675338
0.0,20,3.675807
0.0,39,3.676683
0.0,15,3.677059
0.0,3,3.677179
0.0,26,3.677772
0.0,52,3.678868
1.0,66,3.680275
0.0,49,3.681351
0.0,40,3.682232
0.0,29,3.682887
1.0,15,3.683259
1.0,26,3.683846
0.0,6,3.684042
1.0,13,3.684369
1.0,36,3.685181
1.0,31,3.685895
0.0,20,3.686393
0.0,7,3.686592
0.0,9,3.686843
0.0,69,3.688349
0.0,31,3.689052
0.0,8,3.689283
0.0,12,3.68959
0.0,100,3.691774
1.0,12,3.692096
0.0,8,3.692316
0.0,18,3.692754
1.0,38,3.693593
0.0,52,3.694732
0.0,3,3.694866
0.0,26,3.695459
0.0,69,3.696959
1.0,13,3.697288
0.0,3,3.697405
1.0,30,3.698077
0.0,7,3.698285
0.0,3,3.698404
0.0,26,3.699018
0.0,26,3.699627
0.0,31,3.700311
0.0,24,3.700884
0.0,7,3.701159
0.0,11,3.701453
1.0,13,3.701782
0.0,9,3.702041
0.0,42,3.702973
1.0,19,3.703424
1.0,13,3.703744
1.0,28,3.704391
1.0,33,3.705137
0.0,25,3.705703
1.0,9,3.705961
1.0,18,3.706392
1.0,42,3.70733
0.0,50,3.708456
0.0,36,3.709295
0.0,42,3.710218
0.0,8,3.710438
0.0,17,3.710847
0.0,4,3.711005
1.0,16,3.711395
0.0,20,3.711869
0.0,5,3.712044
0.0,12,3.712365
0.0,26,3.712988
0.0,16,3.713384
1.0,19,3.713822
1.0,6,3.714016
0.0,51,3.715128
0.0,7,3.715343
0.0,15,3.715709
1.0,32,3.716446
0.0,11,3.716737
0.0,60,3.71806
0.0,56,3.719302
0.0,23,3.719826
0.0,9,3.720084
0.0,5,3.720247
0.0,24,3.720792
1.0,16,3.721187
1.0,19,3.721645
0.0,14,3.722009
1.0,17,3.722419
1.0,14,3.722758
1.0,35,3.723549
0.0,13,3.723907
0.0,24,3.724486
0.0,42,3.725462
0.0,19,3.725914
1.0,35,3.726701
1.0,11,3.726997
0.0,3,3.727115
0.0,23,3.727651
0.0,32,3.728452
0.0,33,3.729182
0.0,6,3.72937
0.0,5,3.729529
0.0,7,3.729726
0.0,37,3.730556
1.0,28,3.731201
0.0,3,3.731328
1.0,27,3.731955
0.0,20,3.73243
1.0,21,3.732934
0.0,13,3.733263
0.0,10,3.733521
0.0,15,3.733895
0.0,63,3.735272
1.0,15,3.735645
0.0,30,3.736327
0.0,42,3.737235
0.0,4,3.737381
0.0,41,3.738277
1.0,13,3.738609
0.0,5,3.738779
0.0,15,3.739161
0.0,11,3.739442
1.0,52,3.74059
0.0,40,3.741511
0.0,3,3.741632
0.0,9,3.741889
0.0,33,3.742618
0.0,15,3.742993
0.0,24,3.743547
0.0,27,3.744177
0.0,11,3.74447
1.0,37,3.745314
0.0,25,3.745899
0.0,19,3.746357
0.0,4,3.746496
0.0,47,3.747549
0.0,48,3.748601
0.0,3,3.748731
0.0,4,3.74889
1.0,14,3.749239
0.0,26,3.749835
1.0,30,3.75052
0.0,59,3.751771
1.0,51,3.75288
1.0,16,3.753261
0.0,18,3.753696
0.0,18,3.754136
1.0,19,3.754597
0.0,20,3.75508
0.0,19,3.755536
0.0,5,3.755707
0.0,24,3.756288
0.0,17,3.756701
0.0,8,3.756948
0.0,7,3.75715
1.0,14,3.757494
0.0,3,3.757623
1.0,36,3.758431
0.0,18,3.758883
0.0,5,3.759044
0.0,65,3.760448
0.0,10,3.760717
1.0,38,3.761549
0.0,7,3.76176
0.0,7,3.761972
0.0,3,3.762091
1.0,55,3.763294
0.0,8,3.763527
0.0,12,3.763827
1.0,27,3.764452
1.0,29,3.765113
1.0,13,3.76544
0.0,12,3.765753
0.0,39,3.76662
0.0,24,3.767188
0.0,7,3.76739
0.0,6,3.767566
0.0,28,3.768228
0.0,3,3.768348
0.0,8,3.768564
0.0,24,3.769129
0.0,6,3.769307
0.0,10,3.769567
0.0,11,3.769874
1.0,27,3.770493
0.0,5,3.770664
0.0,26,3.771265
0.0,7,3.771467
0.0,7,3.771667
0.0,15,3.77205
0.0,31,3.772741
0.0,40,3.773625
1.0,10,3.773907
0.0,7,3.774113
0.0,18,3.774551
0.0,41,3.77546
0.0,25,3.776052
0.0,19,3.776508
1.0,20,3.776982
0.0,28,3.777605
0.0,39,3.778461
0.0,21,3.778961
0.0,32,3.779685
0.0,17,3.780113
0.0,38,3.780983
0.0,3,3.781104
0.0,24,3.781666
1.0,14,3.782029
0.0,4,3.782167
0.0,34,3.782941
1.0,16,3.783331
0.0,62,3.784703
0.0,73,3.786378
0.0,30,3.787055
0.0,7,3.787263
1.0,26,3.787863
1.0,16,3.788244
0.0,8,3.788474
1.0,49,3.78956
1.0,76,3.791208
0.0,14,3.791565
0.0,17,3.791998
0.0,10,3.792259
0.0,18,3.792691
0.0,7,3.792902
0.0,7,3.793103
0.0,14,3.793448
0.0,10,3.793719
0.0,62,3.795173
1.0,62,3.796495
0.0,19,3.796959
0.0,14,3.797316
0.0,42,3.798313
0.0,21,3.798822
1.0,22,3.799339
0.0,19,3.799782
0.0,14,3.800137
1.0,13,3.800475
0.0,16,3.800883
1.0,7,3.801087
0.0,100,3.803347
0.0,14,3.803715
1.0,13,3.80406
1.0,18,3.804504
0.0,35,3.805361
0.0,10,3.805633
0.0,12,3.805948
0.0,9,3.806199
0.0,15,3.806568
1.0,21,3.80707
0.0,48,3.808095
1.0,25,3.808672
0.0,5,3.80884
0.0,12,3.809165
0.0,10,3.809438
0.0,95,3.811451
0.0,28,3.812088
0.0,7,3.812296
0.0,5,3.812456
0.0,10,3.812726
0.0,8,3.812967
1.0,48,3.814026
0.0,12,3.814332
0.0,19,3.814781
0.0,90,3.81668
0.0,14,3.817041
0.0,4,3.817182
1.0,49,3.818257
0.0,14,3.818597
1.0,36,3.819398
1.0,33,3.820146
0.0,46,3.821163
0.0,38,3.822002
0.0,91,3.823961
0.0,27,3.824573
0.0,29,3.82523
1.0,61,3.826558
0.0,18,3.826998
0.0,56,3.828209
0.0,7,3.828419
1.0,44,3.82937
1.0,22,3.829895
0.0,22,3.830399
0.0,22,3.830922
0.0,3,3.831048
0.0,37,3.831879
1.0,15,3.832245
1.0,36,3.833066
0.0,20,3.833546
0.0,34,3.834324
0.0,44,3.835268
1.0,21,3.835746
0.0,8,3.835988
1.0,22,3.836514
0.0,63,3.837873
1.0,27,3.83848
1.0,34,3.839252
0.0,5,3.839412
0.0,25,3.84001
0.0,7,3.840214
1.0,20,3.840678
0.0,9,3.840933
0.0,19,3.841392
0.0,25,3.841979
0.0,12,3.842338
1.0,28,3.843
1.0,27,3.843634
1.0,57,3.844891
0.0,16,3.845301
0.0,3,3.845424
0.0,20,3.845905
0.0,24,3.846456
0.0,18,3.8469
0.0,17,3.847297
0.0,5,3.847453
1.0,41,3.848352
0.0,9,3.848606
0.0,26,3.849227
1.0,24,3.849782
0.0,10,3.85006
1.0,9,3.850301
0.0,12,3.850624
1.0,31,3.851339
1.0,17,3.85175
1.0,21,3.852262
1.0,15,3.852633
1.0,16,3.853032
0.0,11,3.853323
0.0,9,3.853569
0.0,22,3.854084
0.0,23,3.854617
1.0,22,3.85513
0.0,23,3.85566
0.0,18,3.856111
0.0,25,3.856682
0.0,4,3.856825
0.0,22,3.857341
1.0,55,3.858534
0.0,6,3.858718
1.0,46,3.859738
0.0,6,3.85994
0.0,64,3.861304
0.0,13,3.861631
0.0,16,3.862028
0.0,16,3.86242
0.0,45,3.863408
0.0,38,3.864269
0.0,29,3.864932
0.0,15,3.865296
0.0,26,3.865887
1.0,17,3.866293
1.0,20,3.866752
1.0,37,3.867576
0.0,7,3.867782
0.0,19,3.868263
1.0,25,3.868848
0.0,35,3.869648
0.0,11,3.86995
1.0,11,3.870244
1.0,31,3.870939
1.0,16,3.871326
0.0,5,3.871483
0.0,18,3.871917
0.0,17,3.872334
1.0,12,3.872633
0.0,7,3.872835
0.0,38,3.873698
0.0,9,3.873956
0.0,38,3.874782
0.0,7,3.874995
0.0,7,3.875194
0.0,92,3.877163
0.0,9,3.87741
0.0,100,3.87954
1.0,11,3.879829
0.0,10,3.880109
0.0,3,3.88023
0.0,5,3.880388
0.0,5,3.880556
0.0,23,3.881113
0.0,19,3.881586
0.0,44,3.88263
1.0,17,3.883041
1.0,31,3.88375
0.0,13,3.884093
0.0,100,3.886226
0.0,11,3.886531
0.0,15,3.886944
0.0,9,3.887216
0.0,16,3.887595
0.0,98,3.889673
0.0,27,3.890319
0.0,8,3.890564
0.0,3,3.89069
0.0,47,3.891769
0.0,41,3.892693
1.0,17,3.893112
1.0,10,3.893372
0.0,8,3.8936
1.0,8,3.893821
0.0,10,3.894095
0.0,8,3.894322
1.0,18,3.894758
0.0,8,3.894988
0.0,9,3.895236
0.0,14,3.895588
0.0,34,3.896362
0.0,51,3.897485
0.0,12,3.897811
0.0,21,3.898304
0.0,43,3.899242
1.0,25,3.899823
1.0,40,3.900701
0.0,12,3.901008
1.0,43,3.901958
1.0,17,3.902372
0.0,22,3.902888
0.0,48,3.903945
1.0,33,3.90469
1.0,61,3.906013
0.0,45,3.906999
0.0,15,3.907374
0.0,20,3.907841
0.0,14,3.908209
0.0,32,3.908932
0.0,12,3.909253
0.0,3,3.909435
0.0,15,3.909813
0.0,3,3.909944
0.0,34,3.910709
1.0,42,3.911644
0.0,55,3.912861
0.0,10,3.913141
1.0,21,3.913636
0.0,5,3.9138
0.0,10,3.914073
0.0,18,3.914494
0.0,36,3.915305
0.0,4,3.915453
0.0,14,3.915799
0.0,14,3.916161
0.0,11,3.916455
1.0,26,3.917064
1.0,48,3.918135
0.0,6,3.918314
0.0,7,3.918519
0.0,8,3.918749
0.0,25,3.919327
0.0,20,3.919814
0.0,32,3.920541
0.0,53,3.9217
0.0,24,3.922254
0.0,55,3.92346
0.0,6,3.92365
0.0,3,3.923769
0.0,5,3.923945
0.0,3,3.924073
0.0,20,3.924547
1.0,11,3.924841
0.0,30,3.92553
0.0,31,3.926234
1.0,19,3.926678
0.0,19,3.927153
1.0,35,3.927957
1.0,24,3.92852
0.0,40,3.929427
0.0,4,3.929579
0.0,12,3.929908
0.0,10,3.930179
1.0,65,3.931561
1.0,7,3.931763
0.0,23,3.932307
0.0,5,3.932475
1.0,32,3.933187
0.0,75,3.934804
0.0,28,3.935441
0.0,8,3.93567
1.0,19,3.936148
0.0,19,3.936612
1.0,17,3.937048
0.0,54,3.938244
0.0,8,3.938473
0.0,6,3.938653
0.0,34,3.939417
0.0,4,3.939557
0.0,5,3.939724
0.0,5,3.939894
0.0,5,3.940067
0.0,53,3.941216
0.0,18,3.941642
1.0,10,3.941909
0.0,27,3.942511
0.0,7,3.942724
1.0,57,3.943978
0.0,8,3.944212
1.0,17,3.94462
0.0,5,3.944778
0.0,62,3.946097
0.0,12,3.946393
0.0,28,3.947022
0.0,40,3.947912
1.0,13,3.94824
0.0,36,3.94904
0.0,95,3.951071
0.0,16,3.951453
0.0,21,3.951964
0.0,21,3.952469
0.0,4,3.952609
1.0,20,3.953111
0.0,7,3.953333
0.0,9,3.953581
0.0,19,3.954041
0.0,17,3.954449
1.0,11,3.954743
0.0,13,3.955086
0.0,10,3.955359
0.0,6,3.955539
0.0,45,3.956516
1.0,24,3.957089
0.0,4,3.95723
0.0,19,3.957676
0.0,18,3.958126
0.0,5,3.9583
1.0,74,3.959909
1.0,10,3.960187
0.0,34,3.960976
1.0,34,3.961747
1.0,53,3.962934
0.0,14,3.963285
0.0,67,3.964703
0.0,19,3.965167
1.0,29,3.965824
0.0,10,3.9661
0.0,10,3.966375
1.0,27,3.967015
0.0,12,3.96733
0.0,40,3.968251
0.0,51,3.969357
1.0,25,3.969934
0.0,5,3.970094
0.0,15,3.970511
0.0,56,3.971771
0.0,4,3.971932
0.0,10,3.972208
0.0,34,3.972981
0.0,15,3.973357
1.0,13,3.973677
0.0,32,3.97441
1.0,22,3.974942
0.0,6,3.975128
0.0,8,3.975354
0.0,23,3.975915
0.0,63,3.977258
0.0,50,3.97835
1.0,37,3.979164
1.0,39,3.980035
0.0,4,3.980184
0.0,19,3.980635
0.0,12,3.980949
0.0,13,3.981265
1.0,41,3.982179
0.0,8,3.982404
0.0,7,3.982613
0.0,28,3.983259
0.0,21,3.983733
0.0,31,3.98443
0.0,21,3.984924
0.0,7,3.985136
0.0,16,3.985519
0.0,10,3.985775
0.0,16,3.986175
0.0,22,3.986676
1.0,23,3.987216
0.0,4,3.987355
0.0,10,3.987626
1.0,18,3.988058
1.0,13,3.988385
0.0,3,3.988503
0.0,45,3.989532
0.0,20,3.990024
0.0,32,3.990734
0.0,10,3.991009
0.0,30,3.991681
0.0,30,3.992369
0.0,91,3.994298
0.0,53,3.995453
1.0,31,3.996172
0.0,5,3.996331
0.0,5,3.996499
1.0,21,3.997015
0.0,26,3.99761
0.0,4,3.997756
0.0,12,3.998075
0.0,11,3.998365
0.0,7,3.998578
0.0,4,3.998723
0.0,7,3.998935
0.0,11,3.999215
0.0,20,3.999688
0.0,13,4.000029
0.0,4,4.000175
1.0,13,4.000507
0.0,78,4.002239
0.0,33,4.003029
0.0,40,4.003966
0.0,36,4.004781
0.0,29,4.005452
0.0,6,4.005642
0.0,9,4.006467
0.0,15,4.006974
0.0,12,4.007306
0.0,69,4.008822
0.0,19,4.009274
1.0,14,4.009746
1.0,19,4.010231
0.0,6,4.010416
0.0,32,4.011151
1.0,69,4.012634
0.0,19,4.013104
0.0,18,4.013534
0.0,7,4.01374
1.0,47,4.014768
0.0,12,4.015103
0.0,11,4.0154
0.0,5,4.015569
1.0,22,4.016095
0.0,12,4.016392
0.0,3,4.016515
1.0,62,4.017844
0.0,7,4.018065
1.0,29,4.018725
0.0,6,4.018925
1.0,24,4.019489
1.0,10,4.019754
0.0,20,4.020251
0.0,5,4.020415
0.0,40,4.021305
0.0,4,4.021453
0.0,25,4.022029
0.0,21,4.022518
1.0,39,4.023378
0.0,20,4.02385
0.0,23,4.024398
0.0,7,4.024603
1.0,22,4.025119
1.0,26,4.025698
0.0,8,4.025933
1.0,13,4.026261
1.0,26,4.026851
0.0,24,4.027415
1.0,14,4.027761
1.0,67,4.029187
0.0,51,4.030292
1.0,51,4.031453
1.0,9,4.031694
1.0,18,4.032126
0.0,3,4.032246
1.0,43,4.033198
0.0,3,4.033318
1.0,17,4.033723
0.0,3,4.033846
0.0,34,4.034611
0.0,10,4.034892
1.0,82,4.036662
0.0,16,4.037074
0.0,16,4.037472
1.0,29,4.038156
0.0,28,4.038799
0.0,9,4.039062
1.0,13,4.039394
1.0,16,4.039778
0.0,22,4.04031
0.0,3,4.04043
1.0,13,4.040753
0.0,8,4.040994
0.0,77,4.042651
0.0,14,4.043016
0.0,11,4.043305
0.0,19,4.043752
0.0,16,4.044148
1.0,14,4.044504
1.0,48,4.045537
1.0,27,4.046157
0.0,5,4.046323
0.0,18,4.046748
0.0,19,4.047215
0.0,37,4.048048
0.0,24,4.048608
0.0,43,4.049564
0.0,30,4.050263
0.0,14,4.050613
1.0,27,4.051237
0.0,16,4.051623
1.0,11,4.051919
1.0,23,4.052444
1.0,43,4.053403
0.0,23,4.053938
0.0,13,4.05427
0.0,16,4.054657
0.0,52,4.055798
1.0,29,4.056451
0.0,15,4.056805
0.0,15,4.057176
0.0,3,4.057302
0.0,22,4.057808
0.0,37,4.058631
1.0,19,4.05908
1.0,12,4.059385
0.0,16,4.059763
0.0,8,4.059989
1.0,32,4.060694
1.0,24,4.061274
0.0,30,4.061963
0.0,30,4.062628
1.0,34,4.063381
0.0,54,4.064561
0.0,6,4.064742
0.0,7,4.064952
0.0,10,4.065223
0.0,3,4.065347
0.0,20,4.065824
0.0,22,4.066348
1.0,37,4.067168
0.0,18,4.067599
1.0,35,4.06838
0.0,19,4.068944
1.0,16,4.06937
0.0,25,4.069962
0.0,47,4.070997
0.0,10,4.071269
1.0,62,4.072598
0.0,63,4.074056
0.0,13,4.074416
0.0,21,4.074918
0.0,10,4.075196
1.0,35,4.075975
1.0,25,4.076545
0.0,5,4.076705
0.0,21,4.077204
0.0,11,4.0775
0.0,20,4.078019
1.0,17,4.078447
0.0,17,4.078851
1.0,39,4.079705
0.0,44,4.080654
0.0,21,4.081154
0.0,12,4.081463
1.0,18,4.081899
1.0,18,4.082317
0.0,44,4.083281
1.0,17,4.083706
0.0,7,4.083916
1.0,31,4.08461
1.0,12,4.084937
0.0,60,4.086215
1.0,28,4.086871
0.0,9,4.087129
0.0,26,4.087731
0.0,14,4.08809
0.0,15,4.088457
0.0,11,4.088743
1.0,30,4.08943
0.0,9,4.089679
1.0,18,4.090119
0.0,38,4.090978
0.0,8,4.091203
0.0,24,4.091757
0.0,11,4.09205
0.0,15,4.092419
1.0,41,4.093333
0.0,17,4.093748
0.0,9,4.094006
0.0,9,4.09426
0.0,7,4.094468
1.0,44,4.095438
0.0,74,4.09704
0.0,25,4.09761
0.0,17,4.098041
0.0,7,4.098254
0.0,8,4.098474
1.0,30,4.099153
0.0,8,4.099379
1.0,27,4.100014
1.0,12,4.100328
0.0,4,4.100467
0.0,19,4.100935
0.0,9,4.101178
0.0,34,4.101931
0.0,35,4.102704
0.0,71,4.104229
0.0,3,4.104356
0.0,15,4.10472
0.0,23,4.105258
0.0,43,4.106211
0.0,41,4.107144
1.0,34,4.107928
0.0,58,4.1092
0.0,21,4.10971
0.0,35,4.110674
0.0,8,4.110941
0.0,9,4.111212
0.0,12,4.111524
1.0,22,4.112041
0.0,33,4.112807
0.0,18,4.11326
0.0,6,4.113447
0.0,9,4.1137
0.0,49,4.114766
0.0,5,4.114948
0.0,3,4.115068
0.0,14,4.115413
0.0,8,4.115639
0.0,7,4.115849
1.0,47,4.116894
1.0,34,4.11764
0.0,83,4.11939
0.0,100,4.121533
1.0,16,4.121937
0.0,21,4.122426
0.0,45,4.123421
0.0,4,4.123564
0.0,50,4.12465
0.0,31,4.125366
0.0,32,4.126098
0.0,9,4.126348
1.0,28,4.126995
0.0,19,4.127459
0.0,3,4.127578
0.0,61,4.128955
0.0,3,4.129099
0.0,51,4.130249
1.0,18,4.130686
1.0,20,4.131163
0.0,31,4.131845
1.0,54,4.133035
0.0,15,4.133416
0.0,25,4.133991
0.0,26,4.134582
1.0,48,4.135612
1.0,15,4.135999
0.0,46,4.137001
0.0,23,4.137525
0.0,65,4.138942
0.0,34,4.139699
0.0,25,4.140276
1.0,40,4.141165
0.0,27,4.141773
1.0,32,4.142498
1.0,35,4.143275
0.0,43,4.144247
0.0,53,4.145406
0.0,57,4.146651
0.0,20,4.147143
0.0,13,4.147462
0.0,5,4.147627
0.0,15,4.148
0.0,82,4.149755
1.0,53,4.150884
0.0,50,4.151978
0.0,24,4.152552
0.0,4,4.152693
0.0,7,4.152909
0.0,10,4.15317
0.0,42,4.154095
0.0,4,4.154235
0.0,10,4.154491
0.0,5,4.154655
0.0,3,4.154772
0.0,6,4.15496
1.0,24,4.155504
0.0,23,4.156034
0.0,12,4.156353
0.0,8,4.156582
0.0,3,4.1567
0.0,9,4.156958
0.0,13,4.157292
0.0,9,4.15754
0.0,30,4.158224
0.0,44,4.159273
1.0,6,4.159455
1.0,23,4.160006
1.0,31,4.160702
1.0,14,4.161051
1.0,47,4.162091
0.0,13,4.162433
0.0,8,4.162662
1.0,95,4.164693
1.0,28,4.165344
1.0,33,4.166095
0.0,7,4.166297
0.0,25,4.166888
0.0,8,4.167109
0.0,31,4.167805
0.0,25,4.168381
0.0,27,4.169008
0.0,52,4.170141
1.0,13,4.170461
1.0,19,4.170915
0.0,13,4.171249
0.0,13,4.171579
0.0,35,4.172369
0.0,56,4.173594
0.0,32,4.174397
1.0,30,4.17512
0.0,43,4.176077
0.0,35,4.176871
0.0,4,4.177021
0.0,52,4.178158
0.0,4,4.178305
0.0,13,4.17864
1.0,38,4.179491
0.0,20,4.179985
0.0,20,4.180452
0.0,12,4.180758
0.0,21,4.181272
0.0,5,4.181436
1.0,42,4.182355
0.0,7,4.18256
1.0,12,4.18288
0.0,8,4.183108
1.0,26,4.183691
0.0,5,4.183846
0.0,21,4.184354
0.0,5,4.184512
0.0,32,4.185231
0.0,14,4.185568
0.0,22,4.186092
1.0,25,4.18667
1.0,68,4.188126
0.0,33,4.188849
1.0,19,4.189296
0.0,20,4.189753
0.0,13,4.190118
0.0,39,4.191017
0.0,17,4.191448
1.0,54,4.192596
0.0,97,4.194632
1.0,29,4.19531
0.0,26,4.195918
1.0,26,4.196523
0.0,5,4.196687
0.0,33,4.197447
0.0,30,4.198117
0.0,34,4.198885
0.0,11,4.199171
0.0,27,4.19978
0.0,11,4.200079
1.0,13,4.20041
0.0,46,4.201426
0.0,3,4.201545
0.0,17,4.201959
0.0,9,4.202209
0.0,10,4.202477
0.0,29,4.203141
1.0,12,4.20344
0.0,6,4.203615
0.0,37,4.204434
0.0,21,4.204948
0.0,25,4.205516
1.0,65,4.206893
0.0,19,4.207357
1.0,57,4.208585
0.0,39,4.209448
0.0,6,4.209636
0.0,10,4.209923
0.0,5,4.210098
0.0,5,4.210263
1.0,25,4.210815
1.0,24,4.211358
0.0,91,4.213294
0.0,54,4.214473
0.0,13,4.214811
0.0,97,4.216897
0.0,8,4.217118
1.0,25,4.21769
0.0,5,4.217863
0.0,42,4.218832
1.0,13,4.219211
0.0,56,4.220405
0.0,11,4.220695
0.0,28,4.221323
1.0,24,4.221873
0.0,39,4.222795
0.0,10,4.223075
0.0,18,4.223516
0.0,3,4.223646
0.0,9,4.223923
0.0,13,4.224276
1.0,40,4.225188
0.0,52,4.226323
0.0,52,4.227477
0.0,7,4.227686
0.0,16,4.228098
0.0,10,4.228389
0.0,13,4.228709
0.0,14,4.229098
1.0,20,4.229583
0.0,25,4.230153
1.0,28,4.230777
0.0,27,4.231406
0.0,36,4.232206
0.0,3,4.232333
1.0,39,4.233182
0.0,26,4.233772
1.0,80,4.235491
1.0,20,4.235963
0.0,10,4.236228
0.0,54,4.237397
0.0,7,4.237597
0.0,5,4.237819
0.0,4,4.237969
0.0,18,4.238397
0.0,7,4.238593
0.0,4,4.238728
0.0,37,4.239559
0.0,13,4.239897
0.0,22,4.240418
0.0,18,4.240863
0.0,23,4.241395
1.0,12,4.2417
0.0,49,4.242759
1.0,22,4.243289
0.0,7,4.243497
0.0,22,4.244023
1.0,15,4.244398
0.0,34,4.245164
0.0,94,4.247145
0.0,61,4.248486
0.0,3,4.248614
0.0,18,4.249065
0.0,15,4.249438
1.0,41,4.250335
0.0,16,4.250726
0.0,21,4.251238
1.0,34,4.252005
0.0,37,4.252815
0.0,11,4.253105
0.0,14,4.253445
0.0,17,4.253861
0.0,6,4.254043
0.0,18,4.254475
0.0,17,4.254894
0.0,40,4.255795
0.0,20,4.256272
0.0,8,4.256503
1.0,14,4.256862
1.0,24,4.257409
0.0,9,4.25766
1.0,34,4.25843
0.0,9,4.258683
0.0,32,4.259398
0.0,34,4.260177
1.0,41,4.261108
0.0,7,4.261316
0.0,10,4.261581
0.0,11,4.261876
0.0,3,4.261996
0.0,44,4.262944
0.0,4,4.263093
1.0,54,4.26425
1.0,34,4.26501
0.0,31,4.265704
0.0,12,4.266027
1.0,21,4.266519
1.0,20,4.266984
0.0,3,4.267109
0.0,5,4.26727
0.0,27,4.267889
0.0,10,4.26816
0.0,12,4.268466
0.0,15,4.268836
0.0,6,4.269024
0.0,61,4.270329
0.0,46,4.271363
0.0,44,4.272336
0.0,19,4.272785
0.0,10,4.273068
1.0,22,4.273575
0.0,3,4.273691
0.0,22,4.274222
0.0,3,4.274343
0.0,5,4.274503
1.0,22,4.275034
0.0,7,4.275249
1.0,12,4.275558
0.0,9,4.275804
0.0,69,4.277299
1.0,17,4.277706
0.0,5,4.277877
1.0,20,4.278349
0.0,16,4.278744
0.0,15,4.279126
0.0,38,4.279974
0.0,67,4.281427
0.0,6,4.281609
0.0,11,4.28192
0.0,10,4.282182
0.0,24,4.282746
0.0,6,4.282955
1.0,33,4.283699
0.0,9,4.283955
0.0,7,4.284159
1.0,15,4.284516
0.0,40,4.28541
0.0,9,4.28566
0.0,37,4.286497
0.0,40,4.287383
0.0,6,4.287578
0.0,8,4.287802
0.0,22,4.28831
0.0,41,4.289226
1.0,16,4.289615
0.0,7,4.289822
0.0,22,4.290344
1.0,35,4.29111
0.0,9,4.291356
1.0,37,4.292175
1.0,15,4.292549
0.0,6,4.292728
0.0,45,4.293704
1.0,26,4.294298
0.0,10,4.294565
1.0,33,4.295373
0.0,44,4.296389
0.0,8,4.296616
1.0,24,4.297161
0.0,9,4.297408
0.0,17,4.297826
0.0,28,4.298462
0.0,70,4.299928
1.0,11,4.300215
0.0,30,4.300884
0.0,11,4.30117
0.0,6,4.301357
0.0,26,4.301965
0.0,49,4.303041
0.0,6,4.30323
0.0,9,4.303468
0.0,6,4.303651
0.0,3,4.303775
0.0,58,4.305054
0.0,68,4.306521
0.0,65,4.307929
1.0,61,4.309259
0.0,20,4.309724
0.0,4,4.309882
0.0,25,4.310457
0.0,18,4.310891
0.0,18,4.311319
0.0,13,4.311643
1.0,25,4.312217
0.0,45,4.313195
1.0,26,4.313804
0.0,16,4.314208
1.0,49,4.315262
1.0,18,4.315687
0.0,86,4.317476
0.0,42,4.318408
0.0,6,4.318588
1.0,36,4.319367
0.0,5,4.319537
0.0,18,4.319968
1.0,32,4.320666
0.0,53,4.321813
1.0,12,4.322135
1.0,24,4.322757
0.0,5,4.322944
0.0,57,4.324183
1.0,25,4.324761
1.0,24,4.325318
0.0,22,4.325833
0.0,13,4.326172
0.0,55,4.327374
1.0,22,4.327896
0.0,16,4.328286
0.0,27,4.32892
1.0,15,4.329301
0.0,48,4.330357
0.0,76,4.332003
0.0,3,4.332127
0.0,7,4.332334
0.0,32,4.333069
0.0,51,4.334177
0.0,5,4.334338
0.0,47,4.335379
0.0,18,4.335817
0.0,62,4.337167
1.0,53,4.338335
0.0,3,4.338454
0.0,7,4.338653
0.0,5,4.338818
0.0,13,4.339149
1.0,10,4.33941
0.0,24,4.339973
0.0,3,4.340099
1.0,27,4.340709
0.0,23,4.341256
1.0,34,4.34203
1.0,16,4.342413
1.0,18,4.342875
0.0,11,4.343197
0.0,45,4.344202
0.0,12,4.344503
0.0,10,4.344779
0.0,7,4.344991
1.0,34,4.345745
0.0,6,4.345946
1.0,89,4.347839
0.0,18,4.348269
0.0,32,4.348983
0.0,9,4.349242
0.0,10,4.349502
0.0,3,4.349625
1.0,6,4.349813
0.0,22,4.350354
1.0,15,4.350717
1.0,15,4.351084
0.0,100,4.353208
0.0,10,4.353472
1.0,53,4.354622
0.0,3,4.354742
0.0,23,4.35529
0.0,9,4.355533
0.0,5,4.35569
0.0,31,4.356403
0.0,12,4.356707
0.0,15,4.357087
0.0,11,4.357377
1.0,24,4.357935
1.0,14,4.358293
0.0,100,4.360415
0.0,7,4.360632
0.0,15,4.361027
0.0,30,4.361719
0.0,10,4.362014
0.0,38,4.362872
1.0,15,4.363233
1.0,27,4.363861
0.0,3,4.363989
0.0,36,4.3648
0.0,100,4.366935
0.0,52,4.368069
0.0,10,4.368338
0.0,28,4.36897
0.0,15,4.369324
0.0,45,4.370291
0.0,7,4.370502
1.0,15,4.370875
0.0,13,4.371204
0.0,4,4.371343
1.0,52,4.372472
0.0,24,4.373054
1.0,12,4.373375
0.0,12,4.373682
1.0,19,4.37415
0.0,5,4.374317
0.0,94,4.376328
0.0,6,4.376508
0.0,20,4.37698
1.0,13,4.3773
1.0,14,4.377686
0.0,5,4.377845
0.0,6,4.378057
0.0,29,4.378725
0.0,85,4.380529
0.0,24,4.381076
1.0,29,4.381729
1.0,33,4.382483
0.0,7,4.38268
0.0,3,4.382794
0.0,4,4.382943
1.0,10,4.38321
0.0,22,4.383734
0.0,13,4.384089
0.0,4,4.38423
0.0,14,4.384565
0.0,39,4.38541
1.0,28,4.386045
0.0,32,4.386756
1.0,49,4.387882
1.0,12,4.388216
0.0,15,4.388584
0.0,14,4.38893
1.0,18,4.389358
1.0,21,4.389842
1.0,10,4.390146
0.0,65,4.391614
1.0,40,4.392499
0.0,11,4.392796
1.0,48,4.393881
0.0,26,4.394473
1.0,25,4.395077
0.0,15,4.39545
1.0,36,4.396252
0.0,16,4.396631
1.0,10,4.3969
1.0,11,4.397178
1.0,12,4.397479
1.0,12,4.397784
0.0,27,4.398393
0.0,10,4.398662
0.0,28,4.399304
0.0,21,4.399792
1.0,26,4.400387
1.0,52,4.401491
0.0,7,4.40169
0.0,7,4.401912
1.0,47,4.402953
1.0,29,4.403627
0.0,16,4.404029
1.0,18,4.404457
0.0,31,4.405155
0.0,8,4.405377
0.0,13,4.40571
0.0,21,4.40622
0.0,13,4.406559
0.0,9,4.406806
0.0,10,4.407085
0.0,17,4.407488
0.0,23,4.408036
0.0,4,4.408183
0.0,6,4.408374
1.0,10,4.408636
0.0,10,4.408908
0.0,9,4.409155
0.0,19,4.40961
0.0,10,4.409887
0.0,17,4.410314
0.0,8,4.41054
0.0,7,4.410753
0.0,11,4.411084
1.0,18,4.411528
0.0,10,4.411791
0.0,55,4.413051
0.0,25,4.413625
1.0,34,4.414384
0.0,15,4.414757
1.0,15,4.415138
1.0,13,4.415465
0.0,5,4.415632
1.0,16,4.416026
0.0,17,4.41643
0.0,41,4.417357
0.0,6,4.417548
0.0,16,4.417945
0.0,64,4.419327
1.0,9,4.419581
0.0,4,4.41972
0.0,5,4.419895
0.0,5,4.420068
0.0,32,4.420766
0.0,24,4.421321
0.0,12,4.421623
0.0,36,4.422429
0.0,32,4.423262
0.0,5,4.42343
0.0,51,4.424555
0.0,30,4.425252
1.0,70,4.426748
1.0,18,4.427189
1.0,15,4.427555
0.0,11,4.427848
0.0,34,4.428617
0.0,22,4.429161
1.0,59,4.430434
1.0,21,4.430939
0.0,19,4.431392
0.0,15,4.431767
0.0,13,4.432107
1.0,56,4.433327
0.0,7,4.433531
1.0,36,4.434382
0.0,18,4.43482
1.0,14,4.435224
1.0,24,4.435787
0.0,42,4.436727
0.0,17,4.437181
0.0,9,4.437436
0.0,13,4.437767
1.0,35,4.43855
1.0,17,4.438963
1.0,43,4.439925
1.0,44,4.44092
1.0,9,4.441169
0.0,33,4.441912
0.0,25,4.44249
0.0,10,4.442751
1.0,22,4.443292
0.0,24,4.443835
1.0,31,4.444537
0.0,9,4.444793
1.0,31,4.445507
0.0,11,4.445786
0.0,10,4.446068
0.0,4,4.446219
0.0,20,4.446685
1.0,39,4.447555
0.0,18,4.447998
1.0,20,4.448463
0.0,17,4.448882
1.0,21,4.44938
0.0,13,4.449705
1.0,10,4.449975
0.0,34,4.450735
0.0,10,4.451015
0.0,10,4.451291
0.0,20,4.451767
1.0,23,4.452368
0.0,38,4.453231
0.0,20,4.453707
0.0,13,4.454048
0.0,17,4.454458
0.0,9,4.454705
0.0,19,4.455156
0.0,15,4.455536
0.0,21,4.456054
0.0,31,4.456734
1.0,77,4.458424
0.0,74,4.460073
0.0,10,4.460367
0.0,29,4.461059
0.0,3,4.461196
0.0,3,4.461313
0.0,21,4.461844
0.0,17,4.462303
0.0,5,4.462466
1.0,26,4.463064
1.0,30,4.463738
1.0,17,4.46415
0.0,24,4.464694
1.0,55,4.465912
0.0,4,4.466053
1.0,64,4.467425
1.0,28,4.468055
0.0,7,4.468259
1.0,15,4.468625
1.0,17,4.469041
1.0,17,4.469454
0.0,3,4.469577
0.0,57,4.470883
1.0,35,4.471688
0.0,5,4.471845
0.0,9,4.472106
0.0,100,4.474255
0.0,12,4.474568
0.0,3,4.474688
1.0,34,4.475446
0.0,6,4.475639
1.0,63,4.477036
0.0,27,4.47765
0.0,29,4.478324
0.0,28,4.478983
0.0,23,4.47951
0.0,23,4.48007
0.0,38,4.480972
0.0,24,4.481543
0.0,9,4.481788
1.0,44,4.482742
0.0,42,4.483682
1.0,44,4.484674
0.0,9,4.484924
0.0,18,4.485343
0.0,35,4.486127
1.0,31,4.486805
0.0,22,4.487326
0.0,40,4.488221
1.0,18,4.48866
1.0,21,4.48917
1.0,14,4.489503
0.0,16,4.489912
0.0,12,4.490259
0.0,10,4.49053
1.0,12,4.49083
0.0,16,4.491261
0.0,34,4.492038
1.0,19,4.492491
1.0,22,4.493023
0.0,31,4.493729
1.0,49,4.494804
0.0,4,4.494956
1.0,20,4.495433
1.0,49,4.496506
1.0,11,4.496787
0.0,29,4.497442
0.0,4,4.497587
0.0,3,4.497707
0.0,41,4.498615
1.0,22,4.499135
0.0,7,4.499346
1.0,32,4.500068
1.0,22,4.500579
0.0,51,4.501697
0.0,9,4.501956
0.0,4,4.502097
0.0,19,4.502575
0.0,11,4.502904
0.0,27,4.503547
1.0,42,4.504482
0.0,5,4.504642
0.0,24,4.505202
1.0,31,4.505912
0.0,18,4.506349
0.0,4,4.506488
0.0,13,4.506804
0.0,13,4.507142
0.0,49,4.508219
0.0,16,4.508603
0.0,16,4.508996
0.0,11,4.509293
0.0,30,4.509979
0.0,4,4.510134
1.0,98,4.512231
0.0,11,4.512519
1.0,20,4.51299
0.0,53,4.514148
0.0,5,4.514308
0.0,10,4.514579
0.0,5,4.514738
1.0,32,4.515464
0.0,17,4.515876
0.0,9,4.516124
0.0,23,4.516679
0.0,5,4.516837
0.0,65,4.518253
1.0,34,4.519026
1.0,52,4.520176
0.0,36,4.520984
1.0,13,4.521312
1.0,8,4.521539
0.0,27,4.522199
1.0,36,4.523031
1.0,12,4.523334
1.0,8,4.523552
0.0,82,4.525313
0.0,8,4.525541
1.0,8,4.525762
0.0,12,4.526148
0.0,22,4.52667
1.0,17,4.527098
0.0,11,4.527377
0.0,23,4.527923
1.0,6,4.528105
1.0,12,4.52841
0.0,11,4.528696
0.0,21,4.529208
0.0,14,4.529561
0.0,39,4.530441
1.0,17,4.530851
0.0,13,4.53123
0.0,12,4.531534
0.0,40,4.532431
0.0,12,4.532736
1.0,58,4.533982
1.0,47,4.535006
0.0,20,4.535474
0.0,81,4.537233
0.0,40,4.538122
0.0,11,4.538411
0.0,8,4.538643
0.0,17,4.53907
0.0,3,4.53919
0.0,13,4.539529
0.0,11,4.539823
0.0,31,4.540588
0.0,19,4.54107
1.0,22,4.541597
0.0,52,4.542699
1.0,47,4.543729
0.0,31,4.544427
0.0,3,4.544554
0.0,23,4.545107
0.0,40,4.545981
1.0,31,4.546674
1.0,35,4.547486
1.0,26,4.548073
0.0,5,4.548244
1.0,21,4.548731
1.0,40,4.549624
0.0,19,4.550089
0.0,7,4.550294
0.0,4,4.550432
0.0,12,4.550744
1.0,29,4.551412
0.0,43,4.552351
0.0,53,4.553501
0.0,13,4.55383
0.0,8,4.554074
0.0,71,4.555609
0.0,14,4.555979
0.0,30,4.556669
0.0,12,4.556988
0.0,28,4.557618
0.0,6,4.557802
0.0,10,4.5581
0.0,13,4.558428
0.0,24,4.558982
0.0,12,4.559305
1.0,22,4.559819
1.0,65,4.561242
0.0,12,4.56156
0.0,8,4.561788
0.0,12,4.562098
0.0,3,4.562216
0.0,39,4.563089
0.0,26,4.563688
0.0,20,4.564175
0.0,9,4.564415
0.0,47,4.565449
0.0,9,4.565703
0.0,15,4.566081
0.0,15,4.566446
0.0,3,4.566571
1.0,56,4.567785
1.0,41,4.568667
0.0,31,4.569363
0.0,28,4.570004
1.0,35,4.570766
0.0,82,4.572528
0.0,48,4.573585
1.0,15,4.573987
0.0,8,4.574225
0.0,7,4.574429
0.0,15,4.574801
0.0,10,4.575076
0.0,68,4.57653
1.0,26,4.577132
0.0,14,4.577489
0.0,8,4.577716
1.0,10,4.577995
0.0,11,4.578279
0.0,11,4.578565
0.0,3,4.578683
1.0,30,4.579357
0.0,15,4.579732
0.0,65,4.581127
1.0,39,4.582003
0.0,16,4.582395
0.0,11,4.582685
1.0,46,4.583698
0.0,13,4.584029
0.0,4,4.584168
1.0,26,4.584762
0.0,8,4.585006
1.0,42,4.585949
0.0,43,4.586876
1.0,11,4.587157
0.0,44,4.588135
0.0,5,4.588297
0.0,3,4.588414
0.0,26,4.589047
0.0,21,4.589529
1.0,20,4.590008
0.0,35,4.590767
0.0,53,4.591926
0.0,58,4.593194
0.0,17,4.593616
0.0,17,4.594053
0.0,21,4.594563
0.0,14,4.594958
0.0,9,4.595223
0.0,3,4.595347
0.0,7,4.595546
0.0,14,4.5959
1.0,12,4.59621
1.0,30,4.596895
0.0,13,4.597229
1.0,26,4.597821
0.0,4,4.597969
0.0,12,4.598267
0.0,32,4.599
0.0,29,4.599656
0.0,3,4.599775
0.0,18,4.600224
1.0,46,4.601222
1.0,60,4.602509
0.0,14,4.602852
0.0,4,4.603003
0.0,6,4.603188
0.0,22,4.603684
0.0,9,4.603934
0.0,68,4.605402
0.0,27,4.606028
1.0,10,4.606306
0.0,4,4.606454
0.0,4,4.606595
0.0,28,4.607227
1.0,24,4.607774
1.0,55,4.608963
0.0,4,4.609109
0.0,5,4.609275
0.0,59,4.61058
0.0,47,4.611639
0.0,11,4.611929
0.0,22,4.612427
0.0,11,4.612725
0.0,62,4.614088
0.0,12,4.614389
0.0,10,4.614657
0.0,15,4.615048
0.0,51,4.616226
0.0,33,4.616972
1.0,42,4.6179
0.0,9,4.618149
0.0,5,4.618319
0.0,43,4.61929
1.0,27,4.619928
0.0,39,4.620784
0.0,13,4.621122
0.0,60,4.622419
0.0,8,4.62265
0.0,32,4.623375
0.0,10,4.623646
0.0,4,4.623785
0.0,3,4.623918
0.0,59,4.625168
1.0,36,4.625986
0.0,3,4.626105
0.0,4,4.626312
0.0,100,4.628455
1.0,23,4.629033
0.0,7,4.629261
1.0,24,4.629798
1.0,35,4.630646
1.0,49,4.631712
1.0,42,4.632641
1.0,69,4.634116
0.0,3,4.634248
1.0,20,4.634712
0.0,6,4.634909
0.0,22,4.635414
0.0,4,4.635553
1.0,17,4.635974
1.0,25,4.636553
0.0,56,4.637764
1.0,30,4.638466
0.0,28,4.639104
1.0,26,4.639699
0.0,13,4.640029
0.0,16,4.640422
0.0,6,4.640599
0.0,16,4.640993
0.0,19,4.641438
0.0,10,4.641695
0.0,3,4.641812
0.0,8,4.642052
0.0,44,4.643025
0.0,55,4.644211
1.0,14,4.644564
0.0,36,4.645381
0.0,13,4.6457
1.0,16,4.646085
0.0,5,4.646244
0.0,67,4.64766
0.0,23,4.648198
0.0,5,4.648367
0.0,20,4.648844
0.0,21,4.649355
0.0,35,4.65015
0.0,15,4.650524
0.0,58,4.651772
0.0,20,4.652264
0.0,8,4.652491
0.0,28,4.653147
0.0,60,4.654451
0.0,7,4.65466
0.0,42,4.655594
0.0,14,4.655953
0.0,5,4.65613
0.0,3,4.656249
0.0,63,4.657618
0.0,41,4.658524
0.0,9,4.658773
0.0,16,4.659172
0.0,37,4.660042
1.0,41,4.660989
1.0,14,4.661348
1.0,18,4.661767
1.0,55,4.662977
0.0,15,4.663355
1.0,7,4.663554
0.0,19,4.664023
0.0,16,4.664408
1.0,47,4.665431
0.0,18,4.665885
0.0,24,4.666435
0.0,17,4.666835
0.0,44,4.667797
0.0,8,4.668029
0.0,7,4.668245
0.0,67,4.669708
0.0,9,4.669961
1.0,12,4.670265
1.0,41,4.671172
0.0,13,4.671497
1.0,12,4.671805
0.0,12,4.672125
0.0,3,4.672246
0.0,60,4.673562
1.0,39,4.674421
0.0,8,4.674648
1.0,9,4.674935
1.0,47,4.675992
0.0,37,4.676812
0.0,4,4.67696
0.0,9,4.6772
1.0,29,4.677851
0.0,12,4.678169
1.0,18,4.678602
0.0,7,4.678807
0.0,16,4.679199
0.0,20,4.679692
0.0,11,4.679986
0.0,22,4.680498
0.0,8,4.680714
0.0,19,4.681173
1.0,20,4.681653
0.0,6,4.681844
0.0,19,4.682308
0.0,18,4.682735
0.0,4,4.682894
0.0,23,4.683429
0.0,6,4.683607
0.0,16,4.684007
0.0,31,4.684701
0.0,52,4.68582
1.0,21,4.686321
1.0,23,4.686842
1.0,25,4.687408
0.0,3,4.68753
0.0,3,4.687647
0.0,4,4.687784
0.0,37,4.688595
1.0,51,4.689694
0.0,6,4.689894
1.0,33,4.690637
0.0,100,4.692797
0.0,36,4.693622
0.0,14,4.693985
0.0,17,4.694407
0.0,29,4.695055
1.0,46,4.696057
0.0,9,4.696316
0.0,8,4.696548
0.0,7,4.696747
0.0,12,4.69707
0.0,41,4.697973
1.0,29,4.698629
0.0,59,4.699919
1.0,20,4.700392
0.0,15,4.700766
0.0,100,4.70292
1.0,13,4.703271
0.0,4,4.703416
0.0,21,4.703916
0.0,60,4.705212
0.0,12,4.705522
0.0,10,4.705782
0.0,36,4.706574
0.0,20,4.707063
1.0,25,4.707639
1.0,42,4.708592
1.0,60,4.709886
0.0,26,4.710471
0.0,7,4.710669
1.0,27,4.711289
1.0,49,4.712357
0.0,15,4.712741
0.0,38,4.713605
0.0,16,4.714017
1.0,18,4.714456
1.0,38,4.715293
0.0,21,4.715774
0.0,54,4.71696
1.0,10,4.717222
0.0,9,4.717471
1.0,17,4.717875
0.0,42,4.718782
0.0,26,4.719417
0.0,3,4.719537
0.0,27,4.720206
0.0,5,4.720377
0.0,18,4.720807
0.0,37,4.72162
0.0,5,4.721788
0.0,13,4.722125
0.0,5,4.722283
0.0,4,4.722426
0.0,8,4.722651
1.0,88,4.724504
0.0,3,4.72463
0.0,34,4.725467
0.0,21,4.725964
0.0,3,4.726083
1.0,19,4.726528
0.0,34,4.727284
1.0,14,4.727634
0.0,28,4.728267
0.0,28,4.728926
0.0,11,4.729316
0.0,50,4.730413
0.0,3,4.730535
0.0,25,4.731118
0.0,7,4.731317
0.0,18,4.731745
1.0,16,4.732146
0.0,44,4.733118
1.0,18,4.733555
1.0,24,4.734105
0.0,87,4.735988
0.0,4,4.736138
0.0,63,4.737484
0.0,15,4.737865
0.0,8,4.738116
0.0,8,4.738358
1.0,24,4.738902
0.0,4,4.73904
0.0,26,4.73963
0.0,19,4.7401
0.0,9,4.740348
0.0,7,4.740559
1.0,24,4.741129
0.0,7,4.741336
1.0,40,4.742231
1.0,30,4.742912
1.0,20,4.743372
1.0,29,4.744032
0.0,26,4.744622
1.0,14,4.744979
1.0,19,4.745423
0.0,3,4.745554
0.0,28,4.746181
0.0,45,4.747185
0.0,32,4.747904
0.0,10,4.748174
1.0,11,4.748459
0.0,56,4.749665
1.0,60,4.750945
0.0,12,4.751253
1.0,20,4.751714
0.0,9,4.751971
0.0,18,4.75243
0.0,100,4.754556
0.0,7,4.754777
0.0,15,4.755166
0.0,11,4.755457
0.0,45,4.756434
1.0,14,4.756772
0.0,16,4.757169
1.0,20,4.757645
0.0,75,4.759223
0.0,5,4.759391
0.0,18,4.759816
0.0,16,4.760209
0.0,7,4.760419
0.0,8,4.760646
0.0,3,4.760765
0.0,12,4.761076
0.0,26,4.761666
0.0,6,4.761844
0.0,7,4.762058
0.0,75,4.763676
1.0,39,4.764528
1.0,16,4.764932
0.0,26,4.765518
0.0,25,4.766105
0.0,13,4.766434
0.0,25,4.767015
0.0,41,4.767922
0.0,10,4.768197
0.0,15,4.768565
0.0,8,4.768791
0.0,35,4.76957
0.0,24,4.770128
0.0,12,4.770425
0.0,22,4.770936
0.0,37,4.771768
0.0,7,4.771986
0.0,11,4.772275
0.0,40,4.773182
1.0,27,4.773807
1.0,40,4.774703
0.0,24,4.775274
0.0,36,4.77608
1.0,7,4.776282
0.0,18,4.77671
0.0,44,4.77767
0.0,51,4.778768
0.0,29,4.77942
1.0,21,4.779924
0.0,15,4.780279
1.0,37,4.781095
0.0,38,4.781939
1.0,13,4.78226
0.0,4,4.782403
0.0,5,4.782572
0.0,51,4.783689
0.0,50,4.784787
0.0,7,4.785025
1.0,14,4.785386
1.0,45,4.786374
0.0,28,4.787009
0.0,21,4.787498
0.0,38,4.788339
1.0,27,4.788962
1.0,17,4.78937
0.0,30,4.790054
1.0,22,4.790574
1.0,40,4.79146
0.0,32,4.792171
1.0,21,4.792666
0.0,13,4.793011
0.0,19,4.793449
1.0,22,4.793962
0.0,42,4.794875
0.0,9,4.79513
0.0,7,4.795344
0.0,7,4.795575
0.0,12,4.795926
0.0,26,4.796533
0.0,7,4.796729
0.0,6,4.79692
0.0,16,4.797323
0.0,5,4.797486
0.0,23,4.798014
0.0,68,4.799451
0.0,27,4.800076
0.0,24,4.800635
0.0,31,4.801346
0.0,10,4.801606
0.0,4,4.801755
0.0,20,4.802234
0.0,26,4.802839
0.0,7,4.803048
0.0,10,4.803317
0.0,23,4.80388
0.0,49,4.804967
0.0,11,4.805254
1.0,19,4.805696
0.0,23,4.806225
0.0,10,4.806495
1.0,28,4.807132
0.0,28,4.807764
0.0,36,4.808561
1.0,26,4.809156
0.0,20,4.80961
1.0,35,4.810398
0.0,5,4.810564
0.0,8,4.810781
1.0,9,4.811035
1.0,21,4.811526
0.0,13,4.811848
1.0,43,4.812779
0.0,48,4.813816
0.0,6,4.814018
0.0,5,4.814178
0.0,21,4.81465
0.0,8,4.814881
0.0,5,4.815042
0.0,23,4.815577
0.0,18,4.816023
0.0,98,4.818118
0.0,3,4.818237
0.0,12,4.818545
0.0,7,4.818748
0.0,7,4.818969
1.0,19,4.819412
0.0,3,4.819528
0.0,75,4.821151
0.0,24,4.821703
1.0,32,4.822422
1.0,22,4.822938
0.0,9,4.823185
1.0,38,4.824025
0.0,20,4.824495
1.0,10,4.824754
1.0,53,4.825904
0.0,13,4.826221
1.0,27,4.826838
1.0,16,4.827233
0.0,25,4.82783
0.0,24,4.828382
0.0,5,4.828552
0.0,97,4.830638
0.0,20,4.831206
0.0,14,4.831555
0.0,15,4.831926
0.0,8,4.832146
0.0,10,4.832403
1.0,14,4.832751
0.0,59,4.834045
0.0,3,4.834177
0.0,13,4.834517
0.0,19,4.834981
0.0,13,4.835318
0.0,43,4.83628
0.0,3,4.836401
0.0,35,4.837197
0.0,15,4.837565
0.0,11,4.837846
0.0,26,4.838439
1.0,37,4.83928
0.0,7,4.839491
1.0,56,4.840707
0.0,20,4.841195
0.0,8,4.841429
1.0,32,4.842134
0.0,36,4.842931
0.0,4,4.843071
0.0,5,4.843248
0.0,14,4.843614
0.0,16,4.844043
0.0,8,4.844283
0.0,6,4.84446
1.0,14,4.844807
0.0,18,4.845245
0.0,17,4.845646
1.0,31,4.846356
0.0,20,4.846827
0.0,75,4.84839
0.0,12,4.848698
0.0,7,4.848921
1.0,91,4.850829
0.0,16,4.851227
0.0,29,4.851887
1.0,29,4.852553
0.0,25,4.853135
0.0,26,4.853725
0.0,9,4.853973
1.0,21,4.854458
0.0,35,4.855247
1.0,40,4.856118
1.0,57,4.85732
0.0,8,4.857554
1.0,12,4.857871
1.0,30,4.858543
0.0,25,4.85912
0.0,11,4.859415
0.0,79,4.861077
0.0,29,4.861719
0.0,41,4.862645
1.0,25,4.863282
0.0,48,4.864318
0.0,28,4.864956
0.0,23,4.8655
0.0,28,4.866142
0.0,8,4.866364
0.0,16,4.866746
0.0,16,4.867164
0.0,9,4.867412
1.0,33,4.868151
1.0,41,4.869046
0.0,25,4.869625
0.0,18,4.870061
0.0,38,4.870904
1.0,45,4.871897
0.0,35,4.87268
0.0,6,4.872867
1.0,30,4.873534
0.0,13,4.873877
0.0,11,4.874171
0.0,60,4.875454
1.0,21,4.875946
0.0,33,4.876669
0.0,11,4.876966
0.0,20,4.877436
0.0,65,4.878883
0.0,5,4.879054
1.0,15,4.879433
0.0,87,4.881295
0.0,13,4.881624
1.0,10,4.881907
0.0,3,4.882033
0.0,20,4.882508
0.0,16,4.882918
0.0,31,4.883617
1.0,38,4.884456
1.0,60,4.885744
0.0,5,4.885915
1.0,14,4.88627
0.0,5,4.886427
1.0,31,4.887116
1.0,7,4.887325
1.0,16,4.887706
0.0,9,4.887965
0.0,55,4.889176
0.0,20,4.889661
1.0,17,4.890091
0.0,5,4.89026
0.0,24,4.890802
1.0,17,4.891227
0.0,13,4.89155
1.0,30,4.892219
0.0,7,4.892425
0.0,4,4.892563
0.0,42,4.893463
0.0,21,4.893959
0.0,79,4.895598
0.0,27,4.896204
0.0,59,4.897475
1.0,23,4.89802
1.0,27,4.898618
0.0,24,4.89918
0.0,5,4.899347
0.0,36,4.900156
0.0,46,4.901161
1.0,28,4.901801
0.0,33,4.902557
0.0,59,4.903819
0.0,7,4.90404
0.0,25,4.90461
1.0,47,4.905636
1.0,21,4.906131
1.0,16,4.906508
1.0,16,4.906902
0.0,8,4.907121
1.0,26,4.907692
0.0,31,4.9084
0.0,5,4.908567
0.0,5,4.908733
0.0,3,4.908864
0.0,8,4.909088
1.0,29,4.909734
0.0,37,4.910563
0.0,8,4.910796
0.0,22,4.911322
0.0,31,4.912013
0.0,28,4.912656
0.0,33,4.913401
1.0,25,4.91398
0.0,22,4.914497
0.0,8,4.914717
0.0,17,4.915134
1.0,20,4.91559
1.0,28,4.91621
0.0,38,4.917044
0.0,9,4.917291
0.0,11,4.917567
0.0,44,4.918536
0.0,100,4.920622
0.0,12,4.920952
0.0,29,4.921612
0.0,23,4.922183
0.0,8,4.922403
1.0,49,4.923467
0.0,4,4.92361
1.0,51,4.92472
0.0,35,4.925494
0.0,6,4.92568
0.0,26,4.926283
0.0,26,4.926883
0.0,6,4.927083
0.0,65,4.928475
0.0,7,4.928682
0.0,17,4.929092
0.0,12,4.929395
1.0,70,4.930882
0.0,19,4.931334
0.0,47,4.932349
0.0,94,4.934354
0.0,8,4.934581
0.0,12,4.934909
0.0,11,4.93521
0.0,6,4.935389
0.0,14,4.935817
0.0,11,4.936124
0.0,5,4.936287
1.0,68,4.937757
0.0,15,4.938137
0.0,4,4.938306
0.0,14,4.938652
0.0,3,4.938771
0.0,44,4.939746
1.0,46,4.940761
1.0,34,4.941523
1.0,29,4.942201
0.0,9,4.94244
0.0,55,4.943631
0.0,14,4.943985
1.0,36,4.944777
0.0,7,4.944994
0.0,14,4.945338
0.0,21,4.945833
0.0,66,4.947244
0.0,21,4.947744
1.0,16,4.94814
0.0,48,4.949175
0.0,23,4.949737
0.0,25,4.950351
1.0,57,4.951569
0.0,4,4.951722
1.0,26,4.952325
1.0,42,4.953314
1.0,20,4.953804
1.0,6,4.953994
0.0,21,4.954505
0.0,8,4.954725
0.0,22,4.955253
0.0,29,4.955903
0.0,21,4.956398
0.0,10,4.956662
1.0,18,4.957107
0.0,6,4.957285
1.0,26,4.957876
0.0,11,4.958169
0.0,7,4.958378
0.0,5,4.958536
0.0,4,4.958678
0.0,25,4.959248
1.0,25,4.959824
1.0,15,4.960204
0.0,23,4.960738
0.0,32,4.961446
0.0,22,4.961979
0.0,45,4.963068
0.0,13,4.963435
0.0,23,4.963987
0.0,27,4.9646
0.0,29,4.965265
0.0,5,4.965438
0.0,10,4.965704
0.0,42,4.966636
0.0,3,4.966767
1.0,17,4.967198
0.0,5,4.967365
1.0,16,4.967759
0.0,14,4.968107
0.0,3,4.968232
0.0,38,4.969087
0.0,39,4.969952
0.0,47,4.970981
0.0,3,4.971113
0.0,16,4.971533
0.0,35,4.972392
0.0,4,4.97254
1.0,21,4.973034
0.0,39,4.973899
0.0,40,4.974786
0.0,8,4.975016
0.0,19,4.975477
0.0,14,4.975821
0.0,11,4.976114
0.0,54,4.977283
1.0,26,4.977876
1.0,17,4.978289
1.0,22,4.9788
0.0,21,4.979302
0.0,50,4.980399
1.0,9,4.980648
1.0,23,4.981202
0.0,18,4.981634
0.0,44,4.98257
0.0,11,4.982865
1.0,40,4.983736
0.0,5,4.98392
1.0,81,4.985635
0.0,12,4.985968
0.0,8,4.986196
1.0,47,4.987202
0.0,43,4.988149
0.0,18,4.988569
0.0,7,4.988774
1.0,16,4.989174
1.0,6,4.989353
0.0,8,4.98958
0.0,3,4.989698
0.0,9,4.989958
1.0,9,4.99021
1.0,20,4.990688
0.0,3,4.990806
1.0,23,4.991353
0.0,37,4.992201
0.0,12,4.992518
1.0,17,4.992949
0.0,7,4.993163
0.0,42,4.994102
1.0,35,4.994883
0.0,6,4.995071
0.0,7,4.995277
1.0,20,4.995739
0.0,43,4.996683
0.0,3,4.996803
1.0,25,4.997388
0.0,39,4.998284
0.0,8,4.998514
0.0,4,4.998652
0.0,21,4.999152
1.0,36,4.999956
0.0,42,5.000879
1.0,18,5.001328
0.0,15,5.001702
0.0,16,5.002108
0.0,4,5.002253
0.0,37,5.003106
1.0,12,5.003432
0.0,19,5.003918
0.0,15,5.004342
0.0,7,5.004549
0.0,10,5.004815
0.0,6,5.005007
1.0,35,5.005776
0.0,6,5.005978
1.0,9,5.006227
0.0,29,5.006893
0.0,8,5.007122
0.0,41,5.00804
0.0,50,5.009145
0.0,32,5.009866
0.0,4,5.010009
0.0,23,5.010532
0.0,30,5.011219
0.0,13,5.011551
0.0,10,5.011829
0.0,17,5.012238
1.0,47,5.01327
1.0,28,5.013917
0.0,6,5.01411
0.0,43,5.015071
0.0,17,5.015489
0.0,100,5.017625
0.0,14,5.017991
0.0,17,5.018404
0.0,3,5.018523
0.0,29,5.019181
0.0,13,5.019509
0.0,39,5.02037
0.0,3,5.020489
0.0,17,5.02093
0.0,50,5.022027
1.0,42,5.022962
0.0,4,5.023108
1.0,59,5.024369
0.0,8,5.024598
1.0,10,5.024895
0.0,5,5.025062
0.0,11,5.025342
0.0,18,5.025766
0.0,22,5.02629
0.0,4,5.026429
0.0,18,5.026865
0.0,100,5.028998
0.0,17,5.029407
0.0,14,5.029759
0.0,15,5.030138
0.0,36,5.030962
0.0,4,5.031105
0.0,11,5.031417
0.0,8,5.031671
0.0,28,5.032364
0.0,8,5.032594
1.0,14,5.032948
1.0,33,5.033669
0.0,21,5.034189
0.0,9,5.034446
1.0,67,5.035865
1.0,39,5.036786
0.0,5,5.036962
0.0,35,5.037743
0.0,31,5.038452
1.0,24,5.039013
0.0,15,5.03938
0.0,9,5.039634
0.0,40,5.040509
0.0,20,5.040996
0.0,19,5.04146
0.0,36,5.042263
1.0,6,5.042454
0.0,27,5.043073
0.0,32,5.043805
1.0,24,5.044369
0.0,6,5.044566
0.0,10,5.044834
1.0,19,5.045297
0.0,48,5.04634
0.0,10,5.046618
0.0,39,5.047484
1.0,28,5.048127
1.0,34,5.04889
0.0,6,5.049069
1.0,21,5.049569
0.0,63,5.050911
0.0,3,5.051039
1.0,20,5.05151
0.0,8,5.051741
0.0,18,5.052192
0.0,16,5.052578
1.0,11,5.05288
1.0,20,5.053343
0.0,13,5.053668
0.0,41,5.054589
0.0,48,5.055673
0.0,15,5.056061
0.0,15,5.056421
0.0,35,5.057201
1.0,17,5.057618
0.0,7,5.057823
0.0,5,5.057996
0.0,7,5.058198
0.0,14,5.058548
0.0,24,5.059109
0.0,40,5.059988
0.0,23,5.060524
0.0,42,5.061455
0.0,41,5.062379
0.0,18,5.062825
0.0,31,5.063519
0.0,14,5.063884
1.0,56,5.065094
0.0,12,5.065398
1.0,22,5.065934
1.0,15,5.066302
1.0,40,5.067196
0.0,34,5.067958
1.0,27,5.068562
0.0,14,5.068915
0.0,22,5.069422
1.0,31,5.070142
0.0,44,5.071118
0.0,10,5.071394
0.0,30,5.07207
0.0,7,5.072269
0.0,13,5.072605
0.0,66,5.074021
0.0,27,5.074681
0.0,8,5.074941
0.0,10,5.075241
0.0,12,5.075545
0.0,7,5.075744
1.0,28,5.076403
0.0,70,5.077924
0.0,33,5.078666
0.0,30,5.079331
1.0,37,5.080154
1.0,10,5.08042
0.0,19,5.080882
0.0,8,5.08112
1.0,41,5.082024
0.0,8,5.082248
1.0,26,5.082846
1.0,11,5.083147
0.0,7,5.083358
1.0,27,5.083981
1.0,18,5.0844
1.0,30,5.085088
0.0,26,5.085678
0.0,41,5.086593
1.0,24,5.087154
1.0,30,5.087839
0.0,3,5.087969
0.0,10,5.088237
1.0,26,5.088823
0.0,6,5.089023
0.0,46,5.090059
0.0,46,5.091074
0.0,42,5.09201
0.0,22,5.092523
0.0,18,5.092977
1.0,16,5.093373
0.0,17,5.093781
1.0,39,5.094652
0.0,4,5.094791
0.0,6,5.094991
0.0,40,5.095878
0.0,8,5.09611
0.0,32,5.096844
0.0,19,5.097308
0.0,3,5.097435
0.0,51,5.098549
1.0,36,5.099357
0.0,12,5.099666
1.0,23,5.100194
0.0,21,5.100685
0.0,8,5.100914
1.0,14,5.101259
1.0,11,5.101546
0.0,42,5.102467
0.0,6,5.102653
0.0,7,5.102876
0.0,4,5.103023
0.0,11,5.103312
0.0,16,5.103687
1.0,10,5.10396
1.0,18,5.104383
1.0,35,5.10516
0.0,31,5.105839
1.0,31,5.10654
1.0,26,5.107145
1.0,26,5.107725
1.0,8,5.107961
1.0,25,5.108534
1.0,55,5.109749
0.0,12,5.110073
0.0,56,5.111372
0.0,26,5.111982
0.0,24,5.11253
0.0,37,5.113352
0.0,36,5.114182
0.0,5,5.114346
1.0,29,5.115018
1.0,53,5.116156
0.0,23,5.116693
0.0,9,5.116943
0.0,13,5.117274
0.0,7,5.117484
0.0,27,5.118096
0.0,8,5.118328
0.0,29,5.118994
1.0,27,5.119593
0.0,9,5.119835
0.0,86,5.121676
1.0,39,5.122536
0.0,7,5.122742
1.0,80,5.124435
0.0,25,5.125025
0.0,9,5.125271
0.0,3,5.125389
0.0,20,5.12586
0.0,17,5.126273
0.0,34,5.127045
0.0,37,5.127848
0.0,12,5.128176
0.0,8,5.128403
1.0,24,5.128958
0.0,7,5.129162
0.0,37,5.130061
0.0,20,5.130552
0.0,23,5.131091
0.0,6,5.131274
1.0,28,5.131918
1.0,33,5.132653
0.0,6,5.132847
0.0,33,5.133596
1.0,56,5.134777
1.0,46,5.135785
0.0,18,5.13622
0.0,26,5.136817
0.0,22,5.137332
0.0,50,5.13851
0.0,8,5.138747
0.0,38,5.139606
0.0,24,5.140182
0.0,11,5.140486
0.0,5,5.140656
1.0,14,5.141015
0.0,23,5.141541
0.0,28,5.142184
1.0,24,5.142749
0.0,34,5.14352
0.0,8,5.143747
0.0,5,5.143933
0.0,46,5.14493
0.0,41,5.145842
0.0,13,5.146177
0.0,7,5.146375
0.0,20,5.146846
0.0,40,5.147747
0.0,36,5.148554
0.0,3,5.148675
0.0,17,5.149093
0.0,100,5.151215
1.0,10,5.151479
0.0,21,5.151996
0.0,14,5.152338
0.0,25,5.152929
0.0,5,5.153103
1.0,39,5.15396
1.0,53,5.155096
0.0,7,5.155302
0.0,5,5.155461
1.0,19,5.155905
1.0,65,5.157316
0.0,8,5.157548
0.0,18,5.158001
0.0,11,5.158293
0.0,13,5.158622
0.0,31,5.159332
0.0,6,5.159513
0.0,37,5.160462
0.0,3,5.160582
0.0,14,5.160953
0.0,5,5.161116
1.0,24,5.161667
0.0,70,5.16319
0.0,8,5.163418
0.0,99,5.165495
0.0,5,5.165655
0.0,22,5.166191
0.0,3,5.166312
1.0,11,5.166601
0.0,9,5.166839
0.0,23,5.167385
1.0,20,5.167861
0.0,5,5.168033
1.0,28,5.168654
1.0,9,5.168915
0.0,8,5.169142
1.0,21,5.169631
1.0,14,5.169998
1.0,31,5.170704
0.0,4,5.170843
0.0,7,5.171049
0.0,31,5.171744
0.0,12,5.172054
0.0,71,5.173589
1.0,36,5.174376
1.0,57,5.175676
1.0,21,5.176219
1.0,20,5.176706
0.0,13,5.177052
0.0,80,5.178739
0.0,18,5.179174
1.0,38,5.180028
0.0,3,5.180146
0.0,18,5.180564
0.0,8,5.180791
0.0,13,5.18112
0.0,3,5.181238
0.0,17,5.181643
0.0,25,5.182221
0.0,28,5.182845
0.0,87,5.184726
1.0,9,5.184981
0.0,16,5.185362
1.0,23,5.18591
1.0,45,5.186881
0.0,8,5.187117
0.0,7,5.187321
0.0,4,5.187466
1.0,30,5.188146
0.0,33,5.188881
0.0,27,5.18948
0.0,21,5.189983
0.0,27,5.190593
0.0,8,5.190824
1.0,26,5.191454
0.0,25,5.192059
0.0,18,5.192527
0.0,24,5.193109
0.0,27,5.193732
0.0,21,5.194235
0.0,12,5.194553
1.0,19,5.195027
0.0,13,5.195355
0.0,29,5.196021
0.0,100,5.198148
0.0,32,5.198883
0.0,9,5.199125
0.0,3,5.199248
0.0,6,5.199435
0.0,15,5.199809
0.0,3,5.199938
0.0,13,5.200274
0.0,4,5.200417
0.0,4,5.200561
0.0,35,5.201354
0.0,5,5.201515
0.0,18,5.201947
0.0,19,5.202401
1.0,27,5.203034
0.0,26,5.203634
0.0,11,5.203926
1.0,14,5.204276
0.0,51,5.205369
0.0,62,5.206716
1.0,36,5.207536
0.0,8,5.207766
0.0,21,5.208265
1.0,35,5.20907
1.0,52,5.210186
0.0,10,5.210447
0.0,37,5.211287
1.0,22,5.211805
1.0,29,5.212462
0.0,11,5.212755
1.0,25,5.213334
0.0,35,5.214121
0.0,10,5.214388
0.0,68,5.215836
0.0,26,5.216432
0.0,4,5.216571
0.0,9,5.216818
0.0,4,5.216968
0.0,16,5.217353
1.0,22,5.217879
1.0,16,5.218274
0.0,62,5.219637
1.0,16,5.220088
0.0,45,5.221111
0.0,13,5.221445
1.0,7,5.221651
0.0,23,5.222195
0.0,18,5.222631
0.0,5,5.222802
1.0,20,5.223623
0.0,75,5.225324
0.0,28,5.225992
0.0,27,5.226637
0.0,5,5.22681
1.0,32,5.227548
1.0,73,5.22912
0.0,44,5.230146
0.0,26,5.230745
0.0,3,5.23088
0.0,8,5.231117
0.0,14,5.231457
0.0,36,5.232277
0.0,3,5.232398
1.0,14,5.232735
0.0,18,5.233175
0.0,18,5.233606
0.0,11,5.233904
0.0,7,5.234106
1.0,22,5.234613
0.0,25,5.235199
0.0,12,5.235503
0.0,12,5.235815
0.0,7,5.236026
1.0,32,5.236744
0.0,7,5.236956
0.0,47,5.238009
1.0,88,5.240057
1.0,41,5.240972
1.0,44,5.24193
0.0,28,5.242566
1.0,22,5.243084
0.0,5,5.243248
0.0,9,5.243501
0.0,4,5.243647
1.0,11,5.243952
1.0,17,5.244361
0.0,12,5.244666
1.0,44,5.245642
0.0,8,5.245869
1.0,9,5.246118
0.0,30,5.246784
1.0,76,5.248395
1.0,7,5.248595
0.0,3,5.248717
0.0,12,5.249027
0.0,9,5.249278
1.0,35,5.250052
0.0,6,5.250237
1.0,45,5.251225
0.0,38,5.252066
0.0,26,5.252648
0.0,53,5.25378
0.0,30,5.254476
0.0,30,5.255172
0.0,5,5.255334
0.0,56,5.256577
0.0,30,5.257262
0.0,3,5.257386
1.0,24,5.257971
0.0,30,5.258653
0.0,3,5.258771
1.0,26,5.259369
0.0,52,5.260511
0.0,4,5.260651
0.0,34,5.26142
1.0,13,5.26175
0.0,7,5.261961
1.0,8,5.262187
0.0,59,5.263451
0.0,6,5.263634
0.0,22,5.264152
0.0,8,5.264373
0.0,5,5.264535
1.0,27,5.265172
0.0,13,5.265503
0.0,3,5.265627
0.0,25,5.266216
0.0,8,5.266444
0.0,3,5.266561
0.0,35,5.267334
0.0,51,5.268431
1.0,55,5.269616
1.0,37,5.270469
0.0,6,5.270651
1.0,7,5.270867
1.0,35,5.271636
0.0,4,5.271784
1.0,20,5.272271
0.0,19,5.272707
0.0,44,5.273674
0.0,9,5.273938
0.0,32,5.274658
1.0,55,5.275875
0.0,15,5.276236
0.0,4,5.27638
0.0,12,5.276687
0.0,7,5.276908
1.0,25,5.277478
0.0,6,5.277665
1.0,13,5.277997
0.0,17,5.278402
1.0,36,5.279203
1.0,42,5.280135
0.0,9,5.280385
1.0,25,5.280966
0.0,4,5.281106
0.0,47,5.282127
0.0,18,5.282545
0.0,26,5.28316
1.0,8,5.283381
0.0,3,5.283506
1.0,24,5.284071
1.0,43,5.285011
0.0,50,5.286178
0.0,27,5.286789
0.0,13,5.287124
0.0,4,5.287275
0.0,3,5.287393
0.0,22,5.287928
1.0,46,5.28894
1.0,37,5.289764
0.0,5,5.289965
0.0,7,5.290202
0.0,11,5.290487
0.0,20,5.290972
0.0,16,5.291352
1.0,33,5.292092
0.0,13,5.292436
1.0,25,5.293019
1.0,31,5.29372
0.0,26,5.29432
0.0,9,5.294576
1.0,42,5.295498
1.0,15,5.295873
1.0,15,5.296261
0.0,14,5.296625
1.0,24,5.297237
0.0,20,5.297714
0.0,64,5.299095
0.0,15,5.299464
0.0,47,5.300506
0.0,26,5.301114
0.0,56,5.302335
0.0,7,5.302536
0.0,3,5.302653
0.0,13,5.302997
0.0,28,5.303622
1.0,32,5.304358
0.0,35,5.305146
0.0,13,5.30548
0.0,31,5.306167
0.0,100,5.308291
0.0,40,5.309182
0.0,34,5.309947
0.0,37,5.310764
0.0,11,5.31106
0.0,3,5.31118
0.0,9,5.311427
1.0,9,5.311668
0.0,50,5.312758
0.0,5,5.31294
0.0,17,5.313349
1.0,30,5.314028
0.0,9,5.314278
0.0,6,5.314458
0.0,12,5.314769
0.0,20,5.315241
0.0,76,5.3169
0.0,13,5.317249
1.0,16,5.31764
1.0,26,5.318249
0.0,10,5.318527
0.0,35,5.319319
0.0,12,5.319623
1.0,31,5.320313
1.0,71,5.321827
1.0,23,5.322369
0.0,29,5.323054
1.0,11,5.323342
1.0,42,5.324265
1.0,28,5.324932
1.0,33,5.32566
0.0,16,5.326071
0.0,16,5.326463
1.0,33,5.327204
0.0,23,5.327742
0.0,32,5.328467
1.0,35,5.329268
0.0,4,5.329413
1.0,17,5.329832
0.0,36,5.330636
0.0,44,5.331609
0.0,10,5.331888
1.0,43,5.332824
0.0,41,5.333743
0.0,7,5.33396
0.0,25,5.334554
0.0,3,5.334674
1.0,20,5.335179
0.0,55,5.336382
0.0,27,5.337003
0.0,18,5.337435
0.0,25,5.338032
0.0,10,5.3383
0.0,15,5.338659
0.0,14,5.339036
0.0,6,5.339242
0.0,11,5.339526
0.0,47,5.340652
1.0,29,5.341331
0.0,21,5.341813
1.0,10,5.342099
0.0,4,5.34224
0.0,12,5.342552
0.0,8,5.342779
0.0,29,5.34344
0.0,15,5.343831
1.0,22,5.344395
0.0,11,5.344686
0.0,13,5.345016
0.0,11,5.345304
0.0,43,5.346248
0.0,29,5.346917
0.0,71,5.348471
0.0,9,5.348724
0.0,11,5.349034
0.0,15,5.349417
0.0,7,5.349629
0.0,25,5.350223
0.0,14,5.350588
0.0,11,5.350883
0.0,9,5.351136
0.0,34,5.351918
0.0,5,5.35209
0.0,17,5.352501
0.0,63,5.353871
0.0,3,5.353993
0.0,4,5.35413
0.0,25,5.354713
1.0,23,5.355259
0.0,24,5.355803
0.0,29,5.356473
1.0,18,5.356909
0.0,53,5.358073
0.0,26,5.358668
0.0,7,5.358881
1.0,26,5.359471
0.0,55,5.360643
0.0,15,5.361024
0.0,12,5.361332
0.0,24,5.361907
1.0,9,5.362159
1.0,14,5.362494
0.0,58,5.363791
1.0,33,5.364567
0.0,21,5.365072
1.0,25,5.365655
0.0,50,5.36678
0.0,68,5.368245
0.0,55,5.369432
0.0,10,5.369697
0.0,33,5.370438
0.0,13,5.370762
0.0,61,5.372095
0.0,13,5.372422
1.0,60,5.373704
0.0,100,5.375839
0.0,4,5.375997
1.0,34,5.376781
1.0,17,5.377216
0.0,12,5.377517
0.0,3,5.377641
0.0,11,5.377942
0.0,13,5.378271
0.0,66,5.379778
0.0,12,5.380093
0.0,9,5.380349
1.0,35,5.38115
0.0,11,5.381431
0.0,8,5.381656
1.0,24,5.382219
0.0,15,5.382589
0.0,4,5.382727
0.0,19,5.383192
0.0,5,5.383355
0.0,11,5.383632
0.0,14,5.384018
0.0,45,5.385033
0.0,11,5.385329
0.0,7,5.385527
0.0,11,5.385806
1.0,24,5.38637
1.0,51,5.387481
1.0,33,5.388222
1.0,48,5.389302
1.0,7,5.389515
1.0,11,5.389807
0.0,3,5.389963
1.0,30,5.390661
0.0,20,5.391145
0.0,11,5.391433
0.0,8,5.391665
0.0,9,5.391917
0.0,43,5.392949
0.0,4,5.393108
0.0,25,5.393701
0.0,18,5.394155
0.0,21,5.394634
0.0,33,5.395366
0.0,3,5.395491
0.0,12,5.395808
0.0,9,5.39607
0.0,18,5.396502
0.0,58,5.397767
0.0,22,5.398296
0.0,14,5.398649
0.0,9,5.398902
0.0,7,5.399109
0.0,37,5.399937
0.0,77,5.401576
1.0,20,5.402053
0.0,12,5.402366
0.0,7,5.402577
0.0,26,5.403181
0.0,18,5.403605
0.0,29,5.404263
1.0,34,5.405014
0.0,5,5.405182
1.0,9,5.405422
1.0,18,5.405842
1.0,8,5.406068
0.0,14,5.406415
0.0,13,5.406748
1.0,23,5.407288
0.0,11,5.407573
1.0,16,5.407973
0.0,63,5.409319
0.0,34,5.410067
0.0,16,5.410452
0.0,79,5.412138
1.0,26,5.412729
0.0,7,5.41294
0.0,33,5.413671
0.0,7,5.413878
0.0,4,5.414017
0.0,11,5.414304
0.0,33,5.415054
0.0,19,5.415513
0.0,24,5.416068
1.0,43,5.417007
0.0,51,5.418118
1.0,12,5.418426
1.0,17,5.418833
0.0,7,5.419061
0.0,13,5.419388
1.0,20,5.419844
0.0,43,5.420766
1.0,36,5.421585
0.0,26,5.422197
1.0,39,5.423053
1.0,30,5.423734
1.0,16,5.424129
0.0,8,5.424356
1.0,38,5.425206
0.0,12,5.425527
0.0,35,5.426338
0.0,31,5.427049
0.0,25,5.427639
0.0,16,5.428041
0.0,8,5.428262
0.0,18,5.428681
0.0,3,5.428806
0.0,37,5.429648
0.0,35,5.430428
0.0,40,5.431314
0.0,8,5.431541
1.0,37,5.43238
0.0,42,5.433319
1.0,30,5.434016
0.0,5,5.434189
0.0,14,5.434548
0.0,10,5.434808
0.0,21,5.435339
0.0,25,5.435945
0.0,17,5.436357
0.0,16,5.436745
1.0,41,5.437649
1.0,26,5.438256
1.0,38,5.439109
0.0,20,5.439603
1.0,18,5.44014
0.0,5,5.440306
0.0,3,5.440431
0.0,6,5.440613
0.0,19,5.441077
1.0,17,5.441501
0.0,27,5.442117
1.0,47,5.443141
1.0,32,5.443862
1.0,11,5.444146
0.0,50,5.445248
1.0,54,5.446425
0.0,16,5.446811
1.0,15,5.447188
1.0,8,5.447422
1.0,48,5.44847
1.0,26,5.449076
1.0,24,5.449618
0.0,13,5.449959
0.0,57,5.4512
0.0,12,5.451518
0.0,35,5.4523
0.0,3,5.45242
1.0,7,5.452626
0.0,30,5.45335
0.0,4,5.453503
0.0,26,5.454106
0.0,6,5.45429
1.0,49,5.455373
0.0,24,5.455943
1.0,47,5.456971
0.0,29,5.457618
0.0,28,5.458266
0.0,22,5.45878
0.0,3,5.458909
0.0,11,5.459204
0.0,3,5.459323
0.0,39,5.460187
0.0,22,5.460697
0.0,6,5.46089
0.0,7,5.461093
0.0,74,5.462734
0.0,42,5.46366
1.0,20,5.464181
0.0,16,5.464582
0.0,4,5.464724
1.0,45,5.465683
1.0,23,5.466216
1.0,22,5.466721
0.0,22,5.467233
0.0,19,5.467693
0.0,14,5.468059
0.0,29,5.468713
0.0,24,5.46927
0.0,10,5.469529
0.0,11,5.469818
0.0,29,5.470474
1.0,25,5.471049
1.0,48,5.472121
1.0,12,5.472445
0.0,10,5.472713
0.0,4,5.472883
1.0,24,5.473459
0.0,37,5.474295
1.0,15,5.474655
0.0,43,5.475596
1.0,36,5.476381
0.0,28,5.477113
0.0,22,5.477707
0.0,38,5.478653
1.0,31,5.479383
0.0,30,5.480085
0.0,21,5.480601
0.0,19,5.481069
0.0,10,5.481332
0.0,15,5.481702
0.0,50,5.482809
0.0,19,5.483276
0.0,24,5.483823
0.0,9,5.484084
0.0,5,5.484246
0.0,28,5.484895
0.0,28,5.485524
1.0,59,5.486818
1.0,30,5.487527
0.0,23,5.488091
0.0,11,5.488382
0.0,14,5.488737
0.0,9,5.488995
0.0,7,5.489205
0.0,9,5.489444
1.0,23,5.490012
0.0,32,5.490743
1.0,29,5.491401
1.0,11,5.491686
0.0,4,5.491836
0.0,28,5.492473
0.0,9,5.492725
0.0,78,5.494436
0.0,29,5.49509
1.0,17,5.495502
1.0,62,5.496839
0.0,16,5.497245
1.0,13,5.497567
0.0,16,5.497964
0.0,59,5.499257
0.0,45,5.500252
0.0,21,5.500755
0.0,4,5.500909
0.0,13,5.50124
0.0,18,5.501668
0.0,30,5.502344
0.0,4,5.502483
0.0,21,5.50298
0.0,38,5.503864
0.0,19,5.50434
0.0,58,5.505585
1.0,71,5.507098
0.0,5,5.507267
0.0,4,5.507408
0.0,19,5.507871
0.0,18,5.508299
1.0,70,5.509798
1.0,31,5.510493
0.0,21,5.511002
1.0,45,5.511987
0.0,24,5.512548
0.0,11,5.512828
1.0,36,5.513634
0.0,54,5.514813
0.0,7,5.515028
0.0,3,5.515148
1.0,25,5.515728
0.0,44,5.516696
0.0,17,5.517116
1.0,13,5.517435
0.0,42,5.518359
0.0,39,5.519211
0.0,20,5.519689
1.0,15,5.520066
0.0,5,5.520226
0.0,9,5.520472
1.0,17,5.520882
0.0,60,5.522161
0.0,4,5.522311
0.0,17,5.522727
0.0,16,5.523126
0.0,21,5.523618
0.0,12,5.52394
0.0,12,5.524246
0.0,5,5.524413
0.0,24,5.524971
0.0,28,5.525594
1.0,61,5.526929
0.0,100,5.529288
1.0,35,5.529757
1.0,63,5.530548
1.0,13,5.530748
0.0,100,5.531955
0.0,100,5.533152
1.0,27,5.533508
1.0,43,5.534053
0.0,100,5.53524
1.0,54,5.535913
1.0,41,5.536422
1.0,29,5.5368
1.0,77,5.537729
1.0,33,5.538163
1.0,25,5.538494
1.0,31,5.538909
0.0,100,5.54013
1.0,11,5.540352
1.0,28,5.540718
1.0,59,5.54149
0.0,100,5.542691
1.0,42,5.543229
1.0,16,5.543461
1.0,54,5.544136
1.0,27,5.544492
1.0,36,5.544958
1.0,67,5.545763
1.0,65,5.546558
1.0,46,5.54714
1.0,19,5.547405
1.0,11,5.547576
1.0,21,5.547869
1.0,24,5.548196
1.0,44,5.548745
1.0,33,5.549173
1.0,17,5.549415
1.0,33,5.549837
1.0,45,5.550406
1.0,15,5.550624
0.0,100,5.551812
1.0,28,5.552191
0.0,100,5.553395
1.0,36,5.553859
0.0,100,5.555123
1.0,97,5.556309
1.0,12,5.556497
1.0,29,5.556886
0.0,100,5.558087
1.0,17,5.558334
0.0,100,5.559535
1.0,68,5.560368
1.0,79,5.561336
1.0,64,5.56213
0.0,100,5.563342
0.0,100,5.564547
1.0,21,5.564835
1.0,17,5.565085
1.0,38,5.565561
1.0,18,5.565809
1.0,43,5.566352
1.0,51,5.566988
1.0,46,5.567557
1.0,61,5.568308
1.0,18,5.568562
1.0,44,5.569121
0.0,100,5.570308
1.0,16,5.570538
0.0,100,5.571735
1.0,56,5.572432
1.0,39,5.572935
1.0,55,5.573606
1.0,26,5.57396
1.0,20,5.574237
1.0,14,5.574445
1.0,26,5.574786
0.0,100,5.576051
0.0,100,5.57726
1.0,66,5.578075
1.0,18,5.578331
1.0,17,5.578573
1.0,15,5.57879
1.0,24,5.579118
1.0,63,5.579887
0.0,100,5.581092
0.0,100,5.582293
1.0,43,5.582834
0.0,100,5.58404
1.0,30,5.584432
1.0,32,5.584843
1.0,33,5.58527
1.0,56,5.585964
1.0,35,5.58641
1.0,24,5.586729
1.0,23,5.587046
1.0,13,5.587242
1.0,31,5.58764
1.0,50,5.588262
1.0,24,5.588582
1.0,31,5.58899
1.0,68,5.589835
1.0,44,5.590439
1.0,26,5.590784
0.0,100,5.591982
1.0,20,5.592261
1.0,68,5.593095
1.0,25,5.593427
1.0,71,5.59428
1.0,29,5.59466
1.0,22,5.594965
1.0,26,5.595344
1.0,14,5.595548
1.0,62,5.596306
1.0,91,5.597393
1.0,35,5.597837
1.0,36,5.598301
1.0,14,5.598508
0.0,100,5.599699
1.0,41,5.600222
1.0,43,5.600757
1.0,88,5.601802
0.0,100,5.602999
1.0,65,5.60379
0.0,100,5.604995
1.0,57,5.605689
1.0,7,5.605816
1.0,46,5.606389
1.0,49,5.607002
1.0,53,5.607651
1.0,19,5.607927
1.0,98,5.609143
0.0,100,5.610335
1.0,45,5.610905
1.0,39,5.611399
0.0,100,5.612633
1.0,53,5.613292
1.0,37,5.613762
1.0,21,5.614056
1.0,50,5.614671
1.0,34,5.615112
1.0,28,5.61548
1.0,38,5.615996
1.0,14,5.616227
1.0,58,5.616942
1.0,24,5.61726
0.0,100,5.618447
1.0,29,5.618828
0.0,100,5.620032
1.0,52,5.620673
1.0,24,5.621001
1.0,34,5.621436
1.0,68,5.622258
1.0,32,5.622672
1.0,33,5.623098
1.0,40,5.623597
1.0,58,5.624305
1.0,88,5.625353
1.0,16,5.625583
1.0,33,5.626011
0.0,100,5.627213
1.0,49,5.627818
1.0,27,5.628183
0.0,100,5.629446
0.0,100,5.630693
1.0,59,5.631492
1.0,12,5.631677
1.0,26,5.63203
1.0,55,5.632699
1.0,17,5.632947
0.0,100,5.634139
1.0,16,5.634369
1.0,82,5.635353
1.0,42,5.635884
1.0,40,5.636382
1.0,30,5.636768
1.0,32,5.637188
1.0,17,5.637428
1.0,32,5.637835
1.0,90,5.638908
1.0,40,5.639411
1.0,48,5.640009
0.0,100,5.641198
1.0,72,5.642068
1.0,10,5.642229
1.0,15,5.642443
1.0,62,5.643201
1.0,33,5.643623
1.0,95,5.64475
1.0,12,5.644942
1.0,93,5.646049
1.0,26,5.646388
1.0,20,5.64666
1.0,79,5.647603
1.0,17,5.647842
1.0,21,5.648133
0.0,100,5.64932
0.0,100,5.650506
1.0,36,5.650973
1.0,22,5.65127
1.0,64,5.652045
1.0,13,5.652239
1.0,52,5.652879
1.0,25,5.653209
1.0,23,5.653516
1.0,48,5.654112
1.0,52,5.654744
1.0,22,5.655049
0.0,100,5.656231
0.0,100,5.657422
1.0,87,5.658462
1.0,26,5.658802
1.0,14,5.659015
1.0,44,5.659559
1.0,58,5.660269
1.0,75,5.661255
1.0,24,5.661576
0.0,100,5.662764
1.0,25,5.663106
1.0,50,5.663721
0.0,100,5.664915
1.0,27,5.665269
1.0,14,5.665473
1.0,85,5.666486
0.0,100,5.66768
1.0,98,5.668844
1.0,32,5.669258
0.0,100,5.670439
1.0,51,5.671077
1.0,79,5.672032
1.0,76,5.672946
1.0,25,5.673276
1.0,40,5.673775
1.0,11,5.673955
1.0,66,5.674742
1.0,87,5.675794
0.0,100,5.677041
1.0,70,5.677883
1.0,58,5.678585
1.0,18,5.678834
1.0,46,5.679406
1.0,60,5.680135
1.0,21,5.680423
1.0,50,5.681033
0.0,100,5.682214
1.0,12,5.6824
1.0,66,5.683211
1.0,14,5.683419
0.0,100,5.684607
1.0,33,5.685037
0.0,100,5.686227
1.0,20,5.686502
0.0,100,5.687692
1.0,47,5.688277
0.0,100,5.689469
1.0,84,5.690522
1.0,93,5.691639
1.0,65,5.69243
1.0,41,5.692952
1.0,25,5.693284
0.0,100,5.694466
1.0,18,5.694718
1.0,48,5.695317
1.0,48,5.695914
1.0,39,5.696405
1.0,32,5.696811
1.0,26,5.697163
0.0,100,5.69835
0.0,100,5.699536
1.0,79,5.700491
1.0,52,5.701137
1.0,77,5.702063
1.0,37,5.702531
0.0,100,5.703724
0.0,100,5.704927
1.0,91,5.70602
0.0,100,5.707206
0.0,100,5.708404
1.0,8,5.708546
1.0,36,5.709006
1.0,7,5.709135
0.0,100,5.710318
1.0,78,5.711256
0.0,100,5.712441
1.0,49,5.713054
1.0,96,5.714187
1.0,61,5.714929
1.0,87,5.715961
1.0,19,5.716224
1.0,99,5.717396
1.0,89,5.718455
1.0,97,5.719602
1.0,21,5.719896
1.0,47,5.720512
1.0,18,5.720764
0.0,100,5.722009
0.0,100,5.723205
1.0,90,5.724278
0.0,100,5.725472
1.0,44,5.726054
1.0,29,5.726451
0.0,100,5.727638
0.0,100,5.728825
1.0,45,5.729453
1.0,70,5.730354
1.0,72,5.731232
1.0,20,5.731509
1.0,37,5.731978
1.0,54,5.73264
0.0,100,5.733826
1.0,57,5.73453
1.0,98,5.735701
0.0,100,5.736907
1.0,35,5.737354
1.0,89,5.738425
1.0,30,5.738814
0.0,100,5.740047
1.0,93,5.741237
1.0,29,5.741619
1.0,86,5.742658
1.0,13,5.742862
1.0,16,5.743094
1.0,52,5.743737
1.0,81,5.744699
1.0,29,5.745086
1.0,69,5.745923
1.0,42,5.746453
0.0,100,5.747649
1.0,54,5.748327
1.0,35,5.748778
0.0,100,5.74999
1.0,72,5.75086
1.0,15,5.751082
1.0,10,5.751244
1.0,27,5.751601
1.0,71,5.752463
1.0,32,5.752887
1.0,51,5.753515
1.0,52,5.75416
1.0,19,5.754425
1.0,73,5.755316
1.0,36,5.755773
1.0,72,5.756648
1.0,93,5.757766
0.0,100,5.758967
0.0,100,5.760154
1.0,80,5.761119
1.0,62,5.761875
1.0,24,5.762195
1.0,19,5.762458
1.0,10,5.762616
1.0,21,5.76291
1.0,54,5.763569
1.0,93,5.764674
1.0,67,5.765494
1.0,96,5.766641
1.0,20,5.766926
1.0,25,5.767261
1.0,83,5.768254
1.0,21,5.76854
1.0,20,5.768813
0.0,100,5.770009
1.0,30,5.770398
1.0,22,5.770693
1.0,39,5.771188
1.0,46,5.771753
0.0,100,5.772951
1.0,64,5.773723
1.0,33,5.774148
1.0,79,5.775094
0.0,100,5.776283
0.0,100,5.777471
1.0,23,5.777782
1.0,40,5.778289
1.0,36,5.778743
1.0,76,5.779661
1.0,52,5.780304
1.0,58,5.781019
1.0,54,5.781677
1.0,18,5.781939
0.0,100,5.783128
1.0,17,5.783371
1.0,49,5.784007
1.0,74,5.784921
1.0,64,5.785717
1.0,51,5.786397
1.0,26,5.78674
1.0,59,5.787465
1.0,26,5.787807
1.0,72,5.788668
1.0,44,5.789222
0.0,100,5.790457
1.0,57,5.791206
1.0,43,5.791741
1.0,58,5.792443
1.0,18,5.792694
1.0,44,5.793244
0.0,100,5.794425
1.0,49,5.795031
1.0,65,5.795813
1.0,41,5.79633
1.0,23,5.796658
1.0,66,5.79751
1.0,92,5.798613
1.0,30,5.799011
1.0,16,5.799241
1.0,94,5.800369
0.0,100,5.801548
1.0,82,5.80254
1.0,31,5.802951
1.0,36,5.803403
1.0,75,5.804312
1.0,19,5.804578
1.0,23,5.804899
1.0,63,5.805659
1.0,41,5.80618
0.0,100,5.807366
0.0,100,5.808556
1.0,74,5.809453
1.0,43,5.809995
1.0,53,5.810639
1.0,31,5.811045
0.0,100,5.812235
1.0,98,5.813405
1.0,46,5.813984
1.0,72,5.814845
1.0,27,5.815207
1.0,12,5.815389
1.0,59,5.816114
1.0,48,5.816701
1.0,23,5.817022
1.0,61,5.817758
1.0,85,5.818776
0.0,100,5.819975
0.0,100,5.821165
1.0,30,5.821555
1.0,31,5.821959
1.0,34,5.82239
1.0,78,5.823325
1.0,39,5.823812
1.0,25,5.824149
1.0,53,5.824791
1.0,44,5.825341
1.0,40,5.82584
1.0,27,5.8262
1.0,13,5.826394
1.0,68,5.827221
1.0,84,5.828231
1.0,16,5.828461
1.0,30,5.828847
1.0,55,5.829585
1.0,20,5.829874
1.0,44,5.830425
1.0,27,5.830779
1.0,35,5.831231
1.0,66,5.832038
0.0,100,5.833231
1.0,36,5.833692
1.0,39,5.834189
1.0,19,5.834454
1.0,99,5.835629
1.0,53,5.836286
1.0,52,5.836929
1.0,44,5.837473
1.0,15,5.837688
1.0,11,5.837867
1.0,51,5.838489
0.0,100,5.839672
1.0,45,5.840273
0.0,100,5.84147
1.0,78,5.842412
1.0,81,5.84339
1.0,28,5.843757
1.0,38,5.84426
1.0,97,5.845486
1.0,17,5.845727
1.0,28,5.8461
1.0,28,5.846464
1.0,20,5.846736
1.0,42,5.847267
0.0,100,5.848464
1.0,86,5.849502
0.0,100,5.850696
1.0,57,5.851401
1.0,14,5.851608
1.0,31,5.852015
1.0,31,5.852415
0.0,100,5.853611
1.0,31,5.854018
1.0,39,5.854506
1.0,86,5.855529
1.0,55,5.856207
1.0,59,5.85693
1.0,63,5.857687
1.0,33,5.858114
1.0,37,5.858575
1.0,30,5.858968
1.0,21,5.859251
0.0,100,5.860438
1.0,81,5.861412
0.0,100,5.862603
0.0,100,5.863833
1.0,42,5.864396
1.0,79,5.865344
1.0,45,5.865912
0.0,100,5.867101
0.0,100,5.868292
1.0,89,5.869358
1.0,63,5.870122
1.0,38,5.870598
0.0,100,5.871788
1.0,59,5.872514
1.0,48,5.873112
1.0,92,5.874219
1.0,69,5.875052
1.0,52,5.875688
1.0,33,5.876115
1.0,32,5.876525
0.0,100,5.877718
0.0,100,5.878916
0.0,100,5.880182
1.0,15,5.880403
1.0,67,5.881218
1.0,41,5.881732
1.0,88,5.882794
1.0,36,5.883261
1.0,30,5.883651
1.0,81,5.884631
1.0,13,5.884827
0.0,100,5.886019
0.0,100,5.887215
1.0,40,5.887714
1.0,70,5.888561
1.0,13,5.888758
1.0,59,5.889482
0.0,100,5.890701
1.0,26,5.891083
1.0,48,5.89169
1.0,29,5.892076
1.0,36,5.892528
1.0,30,5.892944
0.0,100,5.894156
1.0,28,5.894523
1.0,43,5.895073
1.0,47,5.895648
1.0,99,5.896826
1.0,27,5.897185
1.0,53,5.897835
1.0,16,5.898073
0.0,100,5.899269
1.0,90,5.900349
1.0,66,5.901158
1.0,78,5.902094
1.0,51,5.902717
1.0,66,5.903516
1.0,84,5.904526
0.0,100,5.90572
1.0,41,5.906255
0.0,100,5.907447
1.0,15,5.907665
0.0,100,5.908852
0.0,100,5.910081
1.0,60,5.910828
1.0,12,5.911018
1.0,41,5.911531
1.0,36,5.91199
1.0,41,5.912501
1.0,52,5.913147
1.0,47,5.913727
1.0,90,5.914811
1.0,19,5.915082
1.0,21,5.915367
1.0,72,5.916241
0.0,100,5.917435
1.0,85,5.918447
1.0,26,5.918788
1.0,18,5.919048
1.0,16,5.919278
1.0,61,5.920023
0.0,100,5.921211
1.0,46,5.921783
1.0,64,5.92257
0.0,100,5.923767
1.0,20,5.924052
1.0,75,5.924961
1.0,48,5.925553
1.0,51,5.926186
1.0,68,5.927011
1.0,33,5.927432
0.0,100,5.928626
1.0,29,5.929015
1.0,21,5.929359
1.0,37,5.929828
1.0,89,5.930896
1.0,50,5.931508
1.0,89,5.932567
1.0,34,5.933009
1.0,53,5.933654
1.0,74,5.934561
1.0,51,5.935196
1.0,18,5.93545
1.0,31,5.935848
0.0,100,5.937051
1.0,34,5.937484
1.0,12,5.937668
1.0,48,5.938267
1.0,49,5.938878
1.0,10,5.939039
1.0,50,5.939652
1.0,42,5.940187
1.0,16,5.940417
1.0,14,5.940622
0.0,100,5.941819
1.0,21,5.942111
1.0,25,5.94244
1.0,45,5.943003
0.0,100,5.944195
1.0,54,5.944851
0.0,100,5.946048
1.0,40,5.94655
1.0,79,5.947504
1.0,92,5.948596
1.0,28,5.94897
1.0,15,5.949187
1.0,11,5.949356
1.0,25,5.949684
1.0,30,5.95008
1.0,23,5.950388
1.0,62,5.951141
1.0,55,5.951808
1.0,61,5.952548
1.0,75,5.953458
1.0,24,5.953775
0.0,100,5.955005
0.0,100,5.956191
0.0,100,5.957376
1.0,81,5.958352
1.0,65,5.959134
1.0,21,5.95942
1.0,34,5.959848
0.0,100,5.961033
0.0,100,5.962284
1.0,12,5.96247
1.0,17,5.962708
1.0,20,5.963014
1.0,47,5.963612
1.0,59,5.964371
0.0,100,5.965552
1.0,60,5.966286
1.0,26,5.966626
1.0,21,5.966921
1.0,61,5.967654
1.0,65,5.968443
1.0,26,5.968784
0.0,100,5.969973
1.0,12,5.970158
1.0,76,5.97107
0.0,100,5.972254
1.0,28,5.972646
1.0,85,5.973719
1.0,40,5.974231
1.0,10,5.974391
1.0,78,5.975329
1.0,53,5.97598
1.0,12,5.976163
1.0,20,5.976432
1.0,90,5.977501
1.0,49,5.97811
0.0,100,5.97929
1.0,19,5.979553
0.0,100,5.980732
1.0,45,5.981293
1.0,20,5.981565
1.0,21,5.981847
1.0,31,5.982255
1.0,26,5.982594
1.0,13,5.982786
1.0,49,5.983394
1.0,41,5.983909
1.0,37,5.984374
1.0,63,5.985147
1.0,50,5.985758
1.0,37,5.986235
0.0,100,5.987427
1.0,30,5.987814
1.0,25,5.988151
1.0,25,5.988482
1.0,33,5.988907
1.0,9,5.989056
1.0,32,5.989462
1.0,37,5.989936
1.0,20,5.990208
1.0,41,5.990716
1.0,38,5.991247
1.0,88,5.992299
1.0,56,5.992987
1.0,18,5.993237
1.0,6,5.993351
1.0,36,5.993801
1.0,25,5.994138
1.0,58,5.994838
1.0,27,5.995195
1.0,25,5.995524
1.0,54,5.996185
0.0,100,5.997375
1.0,81,5.99835
1.0,56,5.999036
1.0,18,5.999288
1.0,28,5.99965
0.0,100,6.000843
1.0,40,6.001353
1.0,32,6.001762
1.0,94,6.002889
0.0,100,6.004099
1.0,56,6.004808
1.0,75,6.005772
0.0,100,6.006974
1.0,70,6.007813
1.0,86,6.008844
0.0,100,6.010047
0.0,100,6.011239
1.0,30,6.011627
1.0,66,6.012439
1.0,31,6.01284
1.0,20,6.013124
1.0,28,6.01349
1.0,88,6.014544
1.0,15,6.014763
1.0,41,6.01528
1.0,26,6.015623
1.0,78,6.016563
0.0,100,6.017754
1.0,24,6.018084
1.0,32,6.018496
1.0,59,6.019218
1.0,93,6.020319
1.0,23,6.020629
1.0,20,6.02091
1.0,51,6.021532
1.0,70,6.022374
1.0,47,6.022962
1.0,42,6.023481
0.0,100,6.024673
0.0,100,6.025868
0.0,100,6.027054
0.0,100,6.028246
0.0,100,6.029435
1.0,23,6.029803
1.0,26,6.030161
1.0,31,6.03056
1.0,34,6.031003
1.0,29,6.031381
1.0,47,6.031989
1.0,36,6.032466
1.0,15,6.032682
1.0,18,6.03296
1.0,7,6.033095
1.0,25,6.033438
1.0,47,6.034029
1.0,40,6.034526
1.0,49,6.035133
0.0,100,6.036336
1.0,23,6.036649
1.0,59,6.037376
1.0,19,6.037639
0.0,100,6.038832
1.0,47,6.03943
1.0,28,6.039799
0.0,100,6.041048
1.0,28,6.041436
1.0,86,6.042475
1.0,68,6.043309
1.0,43,6.043842
1.0,16,6.044079
1.0,30,6.044469
1.0,68,6.045293
1.0,33,6.045714
1.0,18,6.045974
0.0,100,6.047161
1.0,83,6.048162
1.0,16,6.048391
0.0,100,6.049579
0.0,100,6.050776
1.0,13,6.050982
0.0,100,6.052174
0.0,100,6.053362
1.0,8,6.053501
1.0,28,6.053877
1.0,57,6.054569
1.0,65,6.055357
1.0,83,6.056348
1.0,21,6.056634
1.0,23,6.056949
0.0,100,6.05814
1.0,23,6.05845
1.0,81,6.059419
1.0,11,6.059591
0.0,100,6.060794
1.0,31,6.061201
1.0,74,6.062096
1.0,25,6.062426
1.0,57,6.063124
0.0,100,6.064315
0.0,100,6.0655
1.0,12,6.065687
0.0,100,6.066892
1.0,25,6.067225
1.0,56,6.067914
0.0,100,6.069102
1.0,48,6.069695
1.0,82,6.070685
1.0,12,6.070877
1.0,62,6.071629
0.0,100,6.072825
1.0,10,6.072997
1.0,43,6.073537
1.0,34,6.073979
0.0,100,6.075167
1.0,79,6.076199
1.0,66,6.077001
1.0,33,6.07742
0.0,100,6.078603
1.0,30,6.078999
1.0,46,6.079564
0.0,100,6.08075
1.0,65,6.08154
1.0,35,6.081991
1.0,75,6.082889
1.0,91,6.083975
1.0,30,6.08436
1.0,25,6.084689
1.0,19,6.084961
0.0,100,6.086151
1.0,83,6.087146
1.0,16,6.087374
1.0,24,6.087692
1.0,65,6.088477
1.0,56,6.089167
1.0,43,6.089696
1.0,22,6.089998
1.0,16,6.090224
1.0,28,6.09059
0.0,100,6.091825
1.0,48,6.092424
1.0,52,6.093073
1.0,47,6.093657
1.0,91,6.094748
1.0,70,6.095594
0.0,100,6.096791
1.0,94,6.097917
1.0,83,6.098919
1.0,6,6.099036
1.0,14,6.099241
1.0,63,6.100009
1.0,15,6.100227
1.0,14,6.100431
1.0,31,6.100827
1.0,65,6.101615
1.0,91,6.102709
1.0,51,6.103343
0.0,100,6.10453
1.0,86,6.105558
1.0,44,6.106112
1.0,21,6.106397
1.0,18,6.106646
1.0,29,6.107025
0.0,100,6.108215
1.0,13,6.10841
0.0,100,6.109606
1.0,70,6.110538
1.0,58,6.111299
1.0,94,6.112413
1.0,11,6.112586
1.0,27,6.112946
0.0,100,6.114134
1.0,52,6.114774
1.0,19,6.115045
1.0,63,6.115812
1.0,19,6.116081
1.0,58,6.11679
1.0,45,6.117357
0.0,100,6.118553
1.0,72,6.119429
1.0,85,6.120447
0.0,100,6.121653
1.0,48,6.122258
1.0,26,6.1226
1.0,13,6.122794
1.0,84,6.123804
1.0,82,6.124785
1.0,23,6.125101
0.0,100,6.126291
1.0,31,6.126696
1.0,57,6.127403
1.0,57,6.128107
1.0,27,6.128462
0.0,100,6.129666
1.0,29,6.130118
0.0,100,6.131382
1.0,73,6.132262
1.0,32,6.132674
0.0,100,6.133864
1.0,39,6.134353
1.0,53,6.135005
0.0,100,6.136195
1.0,84,6.137205
0.0,100,6.138392
1.0,85,6.139409
1.0,13,6.139605
1.0,14,6.139809
1.0,64,6.140582
1.0,47,6.141168
1.0,34,6.1416
0.0,100,6.142785
0.0,100,6.14398
1.0,96,6.145132
1.0,52,6.14577
0.0,100,6.146963
1.0,91,6.148056
1.0,50,6.148674
1.0,69,6.149505
1.0,11,6.149678
1.0,16,6.149915
1.0,65,6.150696
1.0,73,6.151575
1.0,24,6.151901
1.0,53,6.152547
1.0,15,6.152763
1.0,18,6.153022
1.0,10,6.153184
1.0,66,6.153983
1.0,28,6.154346
1.0,14,6.15455
1.0,19,6.154808
1.0,88,6.155863
1.0,74,6.15675
1.0,47,6.157335
1.0,52,6.157979
1.0,48,6.15857
1.0,71,6.15943
1.0,65,6.160266
1.0,89,6.161367
1.0,52,6.16204
1.0,7,6.162193
1.0,19,6.162456
1.0,21,6.162741
0.0,100,6.163943
0.0,100,6.16514
1.0,30,6.165549
1.0,20,6.165823
1.0,27,6.166182
1.0,88,6.167233
1.0,38,6.167711
0.0,100,6.168907
1.0,48,6.169499
1.0,41,6.170017
1.0,44,6.170566
1.0,25,6.170905
0.0,100,6.1721
1.0,53,6.172747
0.0,100,6.173941
1.0,70,6.174779
0.0,100,6.175969
1.0,75,6.176929
1.0,28,6.177322
1.0,74,6.178207
1.0,48,6.178797
1.0,33,6.179221
1.0,76,6.18014
1.0,73,6.181019
1.0,87,6.182062
1.0,30,6.182448
1.0,85,6.183475
1.0,74,6.184402
1.0,33,6.184823
0.0,100,6.186068
1.0,19,6.186333
1.0,50,6.186951
1.0,33,6.187372
0.0,100,6.188566
1.0,46,6.189145
1.0,37,6.18961
1.0,86,6.190643
1.0,43,6.191233
0.0,100,6.192425
1.0,27,6.192777
1.0,24,6.193107
0.0,100,6.194299
1.0,65,6.195093
1.0,16,6.195325
1.0,37,6.195791
1.0,22,6.196099
1.0,54,6.196759
1.0,32,6.197176
1.0,26,6.197515
1.0,71,6.198378
0.0,100,6.19958
1.0,46,6.200159
1.0,63,6.200931
1.0,63,6.20169
1.0,61,6.202439
1.0,13,6.202634
1.0,48,6.203241
1.0,15,6.203458
1.0,13,6.203653
1.0,23,6.203969
1.0,95,6.205102
1.0,55,6.20577
1.0,48,6.206367
1.0,17,6.206607
1.0,100,6.207796
1.0,71,6.208648
1.0,57,6.209342
0.0,100,6.210532
1.0,57,6.211232
1.0,85,6.212247
1.0,73,6.21313
1.0,31,6.213526
1.0,24,6.213842
1.0,57,6.214541
1.0,13,6.214734
1.0,25,6.215069
1.0,94,6.216184
1.0,59,6.21691
0.0,100,6.218094
1.0,40,6.218594
1.0,45,6.219156
0.0,100,6.22034
1.0,64,6.221182
1.0,54,6.221841
1.0,23,6.222157
1.0,17,6.222398
1.0,83,6.223391
0.0,100,6.224574
1.0,37,6.225047
1.0,88,6.226175
1.0,93,6.227286
1.0,30,6.227674
1.0,46,6.228258
1.0,54,6.228931
1.0,18,6.229184
1.0,94,6.230306
1.0,75,6.231342
1.0,8,6.231485
1.0,56,6.232173
0.0,100,6.23336
0.0,100,6.234549
1.0,31,6.234957
1.0,37,6.235423
1.0,52,6.23606
0.0,100,6.237252
1.0,25,6.237579
1.0,50,6.238196
1.0,15,6.238411
0.0,100,6.239599
1.0,62,6.240343
1.0,24,6.240663
1.0,19,6.240932
0.0,100,6.242166
0.0,100,6.243341
1.0,22,6.243642
0.0,100,6.244823
1.0,40,6.245329
0.0,100,6.246516
1.0,47,6.247109
1.0,14,6.24732
0.0,100,6.248513
1.0,33,6.248941
1.0,59,6.249651
1.0,58,6.250354
1.0,37,6.250817
1.0,93,6.251923
1.0,15,6.252141
1.0,40,6.252637
1.0,27,6.252999
1.0,48,6.25359
1.0,31,6.253995
0.0,100,6.255172
1.0,41,6.255682
1.0,66,6.256478
1.0,9,6.25663
1.0,36,6.257092
1.0,26,6.257433
1.0,97,6.258587
1.0,72,6.259456
1.0,27,6.259808
1.0,28,6.26018
1.0,57,6.260872
1.0,67,6.261678
1.0,24,6.262005
1.0,98,6.263171
0.0,100,6.264359
1.0,74,6.265308
1.0,38,6.265789
0.0,100,6.266999
1.0,40,6.267504
1.0,41,6.268025
1.0,27,6.268378
1.0,23,6.268687
1.0,8,6.268823
1.0,54,6.269489
1.0,64,6.270274
1.0,25,6.270607
1.0,29,6.270992
1.0,16,6.271219
1.0,25,6.271548
1.0,59,6.272268
1.0,95,6.273403
1.0,83,6.274404
1.0,49,6.275022
1.0,21,6.275306
1.0,63,6.276071
0.0,100,6.277269
1.0,20,6.277546
1.0,24,6.277872
0.0,100,6.279064
1.0,59,6.27978
1.0,16,6.280018
1.0,40,6.280519
1.0,16,6.280745
1.0,42,6.281276
1.0,16,6.281505
1.0,95,6.282634
0.0,100,6.28383
0.0,100,6.285025
1.0,12,6.285211
1.0,25,6.285541
1.0,69,6.286378
1.0,39,6.286874
1.0,16,6.287103
1.0,41,6.287614
1.0,24,6.287939
1.0,44,6.288484
0.0,100,6.289668
1.0,97,6.290829
1.0,22,6.291153
1.0,54,6.291824
1.0,31,6.292228
1.0,18,6.292481
1.0,36,6.292945
1.0,26,6.293288
1.0,84,6.294299
1.0,54,6.294965
0.0,100,6.296158
1.0,70,6.29701
1.0,45,6.297611
1.0,25,6.297969
0.0,100,6.299177
1.0,65,6.299968
1.0,54,6.30063
0.0,100,6.301826
1.0,28,6.302202
1.0,60,6.302939
1.0,10,6.3031
0.0,100,6.304291
1.0,89,6.305355
1.0,15,6.305574
0.0,100,6.306759
1.0,18,6.307019
1.0,44,6.307561
1.0,45,6.308127
1.0,81,6.3091
1.0,18,6.30935
1.0,23,6.309655
1.0,62,6.310412
0.0,100,6.311605
1.0,18,6.311864
1.0,23,6.312173
1.0,40,6.31267
1.0,42,6.313203
1.0,71,6.314061
1.0,66,6.314865
1.0,9,6.315016
1.0,50,6.315622
1.0,17,6.315869
1.0,41,6.316379
1.0,41,6.316913
1.0,33,6.317358
1.0,43,6.317897
1.0,28,6.31826
1.0,28,6.318622
1.0,13,6.318816
1.0,95,6.319945
1.0,13,6.32014
0.0,100,6.321316
0.0,100,6.322495
1.0,44,6.323051
1.0,48,6.323638
1.0,41,6.324154
1.0,36,6.324607
1.0,94,6.325727
1.0,90,6.326804
1.0,57,6.327504
1.0,86,6.328533
1.0,42,6.329065
1.0,89,6.330124
1.0,30,6.330513
1.0,94,6.331698
1.0,14,6.331921
1.0,46,6.332491
1.0,31,6.332898
1.0,18,6.333151
1.0,62,6.333904
1.0,56,6.334581
1.0,12,6.334764
1.0,26,6.335114
1.0,23,6.335418
0.0,100,6.336597
1.0,55,6.337281
1.0,45,6.337841
1.0,82,6.338833
0.0,100,6.340029
1.0,16,6.34026
1.0,17,6.340499
0.0,100,6.341682
1.0,68,6.342504
1.0,27,6.342865
1.0,15,6.343083
1.0,24,6.343401
1.0,25,6.343727
0.0,100,6.344937
0.0,100,6.346147
0.0,100,6.34733
1.0,75,6.348236
1.0,31,6.348632
1.0,39,6.349126
1.0,49,6.349728
1.0,35,6.350177
1.0,29,6.350552
1.0,19,6.350811
1.0,18,6.351068
0.0,100,6.352253
1.0,57,6.352956
1.0,22,6.353256
1.0,14,6.353461
1.0,39,6.353953
0.0,100,6.355148
1.0,44,6.355692
1.0,50,6.356313
1.0,42,6.356835
1.0,28,6.357208
0.0,100,6.358392
1.0,48,6.35899
1.0,18,6.359241
1.0,52,6.359878
1.0,62,6.36062
1.0,43,6.361161
1.0,79,6.362113
1.0,61,6.362849
1.0,98,6.364022
1.0,31,6.364419
1.0,38,6.364923
1.0,34,6.365382
0.0,100,6.366572
0.0,100,6.367769
1.0,33,6.368203
1.0,32,6.368613
1.0,39,6.369108
0.0,100,6.370296
1.0,21,6.370583
1.0,12,6.370764
1.0,94,6.371898
1.0,9,6.372047
0.0,100,6.373226
1.0,51,6.373847
0.0,100,6.375036
0.0,100,6.376222
1.0,80,6.377173
1.0,68,6.37799
1.0,21,6.378274
1.0,63,6.379042
1.0,26,6.379384
1.0,28,6.379746
1.0,20,6.380055
1.0,45,6.38063
1.0,45,6.381192
1.0,19,6.381455
1.0,67,6.382261
1.0,55,6.382949
1.0,35,6.383392
1.0,25,6.383722
1.0,51,6.384386
1.0,62,6.385187
1.0,42,6.385706
1.0,28,6.386074
1.0,76,6.386985
1.0,32,6.387393
1.0,80,6.38835
0.0,100,6.389528
1.0,35,6.390003
1.0,45,6.390578
1.0,14,6.390782
1.0,66,6.391576
1.0,59,6.392331
1.0,8,6.392471
1.0,68,6.393322
1.0,72,6.394182
1.0,90,6.395246
1.0,68,6.396063
1.0,24,6.396379
0.0,100,6.397562
1.0,22,6.397863
1.0,83,6.398849
1.0,52,6.399487
1.0,32,6.399904
0.0,100,6.401088
1.0,49,6.401689
1.0,32,6.402108
1.0,78,6.403051
1.0,28,6.403416
0.0,100,6.404608
0.0,100,6.405793
1.0,32,6.406216
1.0,79,6.407167
1.0,63,6.407932
1.0,36,6.408389
1.0,31,6.408787
1.0,29,6.409171
1.0,31,6.40957
0.0,100,6.410807
1.0,48,6.411443
1.0,11,6.411616
1.0,15,6.411833
1.0,45,6.412396
1.0,46,6.412972
1.0,40,6.413468
1.0,22,6.413763
1.0,37,6.414235
1.0,63,6.415
1.0,31,6.415397
1.0,29,6.415772
1.0,15,6.415998
0.0,100,6.417237
1.0,31,6.417632
1.0,57,6.418332
1.0,45,6.418892
1.0,53,6.419534
1.0,63,6.420296
1.0,20,6.420569
0.0,100,6.421754
1.0,60,6.422486
1.0,37,6.422963
1.0,28,6.423328
1.0,18,6.42358
1.0,32,6.423995
1.0,22,6.424292
1.0,37,6.424759
1.0,82,6.425747
1.0,21,6.426042
1.0,90,6.427116
1.0,74,6.42801
0.0,100,6.429203
1.0,19,6.429466
1.0,49,6.430077
1.0,82,6.431064
1.0,29,6.431501
1.0,31,6.431914
1.0,44,6.432456
0.0,100,6.433651
1.0,39,6.434152
1.0,85,6.43517
1.0,46,6.435735
0.0,100,6.436933
1.0,43,6.43747
0.0,100,6.43865
1.0,23,6.438969
1.0,97,6.440126
1.0,36,6.440578
1.0,13,6.440772
1.0,47,6.44136
1.0,15,6.441579
1.0,45,6.442145
1.0,15,6.442362
1.0,44,6.442914
1.0,41,6.443425
1.0,63,6.444191
1.0,15,6.44441
1.0,14,6.444612
0.0,100,6.445806
1.0,75,6.446705
1.0,62,6.447461
1.0,18,6.447712
1.0,50,6.448334
1.0,79,6.449284
1.0,43,6.449821
0.0,100,6.451017
1.0,15,6.451236
1.0,17,6.451474
0.0,100,6.452657
1.0,64,6.453441
0.0,100,6.454673
0.0,100,6.455861
0.0,100,6.457044
1.0,69,6.457875
1.0,26,6.458216
1.0,11,6.458387
1.0,42,6.458917
0.0,100,6.46011
1.0,39,6.460602
1.0,58,6.461314
1.0,21,6.4616
1.0,47,6.462252
1.0,14,6.462458
1.0,82,6.46349
1.0,70,6.464343
1.0,24,6.464687
1.0,30,6.465147
1.0,45,6.465706
1.0,17,6.465955
1.0,26,6.466299
1.0,9,6.466445
1.0,30,6.466828
1.0,72,6.467705
1.0,83,6.468703
1.0,60,6.469441
1.0,61,6.470189
1.0,61,6.470938
1.0,19,6.471202
1.0,43,6.471735
1.0,84,6.472743
1.0,38,6.473262
1.0,56,6.473991
1.0,35,6.47446
1.0,51,6.475096
1.0,83,6.476095
0.0,100,6.477287
1.0,20,6.47756
1.0,82,6.47856
0.0,100,6.479759
1.0,71,6.480619
1.0,23,6.480939
1.0,33,6.48136
1.0,25,6.481686
1.0,44,6.482239
1.0,22,6.482536
0.0,100,6.483727
1.0,20,6.484014
0.0,100,6.485211
1.0,12,6.485398
1.0,45,6.485967
1.0,96,6.487115
1.0,38,6.487596
1.0,50,6.488222
1.0,53,6.488881
1.0,61,6.489622
1.0,89,6.49069
0.0,100,6.491895
0.0,100,6.493087
1.0,33,6.493509
1.0,68,6.494336
1.0,12,6.494518
1.0,77,6.49548
0.0,100,6.496672
1.0,21,6.496966
0.0,100,6.498161
1.0,82,6.499153
1.0,62,6.499915
1.0,21,6.500203
1.0,21,6.500486
1.0,82,6.501476
1.0,12,6.501661
1.0,9,6.50181
0.0,100,6.503011
1.0,34,6.503444
1.0,33,6.50387
1.0,17,6.504109
1.0,24,6.504427
1.0,28,6.504817
1.0,20,6.505114
1.0,84,6.506142
1.0,51,6.506767
1.0,71,6.507626
0.0,100,6.508821
0.0,100,6.510029
0.0,100,6.511231
0.0,100,6.512429
1.0,21,6.512715
1.0,78,6.513652
1.0,15,6.513878
1.0,29,6.514256
1.0,39,6.514741
1.0,11,6.514919
1.0,33,6.515337
1.0,87,6.516378
1.0,44,6.51693
1.0,19,6.517192
1.0,13,6.517383
1.0,20,6.517653
1.0,70,6.518498
1.0,19,6.518762
1.0,45,6.519327
1.0,19,6.519587
1.0,19,6.519846
0.0,100,6.521041
1.0,21,6.521329
1.0,55,6.522008
1.0,61,6.522749
1.0,47,6.523339
0.0,100,6.524536
1.0,21,6.524823
1.0,62,6.525581
1.0,30,6.525978
0.0,100,6.527173
1.0,36,6.527629
1.0,16,6.527862
1.0,15,6.528087
1.0,47,6.528668
0.0,100,6.529866
0.0,100,6.531054
1.0,49,6.531655
1.0,55,6.532401
1.0,23,6.532716
1.0,62,6.533471
1.0,14,6.533682
1.0,11,6.53386
1.0,33,6.534289
1.0,71,6.535158
1.0,32,6.535572
1.0,42,6.536127
1.0,39,6.536619
1.0,63,6.537392
1.0,35,6.537837
1.0,18,6.538099
1.0,70,6.538951
0.0,100,6.540151
1.0,34,6.540588
1.0,38,6.541094
1.0,47,6.541686
0.0,100,6.54293
1.0,22,6.543229
1.0,60,6.54396
1.0,25,6.544291
1.0,24,6.544609
1.0,32,6.545027
1.0,45,6.545584
0.0,100,6.546772
1.0,52,6.547418
1.0,73,6.548307
1.0,55,6.548988
1.0,77,6.549919
1.0,33,6.550343
1.0,77,6.551273
1.0,88,6.552329
1.0,15,6.552548
1.0,84,6.553558
1.0,22,6.553864
1.0,11,6.554039
1.0,88,6.555124
1.0,30,6.555524
1.0,36,6.555997
1.0,24,6.556317
1.0,84,6.557317
1.0,49,6.557924
1.0,39,6.558411
1.0,24,6.558728
1.0,15,6.558952
1.0,40,6.55945
1.0,28,6.55981
1.0,49,6.560419
1.0,12,6.560602
1.0,29,6.560982
1.0,44,6.561524
1.0,9,6.56167
1.0,9,6.561817
1.0,46,6.56239
1.0,13,6.562584
1.0,53,6.563246
1.0,41,6.563752
1.0,8,6.563895
0.0,100,6.565096
1.0,65,6.565897
0.0,100,6.567083
0.0,100,6.568277
0.0,100,6.569467
1.0,30,6.569859
1.0,19,6.570123
1.0,91,6.571202
1.0,49,6.571805
1.0,26,6.572153
0.0,100,6.573352
1.0,22,6.57365
1.0,96,6.574792
1.0,28,6.575166
0.0,100,6.576438
1.0,63,6.577279
1.0,17,6.577518
1.0,18,6.577769
1.0,32,6.578186
1.0,52,6.578827
1.0,50,6.579447
1.0,44,6.58
1.0,65,6.580781
1.0,38,6.581265
1.0,65,6.582055
0.0,100,6.583256
1.0,52,6.583904
0.0,100,6.585097
1.0,25,6.58543
1.0,44,6.585982
1.0,29,6.586359
1.0,86,6.587384
1.0,33,6.587803
0.0,100,6.588992
1.0,27,6.589344
1.0,40,6.58984
1.0,16,6.590079
1.0,18,6.59033
1.0,52,6.590972
1.0,27,6.591326
1.0,13,6.591518
0.0,100,6.592717
0.0,100,6.593911
1.0,24,6.594229
1.0,37,6.594691
1.0,12,6.594883
1.0,67,6.595687
0.0,100,6.596889
1.0,26,6.597231
1.0,18,6.59748
1.0,75,6.598381
1.0,41,6.598903
1.0,31,6.599302
1.0,20,6.599575
1.0,10,6.599733
1.0,71,6.60059
1.0,47,6.601179
1.0,65,6.601968
1.0,12,6.602151
1.0,61,6.602895
1.0,24,6.603215
1.0,16,6.603442
1.0,19,6.603702
1.0,26,6.604055
1.0,53,6.604697
0.0,100,6.605901
1.0,19,6.606164
1.0,35,6.6066
1.0,79,6.607547
1.0,65,6.608339
1.0,39,6.608822
1.0,26,6.609166
0.0,100,6.61034
1.0,13,6.610534
1.0,44,6.611122
1.0,58,6.611861
1.0,19,6.612127
1.0,51,6.612748
1.0,46,6.613367
1.0,40,6.613871
0.0,100,6.615054
1.0,82,6.616055
1.0,61,6.616817
1.0,30,6.617212
1.0,39,6.617703
1.0,79,6.618653
1.0,92,6.61976
0.0,100,6.620964
1.0,18,6.621217
1.0,43,6.621749
0.0,100,6.622953
1.0,9,6.623103
1.0,44,6.623647
1.0,29,6.624031
1.0,21,6.624317
1.0,62,6.625075
1.0,38,6.625553
1.0,89,6.62662
0.0,100,6.627814
1.0,15,6.628043
1.0,45,6.628596
1.0,62,6.629347
1.0,33,6.629764
1.0,52,6.630404
1.0,30,6.630788
1.0,23,6.631107
0.0,100,6.632417
1.0,35,6.63293
1.0,58,6.633646
1.0,9,6.633795
0.0,100,6.635
1.0,52,6.635639
1.0,77,6.636572
1.0,10,6.636734
1.0,44,6.637291
1.0,84,6.638308
0.0,100,6.639507
1.0,43,6.640053
1.0,41,6.640566
0.0,100,6.641763
0.0,100,6.642972
1.0,82,6.64396
1.0,42,6.644483
1.0,92,6.645574
0.0,100,6.646772
1.0,8,6.646921
1.0,42,6.647445
0.0,100,6.648634
1.0,74,6.649532
1.0,88,6.650588
1.0,97,6.651758
0.0,100,6.652963
1.0,8,6.653103
1.0,42,6.653628
1.0,72,6.654505
1.0,13,6.654701
0.0,100,6.655915
1.0,10,6.656077
0.0,100,6.657275
0.0,100,6.658478
0.0,100,6.659674
1.0,28,6.660049
1.0,80,6.661029
0.0,100,6.662321
1.0,94,6.663445
0.0,100,6.664634
0.0,100,6.665835
1.0,36,6.6663
1.0,55,6.666978
1.0,38,6.667458
1.0,82,6.668448
1.0,50,6.669077
1.0,28,6.669445
1.0,56,6.670138
1.0,21,6.670424
1.0,7,6.670549
1.0,41,6.67107
1.0,55,6.671746
0.0,100,6.672951
1.0,36,6.67341
1.0,22,6.673706
1.0,27,6.674067
0.0,100,6.675265
1.0,42,6.675788
0.0,100,6.677037
1.0,85,6.678097
1.0,23,6.678406
1.0,32,6.678816
1.0,32,6.679233
0.0,100,6.680432
1.0,62,6.681193
1.0,58,6.68191
1.0,87,6.682956
1.0,13,6.683151
1.0,33,6.683573
1.0,59,6.684296
1.0,50,6.684923
1.0,12,6.685108
1.0,62,6.685859
1.0,64,6.686635
1.0,45,6.687198
1.0,25,6.68753
0.0,100,6.68873
1.0,42,6.689265
1.0,47,6.689848
1.0,37,6.690323
0.0,100,6.691525
1.0,99,6.692737
0.0,100,6.693989
1.0,74,6.694885
1.0,94,6.696033
1.0,57,6.696733
1.0,19,6.697008
1.0,89,6.698082
0.0,100,6.699276
1.0,28,6.699644
1.0,51,6.70028
1.0,30,6.700667
1.0,22,6.70097
1.0,19,6.701231
1.0,61,6.701976
1.0,9,6.702127
1.0,36,6.70258
0.0,100,6.703772
1.0,59,6.704499
1.0,64,6.705284
1.0,61,6.706037
1.0,16,6.706267
1.0,32,6.706676
1.0,22,6.706982
0.0,100,6.708178
1.0,9,6.70833
0.0,100,6.709524
1.0,70,6.710368
1.0,46,6.710946
0.0,100,6.712146
1.0,14,6.712354
1.0,59,6.713077
1.0,24,6.713399
1.0,31,6.713794
0.0,100,6.714985
1.0,72,6.715861
1.0,33,6.716283
0.0,100,6.717466
1.0,71,6.718331
1.0,29,6.718706
1.0,81,6.71968
1.0,74,6.720574
1.0,47,6.721166
1.0,56,6.721917
1.0,13,6.722124
1.0,88,6.723191
1.0,78,6.724135
1.0,31,6.724533
1.0,16,6.724761
1.0,26,6.725111
1.0,60,6.725838
1.0,25,6.726174
1.0,64,6.726973
1.0,91,6.728083
1.0,81,6.729062
0.0,100,6.730256
1.0,19,6.730522
1.0,22,6.730818
1.0,29,6.731228
1.0,21,6.731517
1.0,59,6.732291
1.0,29,6.732668
1.0,51,6.733304
0.0,100,6.734503
1.0,46,6.735082
0.0,100,6.736274
1.0,41,6.736787
1.0,38,6.737271
1.0,24,6.737589
1.0,36,6.738051
1.0,39,6.73854
1.0,37,6.739015
1.0,64,6.739789
1.0,87,6.740829
0.0,100,6.742029
0.0,100,6.743376
0.0,100,6.744577
1.0,22,6.744888
0.0,100,6.746088
1.0,68,6.746919
1.0,47,6.747502
1.0,13,6.747695
1.0,19,6.747967
1.0,63,6.748728
0.0,100,6.749917
1.0,32,6.750327
1.0,49,6.750934
1.0,31,6.751332
1.0,12,6.751513
1.0,35,6.751963
1.0,68,6.752776
1.0,50,6.753395
1.0,59,6.754119
1.0,44,6.754664
1.0,83,6.755663
1.0,24,6.755991
1.0,23,6.756299
0.0,100,6.757495
1.0,84,6.758503
1.0,69,6.759342
0.0,100,6.760535
1.0,38,6.761023
1.0,20,6.761294
1.0,61,6.762036
0.0,100,6.76322
1.0,84,6.764233
1.0,56,6.764921
1.0,48,6.765507
0.0,100,6.766736
1.0,53,6.76739
1.0,75,6.768291
1.0,40,6.768793
1.0,37,6.769267
1.0,68,6.770089
1.0,81,6.771067
1.0,74,6.771961
1.0,77,6.772889
1.0,22,6.773185
1.0,78,6.77412
1.0,12,6.774302
1.0,39,6.774786
1.0,25,6.775123
1.0,38,6.775598
1.0,35,6.776046
1.0,42,6.776564
1.0,70,6.777408
1.0,43,6.777946
1.0,9,6.778094
1.0,22,6.778387
1.0,60,6.779125
1.0,39,6.779611
1.0,16,6.779837
1.0,20,6.780115
1.0,85,6.78113
1.0,50,6.781741
1.0,22,6.782044
1.0,34,6.782477
1.0,96,6.783627
1.0,22,6.783933
1.0,52,6.784563
1.0,28,6.78495
1.0,29,6.785345
0.0,100,6.786524
1.0,60,6.787254
1.0,68,6.788069
1.0,16,6.788296
1.0,17,6.788532
1.0,37,6.789001
1.0,63,6.789762
1.0,11,6.789941
1.0,34,6.790374
1.0,46,6.790946
1.0,15,6.791164
1.0,30,6.791549
1.0,40,6.792053
1.0,76,6.79297
1.0,92,6.794068
1.0,19,6.794331
1.0,60,6.795057
1.0,71,6.795907
1.0,30,6.796292
1.0,54,6.796957
1.0,60,6.797699
1.0,59,6.798458
1.0,34,6.798901
1.0,23,6.79921
1.0,13,6.799403
1.0,48,6.799997
1.0,68,6.800817
1.0,66,6.801616
1.0,20,6.8019
1.0,51,6.802525
1.0,61,6.80327
1.0,56,6.803955
1.0,80,6.804912
1.0,32,6.805321
1.0,25,6.805649
1.0,13,6.80584
1.0,22,6.806143
1.0,38,6.806617
1.0,35,6.807065
0.0,100,6.808249
1.0,33,6.808671
1.0,63,6.809434
1.0,62,6.810184
1.0,34,6.810615
0.0,100,6.811802
1.0,22,6.812107
1.0,43,6.812638
0.0,100,6.813818
1.0,34,6.814256
1.0,95,6.815385
1.0,77,6.816304
1.0,90,6.817408
1.0,37,6.817921
1.0,54,6.818604
1.0,76,6.81952
0.0,100,6.820709
1.0,34,6.821151
0.0,100,6.822338
1.0,68,6.823162
1.0,25,6.823492
1.0,76,6.824416
1.0,60,6.82515
0.0,100,6.826331
0.0,100,6.82751
1.0,56,6.828198
0.0,100,6.829391
1.0,43,6.829931
1.0,87,6.83097
1.0,17,6.831212
1.0,60,6.831948
0.0,100,6.833138
1.0,74,6.834032
1.0,84,6.83505
1.0,44,6.835595
1.0,25,6.835931
1.0,17,6.83617
0.0,100,6.837348
1.0,18,6.8376
1.0,15,6.837814
0.0,100,6.839003
1.0,48,6.839598
1.0,19,6.839866
1.0,26,6.840205
1.0,18,6.840456
0.0,100,6.841637
1.0,84,6.842647
1.0,54,6.843375
1.0,24,6.843698
1.0,75,6.844604
1.0,89,6.845713
1.0,100,6.846962
1.0,32,6.847371
1.0,99,6.848545
1.0,22,6.848839
0.0,100,6.850029
1.0,42,6.850547
1.0,14,6.850751
1.0,88,6.851795
0.0,100,6.852987
0.0,100,6.854168
1.0,20,6.854444
0.0,100,6.855632
0.0,100,6.856811
1.0,32,6.85724
1.0,8,6.85738
1.0,20,6.857651
1.0,56,6.858336
1.0,64,6.859112
1.0,52,6.859744
1.0,27,6.860104
1.0,10,6.860264
1.0,17,6.8605
1.0,10,6.860659
1.0,61,6.861397
1.0,23,6.861704
1.0,75,6.862616
1.0,92,6.863712
1.0,18,6.863971
0.0,100,6.865151
0.0,100,6.866334
1.0,62,6.867092
1.0,45,6.867645
1.0,61,6.86839
1.0,65,6.869179
1.0,29,6.869552
1.0,47,6.870139
0.0,100,6.871329
1.0,42,6.871852
1.0,15,6.872078
1.0,63,6.872833
0.0,100,6.874026
1.0,46,6.87459
1.0,49,6.875199
1.0,22,6.875493
1.0,57,6.876188
1.0,91,6.877276
1.0,37,6.877741
0.0,100,6.878933
1.0,50,6.879546
1.0,16,6.879773
1.0,23,6.880088
0.0,100,6.881323
1.0,39,6.881809
1.0,33,6.882235
1.0,94,6.883359
1.0,48,6.88396
0.0,100,6.885144
1.0,68,6.885963
1.0,80,6.88692
1.0,17,6.88716
1.0,9,6.887307
1.0,60,6.888039
1.0,36,6.888493
1.0,38,6.88898
0.0,100,6.890212
1.0,41,6.890724
1.0,66,6.891574
1.0,95,6.892755
0.0,100,6.894003
1.0,58,6.894706
0.0,100,6.895918
1.0,20,6.896193
1.0,55,6.896861
1.0,62,6.897609
1.0,50,6.898229
1.0,41,6.898739
1.0,17,6.898986
1.0,77,6.899904
1.0,20,6.900177
1.0,71,6.901031
1.0,54,6.901688
1.0,47,6.902281
1.0,53,6.902936
1.0,70,6.90378
1.0,46,6.904353
1.0,33,6.904775
1.0,22,6.905079
1.0,39,6.905569
1.0,21,6.905861
1.0,78,6.906796
1.0,8,6.906944
1.0,35,6.907385
1.0,75,6.908288
1.0,49,6.908896
1.0,17,6.909137
1.0,48,6.909721
1.0,72,6.910589
1.0,46,6.911166
1.0,39,6.911656
0.0,100,6.912902
0.0,100,6.914094
0.0,100,6.91529
1.0,35,6.915733
1.0,14,6.915949
1.0,28,6.916315
1.0,86,6.917345
1.0,15,6.917564
1.0,15,6.917779
1.0,33,6.918208
1.0,86,6.919244
1.0,66,6.920055
0.0,100,6.921256
1.0,26,6.921598
1.0,17,6.921837
1.0,100,6.923044
1.0,39,6.923534
1.0,51,6.924162
1.0,67,6.924969
1.0,25,6.925297
0.0,100,6.926487
1.0,41,6.927006
1.0,56,6.927684
0.0,100,6.928875
1.0,18,6.929129
1.0,18,6.929379
1.0,36,6.92983
1.0,56,6.930514
1.0,40,6.931024
0.0,100,6.932219
1.0,33,6.932645
1.0,52,6.933293
1.0,18,6.933545
1.0,16,6.933771
1.0,48,6.93437
1.0,30,6.934756
1.0,81,6.935728
1.0,46,6.936304
1.0,30,6.936687
1.0,96,6.93783
1.0,35,6.938277
1.0,48,6.93887
1.0,35,6.939311
1.0,55,6.939989
1.0,80,6.940952
1.0,15,6.941169
0.0,100,6.942359
1.0,17,6.942601
1.0,30,6.943
0.0,100,6.944256
1.0,92,6.94538
0.0,100,6.94658
1.0,22,6.946887
1.0,21,6.947174
1.0,53,6.947819
0.0,100,6.949028
1.0,80,6.950001
1.0,20,6.950279
1.0,57,6.950987
1.0,14,6.951194
1.0,30,6.95158
1.0,17,6.951819
1.0,15,6.952044
1.0,41,6.952554
1.0,54,6.953222
1.0,25,6.953553
0.0,100,6.954754
1.0,36,6.955264
0.0,100,6.956452
1.0,64,6.95723
1.0,19,6.957494
1.0,34,6.957932
1.0,19,6.958196
1.0,57,6.958893
1.0,38,6.959369
1.0,17,6.959609
1.0,77,6.960532
1.0,30,6.96093
1.0,62,6.961685
1.0,8,6.96182
1.0,51,6.962453
1.0,11,6.962624
1.0,34,6.96311
1.0,20,6.963417
1.0,67,6.964241
1.0,15,6.96446
1.0,61,6.965212
1.0,27,6.965597
1.0,82,6.966632
1.0,46,6.967214
1.0,85,6.968245
1.0,46,6.968814
0.0,100,6.970013
1.0,55,6.970685
1.0,36,6.971148
1.0,95,6.972277
1.0,41,6.97279
0.0,100,6.974048
1.0,45,6.974621
1.0,27,6.97498
1.0,77,6.97591
1.0,22,6.976206
0.0,100,6.977396
1.0,17,6.977638
1.0,27,6.978
1.0,95,6.979141
1.0,37,6.979609
1.0,12,6.979793
1.0,61,6.980541
1.0,52,6.981186
1.0,27,6.981539
1.0,32,6.981959
1.0,49,6.982559
0.0,100,6.983752
1.0,36,6.984217
1.0,74,6.985106
1.0,14,6.985312
1.0,32,6.985718
1.0,36,6.986183
1.0,95,6.987318
1.0,59,6.98804
1.0,45,6.988598
1.0,76,6.989512
1.0,63,6.990279
1.0,8,6.990417
1.0,11,6.990587
1.0,67,6.991399
1.0,75,6.992302
1.0,30,6.992687
1.0,89,6.993746
1.0,26,6.994108
1.0,33,6.994528
1.0,22,6.994821
1.0,12,6.995013
1.0,21,6.995296
1.0,45,6.995848
0.0,100,6.997047
1.0,47,6.997627
1.0,53,6.998282
1.0,81,6.999251
0.0,100,7.000432
1.0,24,7.000752
1.0,63,7.001518
1.0,28,7.001889
1.0,23,7.002197
0.0,100,7.003378
1.0,43,7.003919
1.0,59,7.004636
1.0,31,7.005045
0.0,100,7.006329
1.0,19,7.00659
1.0,36,7.007053
1.0,51,7.007668
0.0,100,7.00885
1.0,73,7.00973
1.0,56,7.010438
1.0,33,7.010869
1.0,49,7.01147
1.0,29,7.011846
0.0,100,7.013044
1.0,30,7.01343
1.0,24,7.013748
0.0,100,7.014967
1.0,61,7.015723
0.0,100,7.01691
0.0,100,7.018094
1.0,19,7.018357
1.0,26,7.018697
1.0,24,7.019024
1.0,83,7.020028
1.0,14,7.020236
1.0,89,7.021307
1.0,48,7.021911
1.0,38,7.022395
0.0,100,7.023594
1.0,77,7.024537
1.0,39,7.025038
1.0,23,7.025346
1.0,11,7.025515
1.0,23,7.02582
1.0,26,7.026167
1.0,84,7.027174
0.0,100,7.028368
0.0,100,7.029557
0.0,100,7.030748
1.0,58,7.03146
0.0,100,7.032678
0.0,100,7.033964
0.0,100,7.035182
1.0,8,7.035321
0.0,100,7.036506
1.0,84,7.037512
1.0,41,7.038031
1.0,83,7.039034
0.0,100,7.040232
1.0,88,7.041286
1.0,16,7.041515
0.0,100,7.042701
1.0,7,7.042828
1.0,20,7.043108
1.0,68,7.043999
1.0,13,7.044199
1.0,45,7.044759
1.0,87,7.045797
1.0,10,7.045967
1.0,41,7.046476
0.0,100,7.04767
1.0,8,7.04781
1.0,94,7.048934
1.0,36,7.049391
1.0,78,7.050332
1.0,48,7.050935
1.0,54,7.051595
1.0,25,7.051937
1.0,56,7.052617
0.0,100,7.053807
1.0,70,7.054655
1.0,52,7.055297
0.0,100,7.056484
1.0,59,7.057204
1.0,16,7.057433
1.0,42,7.057961
1.0,29,7.058335
1.0,44,7.058883
1.0,25,7.059213
1.0,14,7.059418
1.0,13,7.059611
1.0,100,7.060792
1.0,59,7.061521
1.0,93,7.062634
0.0,100,7.063828
1.0,12,7.064023
0.0,100,7.065216
1.0,32,7.065627
1.0,23,7.065941
1.0,78,7.066885
1.0,19,7.067146
0.0,100,7.06838
1.0,55,7.069061
1.0,39,7.06955
1.0,47,7.070133
1.0,35,7.070576
1.0,7,7.070701
1.0,67,7.071517
1.0,16,7.071747
0.0,100,7.072944
0.0,100,7.074146
1.0,57,7.074839
1.0,14,7.075056
1.0,39,7.075543
0.0,100,7.076767
1.0,49,7.07742
1.0,68,7.078291
1.0,12,7.078475
1.0,35,7.07893
1.0,28,7.079294
1.0,60,7.080025
1.0,29,7.0804
1.0,47,7.080989
1.0,23,7.081297
1.0,58,7.082011
0.0,100,7.08321
0.0,100,7.084407
1.0,59,7.08513
1.0,86,7.086163
1.0,30,7.086554
1.0,80,7.087517
1.0,26,7.08787
1.0,44,7.08842
1.0,34,7.08886
1.0,89,7.089929
1.0,53,7.090571
1.0,46,7.091149
1.0,44,7.091691
1.0,84,7.092705
0.0,100,7.093915
0.0,100,7.095116
0.0,100,7.096323
0.0,100,7.097527
1.0,72,7.098396
1.0,95,7.099537
1.0,29,7.099922
0.0,100,7.10111
1.0,17,7.101349
1.0,33,7.101768
0.0,100,7.10297
1.0,19,7.103235
1.0,50,7.103848
1.0,22,7.104151
1.0,53,7.104804
1.0,35,7.105258
1.0,78,7.106202
1.0,16,7.106432
1.0,97,7.10759
1.0,58,7.108306
1.0,53,7.108961
1.0,84,7.10997
1.0,16,7.110198
0.0,100,7.111486
0.0,100,7.112754
1.0,30,7.113196
1.0,75,7.1141
1.0,79,7.115048
1.0,40,7.115546
1.0,15,7.115763
1.0,49,7.116377
1.0,91,7.117465
1.0,26,7.117809
1.0,22,7.11811
1.0,24,7.11843
1.0,39,7.118926
0.0,100,7.120115
1.0,18,7.120368
0.0,100,7.121558
1.0,63,7.122322
1.0,70,7.12317
1.0,40,7.123669
1.0,53,7.12432
1.0,64,7.125094
0.0,100,7.126278
0.0,100,7.127459
1.0,84,7.128467
1.0,27,7.12882
1.0,40,7.129323
1.0,31,7.12972
1.0,44,7.130267
1.0,74,7.131156
0.0,100,7.132396
1.0,44,7.132951
1.0,94,7.134068
1.0,8,7.134207
1.0,24,7.134524
1.0,46,7.135101
1.0,37,7.135566
1.0,24,7.135893
1.0,31,7.136291
0.0,100,7.137476
1.0,75,7.138386
1.0,15,7.138604
1.0,54,7.139268
1.0,38,7.139742
1.0,42,7.140269
1.0,51,7.1409
1.0,24,7.141216
1.0,51,7.141836
0.0,100,7.143026
1.0,16,7.143254
1.0,80,7.144207
1.0,60,7.144937
1.0,29,7.145313
0.0,100,7.146493
1.0,24,7.146887
1.0,46,7.147459
1.0,84,7.148463
1.0,47,7.149062
1.0,22,7.149359
1.0,54,7.150028
1.0,85,7.151046
1.0,26,7.151387
1.0,46,7.151959
1.0,52,7.152595
1.0,40,7.153104
1.0,14,7.153311
1.0,70,7.154156
1.0,15,7.154375
1.0,9,7.154523
1.0,35,7.154969
1.0,21,7.155254
1.0,41,7.155762
1.0,62,7.156518
0.0,100,7.157708
1.0,37,7.158182
1.0,11,7.158355
1.0,100,7.159547
1.0,75,7.160454
1.0,91,7.161543
1.0,35,7.162016
0.0,100,7.16331
1.0,52,7.163955
1.0,49,7.164557
1.0,43,7.165098
1.0,12,7.165282
1.0,24,7.165597
1.0,13,7.165789
1.0,69,7.16662
1.0,12,7.166803
1.0,12,7.166992
0.0,100,7.168188
1.0,90,7.169266
0.0,100,7.170453
1.0,19,7.170716
1.0,19,7.170987
1.0,68,7.171799
1.0,41,7.172317
1.0,16,7.172546
1.0,43,7.173089
1.0,28,7.173464
1.0,28,7.173829
1.0,28,7.174204
1.0,17,7.174444
1.0,71,7.175305
1.0,87,7.176347
1.0,76,7.177271
1.0,48,7.177938
1.0,14,7.178171
1.0,22,7.178467
0.0,100,7.179666
0.0,100,7.180866
1.0,38,7.181347
1.0,20,7.18162
1.0,24,7.181947
1.0,29,7.18232
0.0,100,7.183508
1.0,59,7.184273
1.0,23,7.184581
1.0,17,7.184819
1.0,39,7.185313
1.0,13,7.185508
1.0,10,7.185667
1.0,9,7.185814
1.0,8,7.185959
1.0,91,7.187038
1.0,17,7.187279
0.0,100,7.188466
1.0,34,7.188909
1.0,24,7.189235
1.0,38,7.189709
1.0,74,7.190599
1.0,21,7.190891
1.0,10,7.191051
1.0,70,7.191897
1.0,91,7.192991
1.0,31,7.193419
1.0,28,7.19378
1.0,55,7.194498
0.0,100,7.195693
1.0,15,7.195921
1.0,26,7.196263
1.0,16,7.196489
1.0,40,7.196993
1.0,37,7.197456
1.0,68,7.198282
1.0,62,7.199037
1.0,63,7.199795
1.0,63,7.200564
1.0,12,7.200747
1.0,29,7.201133
1.0,35,7.201576
1.0,26,7.201923
1.0,48,7.202514
0.0,100,7.203705
0.0,100,7.204903
1.0,65,7.205687
0.0,100,7.206893
1.0,22,7.207191
1.0,82,7.208177
1.0,24,7.208499
0.0,100,7.209683
0.0,100,7.210878
0.0,100,7.212065
0.0,100,7.213259
1.0,21,7.213546
1.0,23,7.21385
1.0,89,7.214921
1.0,14,7.215127
1.0,42,7.215647
1.0,17,7.215894
1.0,33,7.216315
1.0,28,7.216676
1.0,31,7.217081
1.0,8,7.217218
1.0,18,7.217466
1.0,68,7.218287
1.0,55,7.218966
1.0,37,7.219429
1.0,80,7.220386
1.0,40,7.22089
1.0,56,7.221566
1.0,59,7.222333
0.0,100,7.223529
1.0,69,7.22436
1.0,98,7.225521
1.0,86,7.226544
1.0,58,7.227254
1.0,83,7.228244
0.0,100,7.229431
1.0,8,7.22957
1.0,55,7.23024
1.0,26,7.23058
1.0,60,7.231309
1.0,15,7.231525
1.0,49,7.2322
1.0,64,7.232975
0.0,100,7.234156
1.0,11,7.234329
1.0,69,7.235155
0.0,100,7.236334
1.0,100,7.237525
0.0,100,7.238717
1.0,72,7.239583
0.0,100,7.240769
1.0,21,7.241063
1.0,52,7.241698
1.0,9,7.241846
1.0,95,7.242985
1.0,40,7.243515
1.0,70,7.244367
1.0,48,7.244967
1.0,14,7.245176
1.0,77,7.246113
1.0,30,7.246503
1.0,42,7.247098
0.0,100,7.248305
1.0,64,7.24909
0.0,100,7.250285
1.0,69,7.251125
1.0,79,7.252078
1.0,30,7.252467
1.0,24,7.252783
1.0,88,7.25384
1.0,70,7.254676
0.0,100,7.255873
1.0,14,7.256081
1.0,56,7.25677
1.0,41,7.25729
1.0,40,7.257792
1.0,7,7.257927
1.0,36,7.258386
1.0,97,7.259548
0.0,100,7.260738
1.0,13,7.260945
1.0,38,7.261417
1.0,28,7.261777
1.0,98,7.262937
1.0,65,7.263713
0.0,100,7.264904
1.0,30,7.26529
1.0,17,7.265528
1.0,36,7.266015
1.0,41,7.266544
1.0,61,7.267334
1.0,28,7.267696
1.0,39,7.26819
0.0,100,7.26938
1.0,63,7.270147
1.0,26,7.270489
1.0,84,7.271492
1.0,20,7.271767
1.0,30,7.272161
1.0,52,7.272797
0.0,100,7.273996
1.0,24,7.274318
1.0,49,7.274921
1.0,78,7.275861
1.0,17,7.276101
0.0,100,7.277296
1.0,28,7.277658
1.0,77,7.278592
1.0,85,7.279616
1.0,30,7.280014
0.0,100,7.281207
0.0,100,7.282395
1.0,24,7.282715
0.0,100,7.283903
0.0,100,7.28509
1.0,12,7.285274
1.0,13,7.285468
0.0,100,7.286648
1.0,79,7.287592
1.0,56,7.288283
1.0,70,7.289124
1.0,83,7.290111
1.0,38,7.290585
1.0,93,7.29169
1.0,73,7.29257
1.0,83,7.293565
1.0,81,7.29454
1.0,49,7.295148
1.0,59,7.295861
1.0,36,7.296312
1.0,31,7.296712
1.0,25,7.297053
1.0,27,7.297405
1.0,25,7.297731
1.0,41,7.298266
1.0,37,7.298758
1.0,49,7.29941
1.0,54,7.300075
0.0,100,7.301264
1.0,19,7.301528
1.0,46,7.302108
1.0,57,7.302794
1.0,51,7.303425
0.0,100,7.304607
1.0,47,7.305193
1.0,34,7.305621
1.0,69,7.306452
1.0,24,7.306769
1.0,29,7.30715
0.0,100,7.308329
1.0,57,7.309028
1.0,57,7.309719
1.0,38,7.310202
1.0,33,7.310622
1.0,37,7.311094
1.0,59,7.311805
1.0,84,7.312811
0.0,100,7.314007
1.0,33,7.314432
1.0,19,7.314694
1.0,55,7.315375
1.0,72,7.316236
1.0,54,7.3169
1.0,63,7.317653
1.0,57,7.318351
0.0,100,7.319535
1.0,18,7.319789
1.0,19,7.320059
1.0,46,7.320627
1.0,32,7.321042
1.0,75,7.321951
1.0,66,7.322744
0.0,100,7.323947
0.0,100,7.32514
1.0,30,7.325529
1.0,26,7.325874
0.0,100,7.32706
1.0,84,7.328068
1.0,60,7.328789
1.0,54,7.329445
1.0,76,7.330361
1.0,68,7.331187
1.0,36,7.331645
1.0,76,7.332557
1.0,81,7.333525
1.0,27,7.333886
1.0,8,7.334034
1.0,36,7.334491
1.0,90,7.335567
1.0,22,7.335879
1.0,47,7.336457
1.0,21,7.336741
1.0,42,7.337275
1.0,72,7.33814
1.0,18,7.338392
1.0,28,7.338753
1.0,21,7.339046
1.0,21,7.339335
0.0,100,7.340532
1.0,36,7.340995
1.0,79,7.341948
1.0,25,7.342277
1.0,61,7.343019
1.0,22,7.343318
1.0,21,7.3436
1.0,67,7.344405
0.0,100,7.345588
0.0,100,7.346817
1.0,13,7.347044
0.0,100,7.348257
1.0,94,7.349381
1.0,23,7.34969
1.0,28,7.350061
1.0,26,7.350402
1.0,52,7.351108
1.0,17,7.351352
1.0,33,7.351773
1.0,23,7.352088
1.0,40,7.352588
1.0,35,7.353041
1.0,14,7.353248
1.0,16,7.353476
0.0,100,7.354672
0.0,100,7.355871
1.0,86,7.356911
1.0,9,7.357063
0.0,100,7.358262
1.0,21,7.358552
1.0,62,7.359313
1.0,90,7.3604
1.0,85,7.361429
1.0,30,7.361818
1.0,38,7.362303
1.0,28,7.362669
1.0,57,7.36337
1.0,32,7.363784
1.0,16,7.364022
1.0,96,7.365174
1.0,35,7.365618
1.0,50,7.366287
1.0,62,7.367046
1.0,31,7.367445
1.0,33,7.367872
1.0,37,7.368335
1.0,76,7.369248
0.0,100,7.370441
1.0,69,7.371287
0.0,100,7.372491
1.0,57,7.373204
1.0,18,7.373456
1.0,28,7.37382
1.0,40,7.374328
1.0,65,7.37512
1.0,36,7.375576
1.0,60,7.376313
1.0,26,7.376656
1.0,45,7.377219
1.0,28,7.377583
1.0,90,7.378659
0.0,100,7.379858
0.0,100,7.381083
1.0,72,7.381978
1.0,36,7.382441
0.0,100,7.383645
1.0,52,7.384298
1.0,41,7.384812
0.0,100,7.38602
1.0,10,7.386182
1.0,17,7.386423
0.0,100,7.387616
1.0,47,7.38821
1.0,23,7.388516
1.0,100,7.38971
1.0,13,7.389915
1.0,59,7.390632
0.0,100,7.39189
1.0,20,7.392164
1.0,83,7.393164
1.0,30,7.393551
1.0,36,7.394017
1.0,94,7.39514
1.0,72,7.396017
1.0,91,7.397115
1.0,61,7.397863
1.0,70,7.39871
1.0,45,7.399281
0.0,100,7.400481
1.0,26,7.400826
1.0,16,7.401062
1.0,28,7.401427
1.0,59,7.40215
0.0,100,7.403348
0.0,100,7.404541
1.0,10,7.404702
1.0,45,7.405269
1.0,46,7.40584
1.0,29,7.406222
1.0,47,7.406803
1.0,14,7.407015
1.0,57,7.407712
1.0,35,7.408168
1.0,42,7.408695
0.0,100,7.409893
0.0,100,7.411083
1.0,52,7.411722
1.0,50,7.412344
1.0,20,7.412619
1.0,26,7.412971
1.0,48,7.413567
1.0,51,7.414202
1.0,77,7.415129
1.0,71,7.415985
1.0,12,7.416167
1.0,30,7.416551
1.0,95,7.417678
1.0,14,7.417912
1.0,31,7.418335
1.0,15,7.41855
1.0,42,7.419106
1.0,72,7.419984
0.0,100,7.421169
1.0,46,7.421733
1.0,40,7.422237
0.0,100,7.423435
1.0,6,7.423552
1.0,32,7.423969
1.0,22,7.424266
1.0,29,7.424641
1.0,43,7.425181
1.0,26,7.425522
1.0,36,7.425984
0.0,100,7.427176
1.0,17,7.427419
1.0,95,7.42856
1.0,17,7.428802
0.0,100,7.429999
0.0,100,7.431189
1.0,66,7.431997
0.0,100,7.433197
1.0,60,7.433937
1.0,69,7.434767
1.0,58,7.435479
1.0,57,7.436179
0.0,100,7.437359
1.0,81,7.438336
1.0,56,7.439026
1.0,64,7.439796
1.0,13,7.439997
1.0,25,7.440327
1.0,70,7.44117
0.0,100,7.442358
1.0,96,7.443491
1.0,28,7.443864
0.0,100,7.445059
1.0,34,7.445496
0.0,100,7.44669
1.0,37,7.447169
1.0,15,7.447387
1.0,41,7.447907
1.0,64,7.448677
1.0,31,7.449082
0.0,100,7.450272
0.0,100,7.451457
1.0,91,7.452535
0.0,100,7.453722
1.0,24,7.454113
0.0,100,7.455346
1.0,34,7.455782
1.0,32,7.456243
1.0,33,7.456664
0.0,100,7.45785
1.0,50,7.458468
1.0,22,7.458765
1.0,35,7.459216
1.0,78,7.460148
1.0,33,7.460568
1.0,33,7.460995
1.0,24,7.461313
1.0,98,7.462485
1.0,26,7.462828
1.0,37,7.4633
0.0,100,7.464498
0.0,100,7.465694
1.0,38,7.466213
1.0,10,7.466374
1.0,42,7.466897
1.0,46,7.467463
1.0,41,7.467979
1.0,64,7.468749
1.0,42,7.469279
1.0,34,7.46971
1.0,38,7.470191
1.0,14,7.470396
1.0,11,7.470566
1.0,30,7.47096
1.0,15,7.471179
1.0,21,7.471464
1.0,28,7.471827
1.0,96,7.472975
1.0,13,7.473171
1.0,38,7.473649
1.0,34,7.474105
0.0,100,7.475398
1.0,10,7.47556
1.0,14,7.475764
0.0,100,7.476963
1.0,87,7.478007
0.0,100,7.4792
1.0,14,7.479407
0.0,100,7.480607
0.0,100,7.481843
0.0,100,7.483041
1.0,91,7.484126
1.0,95,7.485247
1.0,10,7.485409
0.0,100,7.4866
1.0,50,7.487223
1.0,60,7.487955
1.0,94,7.489072
1.0,34,7.489505
1.0,68,7.490327
1.0,64,7.491104
1.0,68,7.491935
0.0,100,7.493122
1.0,39,7.493612
1.0,64,7.494426
1.0,97,7.495597
1.0,13,7.495793
1.0,72,7.496655
0.0,100,7.497845
1.0,57,7.498543
1.0,65,7.499331
1.0,81,7.500299
1.0,75,7.501202
0.0,100,7.502391
1.0,18,7.502643
1.0,23,7.502957
1.0,33,7.503376
1.0,56,7.504059
0.0,100,7.505239
1.0,61,7.506013
1.0,19,7.506294
1.0,16,7.506522
1.0,31,7.506926
1.0,56,7.507601
1.0,81,7.508582
1.0,19,7.508844
1.0,59,7.509562
1.0,52,7.51021
1.0,56,7.510896
1.0,65,7.511672
0.0,100,7.512867
1.0,28,7.513235
0.0,100,7.514425
1.0,23,7.514736
1.0,74,7.51563
0.0,100,7.516822
1.0,21,7.517116
1.0,79,7.518067
1.0,13,7.518261
1.0,39,7.518748
1.0,55,7.519428
1.0,57,7.520131
0.0,100,7.521319
1.0,37,7.521784
0.0,100,7.522975
0.0,100,7.524163
1.0,42,7.524686
1.0,39,7.525183
1.0,81,7.52616
1.0,68,7.526988
1.0,19,7.52725
1.0,17,7.527489
1.0,49,7.5281
1.0,15,7.528318
0.0,100,7.5295
1.0,91,7.530583
0.0,100,7.53178
1.0,72,7.532657
1.0,18,7.532918
1.0,60,7.533644
1.0,29,7.53403
1.0,18,7.534284
1.0,50,7.534908
0.0,100,7.536095
1.0,18,7.536349
1.0,10,7.536509
1.0,87,7.537552
1.0,18,7.537805
0.0,100,7.539001
1.0,45,7.539559
1.0,100,7.540741
0.0,100,7.54193
1.0,13,7.542125
1.0,95,7.54326
1.0,77,7.54419
1.0,55,7.544861
1.0,16,7.545089
1.0,37,7.545555
1.0,58,7.546271
0.0,100,7.547457
0.0,100,7.548646
1.0,61,7.54939
1.0,41,7.549906
1.0,69,7.550728
1.0,37,7.551202
1.0,61,7.551945
1.0,84,7.552956
1.0,22,7.553252
1.0,93,7.554353
0.0,100,7.55558
0.0,100,7.556781
1.0,72,7.557648
0.0,100,7.558838
0.0,100,7.560037
1.0,99,7.561275
1.0,14,7.561487
1.0,73,7.562375
1.0,61,7.563126
1.0,70,7.563981
1.0,13,7.564177
1.0,59,7.564901
1.0,15,7.565118
1.0,34,7.565548
1.0,73,7.566427
1.0,12,7.566611
1.0,12,7.566794
1.0,53,7.567453
1.0,43,7.567998
1.0,51,7.568626
1.0,40,7.569136
1.0,47,7.569719
1.0,36,7.570185
1.0,7,7.570313
0.0,100,7.5715
1.0,41,7.572023
1.0,50,7.572634
1.0,23,7.572953
0.0,100,7.574146
1.0,98,7.575307
0.0,100,7.57649
1.0,55,7.577189
1.0,100,7.57844
0.0,100,7.579633
1.0,100,7.58082
1.0,71,7.581678
1.0,72,7.582548
1.0,28,7.582928
0.0,100,7.584114
1.0,50,7.584728
1.0,49,7.585337
1.0,49,7.585948
1.0,14,7.586155
1.0,80,7.587116
1.0,36,7.587572
1.0,13,7.587764
1.0,18,7.588021
1.0,57,7.588713
1.0,25,7.589051
0.0,100,7.59024
1.0,24,7.59056
0.0,100,7.591748
1.0,33,7.59218
1.0,28,7.592546
1.0,35,7.592998
1.0,24,7.593318
1.0,47,7.593907
1.0,91,7.595029
1.0,66,7.595836
1.0,13,7.596035
1.0,70,7.59688
1.0,54,7.597539
1.0,82,7.598525
0.0,100,7.599717
1.0,50,7.600343
0.0,100,7.601538
1.0,26,7.60189
1.0,25,7.602278
1.0,46,7.602852
1.0,93,7.60398
1.0,17,7.604223
1.0,17,7.604462
0.0,100,7.605663
1.0,40,7.60618
1.0,69,7.607023
1.0,33,7.607454
1.0,18,7.607704
1.0,40,7.608211
1.0,86,7.60924
1.0,16,7.609471
1.0,26,7.609816
1.0,31,7.610223
1.0,43,7.610753
1.0,21,7.611043
1.0,32,7.611454
0.0,100,7.612702
1.0,73,7.613623
0.0,100,7.614848
0.0,100,7.616084
0.0,100,7.617285
1.0,80,7.618252
1.0,97,7.619414
1.0,28,7.619779
1.0,16,7.620016
1.0,60,7.620753
1.0,77,7.621697
1.0,41,7.622221
1.0,49,7.622818
1.0,11,7.623
0.0,100,7.624199
1.0,16,7.62443
1.0,35,7.624883
1.0,67,7.625685
0.0,100,7.626885
1.0,56,7.627572
1.0,32,7.62799
1.0,19,7.62825
1.0,61,7.628989
1.0,55,7.629656
1.0,51,7.630295
1.0,61,7.631051
1.0,45,7.631612
1.0,39,7.63211
1.0,82,7.633212
1.0,12,7.633399
1.0,51,7.634034
1.0,42,7.634562
1.0,56,7.635256
1.0,47,7.635835
0.0,100,7.637045
1.0,17,7.637287
1.0,44,7.637835
1.0,22,7.638138
1.0,10,7.6383
0.0,100,7.63949
1.0,22,7.639791
1.0,42,7.640329
1.0,23,7.640638
1.0,19,7.64091
0.0,100,7.642103
1.0,88,7.643164
1.0,8,7.643303
1.0,33,7.643721
1.0,100,7.644928
1.0,55,7.645601
1.0,23,7.645916
1.0,89,7.646989
0.0,100,7.648203
1.0,32,7.648618
1.0,17,7.648868
1.0,60,7.649595
1.0,31,7.650002
1.0,32,7.650412
1.0,100,7.651604
1.0,54,7.652278
0.0,100,7.653474
1.0,40,7.65399
1.0,19,7.654255
1.0,34,7.654688
0.0,100,7.655888
1.0,14,7.656099
1.0,35,7.656544
1.0,64,7.657331
1.0,21,7.65762
1.0,12,7.657802
1.0,14,7.658017
1.0,59,7.658735
0.0,100,7.659956
1.0,59,7.660678
0.0,100,7.661932
1.0,20,7.662216
1.0,86,7.663327
1.0,19,7.663591
1.0,16,7.663818
1.0,34,7.664257
1.0,30,7.664647
1.0,50,7.66527
1.0,62,7.666032
0.0,100,7.667271
1.0,11,7.667445
1.0,48,7.668046
0.0,100,7.669244
1.0,44,7.669789
1.0,31,7.670199
1.0,19,7.670463
1.0,96,7.671607
1.0,32,7.672028
0.0,100,7.673221
1.0,48,7.67381
1.0,14,7.674023
1.0,39,7.674513
1.0,13,7.674707
1.0,18,7.674967
0.0,100,7.676162
0.0,100,7.67736
1.0,52,7.678055
1.0,44,7.678638
1.0,60,7.679421
1.0,85,7.680444
1.0,56,7.681136
0.0,100,7.682333
0.0,100,7.683534
1.0,15,7.683755
1.0,32,7.68418
1.0,80,7.685149
0.0,100,7.686414
0.0,100,7.687614
0.0,100,7.68882
0.0,100,7.690022
1.0,36,7.690479
1.0,14,7.690682
1.0,24,7.69101
1.0,60,7.691736
1.0,73,7.692627
1.0,16,7.692867
1.0,13,7.693066
1.0,71,7.693922
1.0,32,7.694364
1.0,17,7.694602
1.0,26,7.694973
0.0,100,7.696189
1.0,17,7.696432
1.0,16,7.696659
1.0,64,7.697442
1.0,53,7.6981
1.0,26,7.69844
1.0,75,7.699337
0.0,100,7.700523
1.0,19,7.700788
1.0,11,7.700967
0.0,100,7.702154
1.0,49,7.702755
1.0,54,7.703424
0.0,100,7.704608
1.0,14,7.704817
0.0,100,7.706015
1.0,18,7.706269
1.0,11,7.706441
0.0,100,7.707629
0.0,100,7.70882
1.0,24,7.709149
1.0,36,7.709604
1.0,53,7.710257
1.0,13,7.710452
1.0,34,7.710892
0.0,100,7.71208
0.0,100,7.713272
1.0,33,7.713694
1.0,91,7.71478
0.0,100,7.715981
0.0,100,7.717186
1.0,20,7.717464
1.0,38,7.717957
1.0,63,7.718729
1.0,12,7.718921
1.0,53,7.719572
1.0,48,7.720176
1.0,43,7.720712
1.0,31,7.721119
1.0,26,7.721463
1.0,15,7.721678
1.0,20,7.72196
1.0,47,7.722586
0.0,100,7.72383
1.0,73,7.724716
1.0,70,7.725568
1.0,27,7.725933
1.0,30,7.726321
1.0,43,7.726851
1.0,14,7.727066
1.0,23,7.727375
1.0,50,7.728017
1.0,60,7.728763
1.0,61,7.729507
1.0,24,7.729827
1.0,45,7.730391
1.0,39,7.730888
1.0,49,7.73149
1.0,64,7.73231
1.0,85,7.733403
1.0,81,7.734378
1.0,28,7.734743
1.0,57,7.735448
1.0,57,7.736155
1.0,30,7.736544
1.0,77,7.737478
1.0,47,7.738071
1.0,26,7.738413
1.0,39,7.738909
1.0,39,7.739397
1.0,48,7.739997
0.0,100,7.741197
1.0,27,7.741551
1.0,77,7.742483
1.0,87,7.743532
1.0,22,7.743831
0.0,100,7.745036
0.0,100,7.746233
1.0,54,7.746898
1.0,69,7.747734
0.0,100,7.748938
1.0,22,7.74925
1.0,36,7.749706
1.0,30,7.750102
1.0,54,7.750763
1.0,43,7.751308
1.0,13,7.751502
1.0,81,7.752471
1.0,16,7.7527
1.0,27,7.753062
0.0,100,7.754251
0.0,100,7.755437
1.0,39,7.755937
1.0,56,7.756617
1.0,18,7.756877
1.0,87,7.757915
1.0,28,7.75828
0.0,100,7.759466
1.0,49,7.760082
1.0,49,7.760685
0.0,100,7.761956
1.0,21,7.76225
1.0,25,7.762583
1.0,29,7.76297
0.0,100,7.764161
1.0,22,7.764463
0.0,100,7.765648
1.0,31,7.766059
0.0,100,7.767345
1.0,46,7.767927
1.0,42,7.76845
1.0,92,7.769551
0.0,100,7.770739
1.0,27,7.771105
1.0,42,7.771627
1.0,73,7.772511
1.0,47,7.773101
1.0,59,7.773818
1.0,97,7.774984
1.0,37,7.775451
0.0,100,7.776637
1.0,25,7.776979
1.0,74,7.777879
1.0,49,7.778484
1.0,16,7.778713
1.0,84,7.779716
1.0,11,7.779899
1.0,49,7.780503
1.0,56,7.781192
1.0,21,7.781479
1.0,31,7.781889
1.0,21,7.782176
1.0,39,7.782661
1.0,47,7.78325
1.0,48,7.783843
0.0,100,7.785082
1.0,14,7.785292
0.0,100,7.786537
1.0,22,7.786837
1.0,38,7.787326
1.0,90,7.788395
0.0,100,7.789579
1.0,11,7.789753
1.0,76,7.790674
1.0,82,7.791668
1.0,61,7.792416
1.0,60,7.793151
1.0,16,7.793381
1.0,37,7.793848
1.0,47,7.794439
1.0,56,7.795133
1.0,13,7.79533
1.0,46,7.795904
1.0,54,7.79656
1.0,72,7.79743
1.0,42,7.797961
0.0,100,7.799207
0.0,100,7.800399
1.0,31,7.800796
1.0,89,7.801865
1.0,57,7.802561
1.0,31,7.802972
1.0,82,7.803963
1.0,53,7.804612
1.0,73,7.805492
1.0,47,7.806079
0.0,100,7.807263
1.0,72,7.808132
1.0,54,7.808796
1.0,25,7.809134
1.0,15,7.809351
0.0,100,7.810547
1.0,10,7.81071
0.0,100,7.811912
1.0,23,7.812223
0.0,100,7.81342
1.0,22,7.81372
1.0,18,7.81398
1.0,27,7.814337
1.0,44,7.814889
0.0,100,7.816084
0.0,100,7.817279
0.0,100,7.818467
1.0,18,7.81872
1.0,23,7.819039
1.0,24,7.819358
1.0,20,7.819631
1.0,21,7.819939
0.0,100,7.821132
1.0,45,7.821692
1.0,27,7.822052
1.0,44,7.822598
1.0,36,7.823064
1.0,56,7.823745
1.0,77,7.824669
1.0,93,7.82578
1.0,54,7.826447
1.0,36,7.82691
0.0,100,7.828106
1.0,67,7.828932
1.0,30,7.829321
1.0,35,7.829766
0.0,100,7.830977
1.0,70,7.831823
1.0,28,7.832199
1.0,76,7.833117
1.0,34,7.83355
1.0,15,7.833768
0.0,100,7.834966
1.0,22,7.835265
1.0,34,7.8357
0.0,100,7.8369
1.0,49,7.837504
1.0,55,7.838184
1.0,77,7.839119
1.0,35,7.839565
1.0,25,7.839905
0.0,100,7.841099
1.0,56,7.841784
1.0,22,7.842089
1.0,86,7.843118
1.0,50,7.843729
0.0,100,7.844923
1.0,42,7.845454
0.0,100,7.846681
1.0,79,7.847688
1.0,14,7.847907
1.0,99,7.849095
1.0,69,7.849934
1.0,24,7.850254
1.0,49,7.850859
1.0,24,7.851182
1.0,11,7.851353
1.0,59,7.852078
0.0,100,7.853283
1.0,14,7.853493
0.0,100,7.854689
0.0,100,7.855896
0.0,100,7.85709
1.0,75,7.857997
1.0,38,7.858473
1.0,17,7.858713
1.0,45,7.859277
1.0,28,7.859642
1.0,24,7.859968
1.0,90,7.861044
1.0,94,7.862169
1.0,22,7.862465
1.0,67,7.86328
1.0,96,7.864436
1.0,42,7.865039
1.0,26,7.865388
1.0,13,7.865584
1.0,51,7.866217
1.0,71,7.867086
1.0,28,7.867458
1.0,40,7.86797
1.0,32,7.868385
0.0,100,7.869591
1.0,11,7.869769
1.0,59,7.870503
1.0,22,7.870802
0.0,100,7.872007
1.0,56,7.872691
0.0,100,7.873901
0.0,100,7.875105
1.0,50,7.875724
1.0,54,7.876397
1.0,57,7.877101
1.0,8,7.877241
1.0,59,7.877965
0.0,100,7.879163
1.0,43,7.879705
0.0,100,7.880917
0.0,100,7.88219
1.0,13,7.882389
1.0,94,7.883515
0.0,100,7.884713
1.0,24,7.885046
1.0,52,7.885685
1.0,21,7.885981
0.0,100,7.887181
1.0,54,7.887848
1.0,69,7.888698
1.0,13,7.888904
0.0,100,7.890105
1.0,48,7.890707
1.0,78,7.891693
1.0,40,7.892206
1.0,84,7.893226
1.0,57,7.893939
1.0,77,7.894911
1.0,59,7.895652
1.0,85,7.896672
1.0,13,7.896875
1.0,37,7.897342
1.0,20,7.897616
1.0,31,7.898023
1.0,57,7.898713
1.0,10,7.898882
1.0,16,7.899112
1.0,31,7.899512
1.0,69,7.900361
1.0,14,7.900568
0.0,100,7.90177
1.0,23,7.902086
1.0,48,7.902675
1.0,23,7.902992
1.0,32,7.903404
1.0,18,7.903653
1.0,19,7.903922
1.0,22,7.904223
1.0,57,7.904924
1.0,13,7.90512
1.0,100,7.906313
1.0,7,7.906442
1.0,19,7.906703
0.0,100,7.907906
1.0,41,7.908418
1.0,13,7.908612
1.0,19,7.908886
0.0,100,7.91008
1.0,27,7.910436
0.0,100,7.911625
1.0,61,7.912376
1.0,42,7.912912
1.0,49,7.913515
1.0,46,7.914089
0.0,100,7.915283
1.0,51,7.915918
0.0,100,7.917104
1.0,27,7.917457
1.0,18,7.917707
0.0,100,7.918961
1.0,20,7.919262
0.0,100,7.920461
1.0,47,7.921059
0.0,100,7.922254
1.0,24,7.922576
0.0,100,7.923774
1.0,27,7.924142
0.0,100,7.925337
0.0,100,7.926533
1.0,81,7.927519
1.0,33,7.927955
1.0,51,7.928584
0.0,100,7.929776
1.0,11,7.929962
1.0,19,7.930225
1.0,64,7.931005
1.0,35,7.931453
1.0,87,7.9325
1.0,89,7.933563
1.0,24,7.933893
1.0,69,7.934723
1.0,13,7.934926
1.0,80,7.9359
1.0,51,7.936528
1.0,65,7.937321
0.0,100,7.938512
1.0,71,7.939381
1.0,35,7.939828
1.0,56,7.94052
0.0,100,7.94172
1.0,14,7.94194
1.0,53,7.942597
1.0,32,7.943018
1.0,25,7.94335
0.0,100,7.944544
1.0,63,7.945323
1.0,13,7.945522
1.0,100,7.94672
1.0,90,7.947803
0.0,100,7.949004
1.0,80,7.950046
1.0,20,7.950339
1.0,78,7.951287
1.0,21,7.951574
1.0,53,7.952232
1.0,34,7.952665
1.0,25,7.953006
1.0,52,7.95365
1.0,18,7.953914
1.0,15,7.954133
1.0,49,7.954735
1.0,39,7.955233
1.0,24,7.955554
1.0,19,7.955816
1.0,67,7.956677
0.0,100,7.957882
1.0,21,7.958169
1.0,71,7.959025
1.0,14,7.959232
1.0,81,7.960202
1.0,69,7.961046
1.0,23,7.961357
1.0,14,7.961562
1.0,47,7.962151
1.0,22,7.962451
1.0,18,7.962702
1.0,11,7.962886
1.0,39,7.963426
0.0,100,7.964661
0.0,100,7.965959
1.0,85,7.967024
1.0,86,7.968088
1.0,21,7.968381
0.0,100,7.969593
1.0,66,7.970409
1.0,55,7.971094
1.0,18,7.971347
1.0,24,7.971665
1.0,41,7.972187
0.0,100,7.973397
1.0,36,7.973864
1.0,13,7.97406
0.0,100,7.975326
1.0,13,7.975526
1.0,77,7.976467
1.0,35,7.976923
1.0,78,7.977872
1.0,10,7.978037
1.0,72,7.978912
1.0,18,7.979167
1.0,18,7.979419
1.0,66,7.980226
1.0,73,7.981118
1.0,69,7.981977
1.0,66,7.982779
1.0,31,7.983189
0.0,100,7.98439
1.0,42,7.984927
1.0,56,7.985618
1.0,58,7.986331
1.0,55,7.987018
1.0,21,7.987307
0.0,100,7.988523
1.0,33,7.98896
0.0,100,7.99017
0.0,100,7.991379
0.0,100,7.992584
1.0,74,7.993487
1.0,94,7.994624
0.0,100,7.995824
0.0,100,7.997036
1.0,76,7.997959
0.0,100,7.999158
1.0,71,8.000029
1.0,90,8.001115
1.0,20,8.001392
1.0,48,8.001998
1.0,23,8.002307
1.0,33,8.002729
1.0,58,8.003444
1.0,45,8.004014
0.0,100,8.005223
1.0,85,8.006245
1.0,62,8.007076
1.0,18,8.007348
1.0,86,8.008388
1.0,40,8.008903
1.0,72,8.009776
1.0,88,8.010828
1.0,94,8.011964
1.0,16,8.012196
0.0,100,8.013391
1.0,30,8.013781
1.0,18,8.014041
0.0,100,8.015282
1.0,31,8.015687
1.0,27,8.016073
1.0,16,8.01632
1.0,29,8.016695
1.0,38,8.01718
1.0,26,8.017522
1.0,14,8.017728
1.0,30,8.018124
0.0,100,8.019317
0.0,100,8.02051
0.0,100,8.021699
0.0,100,8.022902
1.0,14,8.02311
1.0,86,8.024142
1.0,98,8.025307
1.0,92,8.026416
0.0,100,8.027598
1.0,80,8.028555
1.0,42,8.029087
1.0,54,8.029744
0.0,100,8.030944
1.0,17,8.031189
0.0,100,8.03239
1.0,18,8.032645
1.0,56,8.033374
0.0,100,8.034632
1.0,57,8.035336
0.0,100,8.036523
0.0,100,8.03771
1.0,22,8.038017
1.0,36,8.038468
1.0,44,8.039022
0.0,100,8.040208
1.0,46,8.040779
1.0,45,8.041346
1.0,23,8.041658
1.0,32,8.042077
1.0,78,8.043014
1.0,50,8.043629
0.0,100,8.044817
1.0,75,8.045718
1.0,21,8.046014
1.0,22,8.046311
0.0,100,8.047498
1.0,19,8.047765
1.0,47,8.048358
1.0,33,8.048776
1.0,34,8.049216
1.0,41,8.049727
0.0,100,8.050925
1.0,53,8.051573
0.0,100,8.05277
1.0,18,8.053035
1.0,25,8.053369
1.0,23,8.053675
1.0,8,8.053812
1.0,52,8.054456
0.0,100,8.055641
1.0,19,8.055917
1.0,18,8.056171
1.0,48,8.056764
1.0,56,8.057457
1.0,53,8.058116
1.0,49,8.058718
1.0,60,8.059458
0.0,100,8.060656
0.0,100,8.06185
1.0,44,8.062408
0.0,100,8.063607
1.0,23,8.063926
1.0,40,8.064431
1.0,27,8.064784
0.0,100,8.06599
0.0,100,8.067191
1.0,72,8.06807
1.0,65,8.068867
1.0,22,8.069169
1.0,19,8.069433
1.0,16,8.069662
1.0,16,8.069897
1.0,17,8.070138
1.0,64,8.07093
1.0,37,8.071398
1.0,18,8.071648
1.0,64,8.072508
1.0,90,8.073605
0.0,100,8.07481
0.0,100,8.076006
1.0,8,8.076147
1.0,78,8.077097
0.0,100,8.078398
1.0,34,8.07883
1.0,17,8.079077
1.0,81,8.080055
1.0,17,8.080299
1.0,30,8.080688
1.0,86,8.081727
1.0,35,8.082185
1.0,45,8.082748
1.0,48,8.083351
0.0,100,8.084553
1.0,27,8.084917
1.0,40,8.085416
1.0,18,8.085665
1.0,70,8.086515
1.0,16,8.086745
1.0,42,8.087276
1.0,79,8.088228
1.0,59,8.088955
1.0,65,8.089741
0.0,100,8.090938
1.0,46,8.09151
1.0,26,8.091851
1.0,21,8.092146
1.0,42,8.092665
1.0,20,8.092948
0.0,100,8.094137
0.0,100,8.095333
1.0,72,8.096205
1.0,13,8.096401
1.0,57,8.097097
1.0,18,8.09735
1.0,36,8.097804
1.0,64,8.098582
1.0,59,8.099307
1.0,27,8.099661
1.0,31,8.100064
1.0,83,8.101058
1.0,26,8.1014
1.0,58,8.102109
1.0,41,8.102622
0.0,100,8.103816
1.0,56,8.104509
1.0,40,8.105021
1.0,43,8.105554
1.0,6,8.105667
1.0,63,8.106433
1.0,9,8.106584
1.0,38,8.107068
1.0,75,8.107975
1.0,78,8.108914
1.0,89,8.109982
1.0,18,8.110235
0.0,100,8.111423
1.0,47,8.112011
1.0,18,8.112324
0.0,100,8.113548
1.0,9,8.113702
1.0,52,8.114385
1.0,16,8.114616
0.0,100,8.115849
1.0,40,8.116361
1.0,96,8.1175
1.0,42,8.118032
1.0,45,8.118588
1.0,61,8.119337
0.0,100,8.120531
1.0,11,8.120708
1.0,83,8.1217
1.0,8,8.121839
1.0,21,8.122137
1.0,10,8.122297
1.0,14,8.122502
1.0,33,8.122935
1.0,67,8.123742
1.0,13,8.123944
1.0,52,8.124585
1.0,54,8.125251
1.0,68,8.126078
1.0,58,8.126785
1.0,23,8.127101
0.0,100,8.128292
1.0,75,8.129207
1.0,24,8.129526
1.0,78,8.130466
1.0,79,8.131411
1.0,47,8.131998
1.0,38,8.132476
1.0,62,8.13328
1.0,98,8.134491
1.0,26,8.134834
1.0,94,8.135956
1.0,66,8.136748
1.0,44,8.137303
0.0,100,8.138498
1.0,67,8.139319
0.0,100,8.140509
1.0,56,8.141211
0.0,100,8.142406
1.0,39,8.142905
1.0,10,8.143067
1.0,95,8.144192
1.0,63,8.144958
0.0,100,8.146149
1.0,99,8.147326
1.0,64,8.14811
0.0,100,8.149298
1.0,18,8.149552
1.0,30,8.149979
1.0,10,8.150151
1.0,20,8.150436
0.0,100,8.151626
1.0,71,8.152492
1.0,31,8.1529
1.0,82,8.153888
1.0,10,8.154049
1.0,29,8.154421
0.0,100,8.155606
1.0,52,8.156253
1.0,33,8.156674
1.0,24,8.156999
1.0,16,8.157227
1.0,31,8.157624
1.0,62,8.158391
1.0,34,8.158824
1.0,87,8.159879
1.0,31,8.160279
1.0,46,8.160851
1.0,47,8.161442
1.0,96,8.162591
1.0,30,8.16299
1.0,65,8.163807
1.0,28,8.16421
1.0,25,8.164541
0.0,100,8.165726
1.0,89,8.166785
1.0,13,8.166991
1.0,84,8.168002
1.0,76,8.16892
1.0,50,8.169529
0.0,100,8.170718
0.0,100,8.171913
1.0,11,8.172147
0.0,100,8.173364
0.0,100,8.174564
0.0,100,8.175767
1.0,46,8.176352
1.0,63,8.177121
1.0,38,8.177601
1.0,35,8.178052
0.0,100,8.179325
1.0,51,8.17997
1.0,69,8.180813
1.0,18,8.181073
1.0,40,8.181579
1.0,33,8.182013
1.0,33,8.182438
1.0,62,8.183203
1.0,29,8.18358
0.0,100,8.184769
1.0,81,8.185791
1.0,19,8.186064
0.0,100,8.18726
1.0,29,8.18764
1.0,28,8.188015
1.0,84,8.189035
1.0,67,8.189845
1.0,13,8.190048
1.0,50,8.190662
1.0,20,8.190943
1.0,85,8.191967
1.0,29,8.192346
1.0,81,8.19333
1.0,21,8.193617
0.0,100,8.194816
0.0,100,8.196045
1.0,79,8.197004
0.0,100,8.19821
1.0,38,8.198692
1.0,21,8.198989
1.0,60,8.199721
1.0,32,8.200144
1.0,33,8.200569
1.0,33,8.201001
1.0,24,8.201319
1.0,75,8.202224
1.0,9,8.202374
1.0,48,8.202978
1.0,90,8.204057
1.0,24,8.204378
1.0,84,8.205385
1.0,44,8.205942
1.0,30,8.206329
1.0,22,8.206625
1.0,22,8.20693
1.0,33,8.207352
1.0,50,8.207972
1.0,39,8.208465
1.0,14,8.208671
1.0,56,8.209368
1.0,38,8.20985
1.0,89,8.210931
1.0,34,8.211364
0.0,100,8.212564
1.0,65,8.213364
0.0,100,8.21456
1.0,46,8.215142
1.0,52,8.215787
1.0,97,8.216955
1.0,17,8.217198
0.0,100,8.218398
1.0,32,8.21881
1.0,42,8.219342
0.0,100,8.220535
1.0,93,8.221652
1.0,46,8.222231
1.0,35,8.222675
1.0,39,8.223222
0.0,100,8.224423
1.0,48,8.225025
0.0,100,8.226216
1.0,48,8.226808
0.0,100,8.228004
1.0,15,8.228226
1.0,27,8.22858
1.0,85,8.22965
1.0,8,8.22979
1.0,46,8.230374
1.0,32,8.230784
1.0,29,8.231168
1.0,78,8.232105
1.0,70,8.233006
1.0,42,8.233554
1.0,26,8.233903
1.0,59,8.234621
0.0,100,8.235822
1.0,30,8.236224
1.0,88,8.237291
1.0,46,8.237874
1.0,21,8.238162
0.0,100,8.239349
0.0,100,8.24055
0.0,100,8.241751
1.0,12,8.241946
0.0,100,8.243141
1.0,72,8.244023
1.0,91,8.245119
1.0,90,8.246192
0.0,100,8.247384
1.0,31,8.24778
1.0,40,8.248287
1.0,99,8.249465
1.0,92,8.25056
0.0,100,8.251745
1.0,91,8.252837
0.0,100,8.254037
0.0,100,8.255231
1.0,33,8.255655
1.0,79,8.256608
1.0,52,8.257265
1.0,72,8.258144
0.0,100,8.259346
1.0,100,8.260547
1.0,71,8.261415
1.0,45,8.26198
1.0,25,8.262312
1.0,26,8.262655
1.0,28,8.263031
1.0,59,8.263747
1.0,36,8.264212
0.0,100,8.265418
1.0,42,8.265954
0.0,100,8.267152
1.0,86,8.268236
1.0,52,8.268886
0.0,100,8.270087
0.0,100,8.271288
0.0,100,8.272492
1.0,9,8.272645
1.0,15,8.272874
1.0,17,8.273116
1.0,40,8.273619
1.0,11,8.27379
1.0,38,8.274278
0.0,100,8.275471
1.0,30,8.275872
1.0,52,8.27651
0.0,100,8.277706
1.0,63,8.27848
1.0,75,8.279467
1.0,12,8.279661
1.0,9,8.279813
0.0,100,8.281024
1.0,10,8.281189
1.0,78,8.282134
1.0,91,8.283232
1.0,34,8.283666
1.0,23,8.283985
1.0,63,8.284747
1.0,53,8.285404
1.0,84,8.28642
1.0,42,8.286952
0.0,100,8.288142
0.0,100,8.289336
0.0,100,8.290524
1.0,41,8.291043
1.0,28,8.291411
1.0,84,8.292413
1.0,18,8.292668
1.0,19,8.292942
0.0,100,8.294134
1.0,97,8.295293
1.0,79,8.296248
1.0,97,8.297404
1.0,31,8.297801
1.0,77,8.298729
1.0,21,8.299022
1.0,9,8.299173
1.0,18,8.299445
1.0,33,8.299916
1.0,30,8.300333
1.0,60,8.30107
1.0,71,8.301937
1.0,16,8.302169
1.0,30,8.302556
1.0,15,8.302772
1.0,49,8.303382
1.0,49,8.303993
0.0,100,8.305188
0.0,100,8.306391
0.0,100,8.307589
1.0,79,8.308543
1.0,37,8.309021
1.0,64,8.309801
1.0,36,8.310262
1.0,8,8.310402
1.0,13,8.310596
1.0,98,8.311772
1.0,78,8.312716
1.0,23,8.313033
1.0,22,8.313331
1.0,32,8.313741
1.0,19,8.314014
1.0,41,8.314523
1.0,32,8.314961
1.0,30,8.315373
1.0,12,8.315556
1.0,20,8.315833
0.0,100,8.317055
1.0,85,8.318083
1.0,37,8.31855
1.0,15,8.318767
1.0,16,8.319002
1.0,33,8.319422
1.0,18,8.319673
1.0,20,8.319955
1.0,41,8.320465
0.0,100,8.321655
0.0,100,8.32285
1.0,27,8.323215
0.0,100,8.324402
1.0,30,8.324788
1.0,38,8.325282
0.0,100,8.32648
1.0,19,8.326744
1.0,58,8.327455
1.0,79,8.328411
1.0,46,8.328992
1.0,51,8.329617
1.0,80,8.330574
0.0,100,8.331761
1.0,65,8.332556
1.0,55,8.333237
1.0,45,8.333793
1.0,25,8.334133
1.0,80,8.335098
1.0,13,8.335294
1.0,31,8.335689
1.0,14,8.335903
1.0,58,8.336604
1.0,31,8.337011
1.0,9,8.337161
1.0,14,8.337367
1.0,16,8.337597
1.0,53,8.338257
1.0,55,8.33894
1.0,75,8.339839
0.0,100,8.341085
1.0,19,8.341351
1.0,19,8.341614
1.0,60,8.342358
1.0,43,8.342907
1.0,72,8.343772
0.0,100,8.344982
1.0,21,8.34527
1.0,18,8.34552
1.0,74,8.346417
0.0,100,8.347662
1.0,82,8.348695
1.0,50,8.349319
1.0,39,8.349811
1.0,9,8.349971
1.0,7,8.350099
1.0,38,8.35058
1.0,100,8.35178
1.0,60,8.352522
1.0,60,8.353266
1.0,70,8.354123
1.0,29,8.354501
0.0,100,8.355695
1.0,56,8.356387
1.0,15,8.356605
1.0,63,8.35738
1.0,17,8.357622
1.0,29,8.358005
1.0,56,8.358689
0.0,100,8.359877
1.0,39,8.36037
1.0,62,8.361135
1.0,62,8.361902
0.0,100,8.36311
1.0,43,8.363652
1.0,7,8.363779
1.0,40,8.364287
1.0,44,8.36483
1.0,33,8.365262
1.0,45,8.365822
1.0,32,8.36624
0.0,100,8.367437
1.0,38,8.367928
1.0,51,8.368556
0.0,100,8.369738
1.0,55,8.370418
0.0,100,8.371603
1.0,13,8.3718
0.0,100,8.372998
1.0,86,8.374026
1.0,13,8.374224
1.0,60,8.374963
1.0,41,8.375478
0.0,100,8.376669
1.0,15,8.376899
1.0,27,8.377252
1.0,57,8.377952
1.0,49,8.37855
1.0,22,8.37892
1.0,46,8.379496
0.0,100,8.380694
1.0,58,8.381408
1.0,72,8.382313
1.0,88,8.383364
1.0,35,8.383815
1.0,33,8.384249
1.0,17,8.38449
1.0,76,8.385405
1.0,58,8.386119
1.0,11,8.386293
1.0,67,8.387108
1.0,15,8.38733
1.0,54,8.387995
1.0,84,8.389001
1.0,66,8.3898
1.0,22,8.390136
1.0,61,8.390922
1.0,21,8.391237
1.0,24,8.391554
1.0,24,8.391882
1.0,96,8.393052
1.0,27,8.393424
1.0,74,8.394321
1.0,77,8.395251
1.0,45,8.395842
0.0,100,8.397075
1.0,12,8.397263
0.0,100,8.398463
0.0,100,8.39966
1.0,20,8.399945
1.0,37,8.400421
1.0,88,8.401538
1.0,20,8.40182
1.0,34,8.402264
0.0,100,8.403469
0.0,100,8.404679
1.0,55,8.405366
1.0,85,8.406388
1.0,32,8.406797
1.0,16,8.407035
0.0,100,8.408229
0.0,100,8.40943
1.0,20,8.409708
1.0,27,8.410071
1.0,45,8.410631
1.0,78,8.411572
0.0,100,8.412759
1.0,62,8.413522
1.0,24,8.413842
1.0,92,8.414952
1.0,68,8.415773
1.0,95,8.416908
1.0,15,8.417127
0.0,100,8.418301
1.0,40,8.4188
1.0,65,8.41959
0.0,100,8.420887
1.0,21,8.421205
0.0,100,8.422398
1.0,21,8.422687
1.0,51,8.423321
1.0,45,8.42388
0.0,100,8.425063
1.0,89,8.426124
1.0,59,8.426844
1.0,15,8.427074
0.0,100,8.428261
1.0,26,8.428604
0.0,100,8.429797
1.0,48,8.430447
1.0,14,8.430655
1.0,96,8.431796
0.0,100,8.433011
0.0,100,8.434201
1.0,27,8.434554
0.0,100,8.435743
1.0,86,8.436772
1.0,80,8.437733
1.0,68,8.438565
1.0,34,8.439008
1.0,42,8.439533
1.0,10,8.439692
0.0,100,8.440884
1.0,47,8.441469
1.0,22,8.441765
1.0,49,8.442375
1.0,43,8.442918
1.0,90,8.443986
1.0,30,8.444374
1.0,34,8.444801
1.0,81,8.44577
1.0,41,8.446291
1.0,68,8.447109
1.0,34,8.447538
1.0,15,8.447752
1.0,33,8.448179
1.0,30,8.448566
1.0,21,8.44885
1.0,78,8.449789
0.0,100,8.450992
0.0,100,8.452185
1.0,41,8.452701
1.0,49,8.45331
1.0,31,8.453707
1.0,27,8.454066
1.0,32,8.454473
1.0,57,8.455173
1.0,93,8.456289
1.0,70,8.457273
1.0,79,8.458231
1.0,11,8.458405
1.0,31,8.458802
1.0,10,8.458967
1.0,21,8.459253
1.0,14,8.459458
1.0,49,8.460068
1.0,48,8.460657
1.0,54,8.461323
1.0,20,8.461597
1.0,28,8.461971
1.0,23,8.462279
1.0,32,8.462685
1.0,38,8.463176
1.0,30,8.463564
1.0,35,8.464023
1.0,43,8.464564
0.0,100,8.465794
1.0,42,8.466322
1.0,24,8.466641
0.0,100,8.467824
1.0,91,8.468919
1.0,12,8.469103
1.0,17,8.46934
1.0,59,8.470056
1.0,38,8.470531
1.0,49,8.471136
1.0,72,8.472011
1.0,85,8.473031
1.0,33,8.473451
1.0,27,8.4738
0.0,100,8.474993
1.0,61,8.475787
1.0,24,8.476148
0.0,100,8.477357
0.0,100,8.478558
1.0,44,8.479113
1.0,15,8.479397
1.0,79,8.48036
1.0,55,8.481075
1.0,100,8.4823
0.0,100,8.483507
0.0,100,8.48472
1.0,32,8.485142
0.0,100,8.486345
1.0,38,8.48683
1.0,64,8.487616
1.0,53,8.488278
1.0,26,8.48862
0.0,100,8.489817
0.0,100,8.491097
0.0,100,8.492309
1.0,55,8.492997
1.0,98,8.494171
1.0,46,8.494742
1.0,50,8.495364
1.0,54,8.496035
1.0,22,8.496332
1.0,50,8.496957
1.0,58,8.497661
1.0,50,8.498285
1.0,76,8.499201
1.0,22,8.4995
1.0,24,8.499818
1.0,71,8.500682
1.0,54,8.501351
1.0,32,8.501762
1.0,14,8.501976
1.0,44,8.502529
1.0,29,8.502913
1.0,69,8.503744
1.0,34,8.504184
1.0,100,8.505378
1.0,17,8.505623
1.0,22,8.50593
1.0,60,8.506662
1.0,66,8.507514
1.0,51,8.508204
1.0,70,8.50905
0.0,100,8.510246
1.0,23,8.510553
1.0,18,8.510802
1.0,21,8.511093
1.0,21,8.51138
0.0,100,8.512576
1.0,32,8.512999
1.0,28,8.513368
1.0,40,8.513879
0.0,100,8.515072
1.0,36,8.515532
1.0,29,8.515919
1.0,72,8.516828
1.0,28,8.5172
0.0,100,8.518394
1.0,15,8.518612
0.0,100,8.5198
1.0,72,8.520708
1.0,53,8.521411
1.0,66,8.522218
1.0,44,8.522769
1.0,66,8.523571
1.0,85,8.524597
0.0,100,8.525791
0.0,100,8.527004
1.0,13,8.527201
0.0,100,8.528386
1.0,26,8.52873
1.0,11,8.528911
1.0,72,8.52977
0.0,100,8.531025
1.0,39,8.531533
0.0,100,8.532732
1.0,91,8.533822
1.0,21,8.534116
0.0,100,8.535307
1.0,25,8.535637
0.0,100,8.536824
1.0,22,8.537132
0.0,100,8.538316
1.0,59,8.539035
1.0,48,8.53962
1.0,30,8.540034
1.0,25,8.540384
1.0,12,8.540568
0.0,100,8.541822
1.0,57,8.542523
0.0,100,8.543713
1.0,91,8.544817
1.0,74,8.545717
0.0,100,8.546918
1.0,86,8.547961
0.0,100,8.549152
0.0,100,8.550338
1.0,52,8.550986
1.0,99,8.552162
0.0,100,8.553347
0.0,100,8.554542
1.0,38,8.555034
1.0,44,8.55558
1.0,28,8.555954
0.0,100,8.557192
1.0,29,8.557567
1.0,46,8.558194
1.0,17,8.558436
1.0,72,8.559304
1.0,81,8.560288
1.0,77,8.561221
1.0,83,8.562226
0.0,100,8.563422
0.0,100,8.564617
0.0,100,8.565812
0.0,100,8.567014
1.0,16,8.567245
0.0,100,8.568442
0.0,100,8.569642
1.0,9,8.569794
0.0,100,8.570995
1.0,8,8.571134
1.0,42,8.571655
1.0,11,8.571826
1.0,14,8.572037
1.0,50,8.572649
1.0,41,8.573169
0.0,100,8.574361
0.0,100,8.575547
1.0,16,8.575777
1.0,71,8.576636
0.0,100,8.577826
1.0,56,8.578558
1.0,65,8.579395
1.0,15,8.579613
1.0,45,8.580176
0.0,100,8.581361
1.0,24,8.581684
1.0,16,8.58192
1.0,57,8.58261
1.0,66,8.583416
1.0,16,8.583645
1.0,58,8.584362
1.0,45,8.584924
1.0,40,8.585425
1.0,25,8.585754
0.0,100,8.586948
0.0,100,8.588152
1.0,21,8.588443
1.0,33,8.588937
1.0,80,8.589912
1.0,89,8.590972
1.0,54,8.591633
1.0,21,8.591924
0.0,100,8.593111
1.0,20,8.593387
0.0,100,8.594567
0.0,100,8.595752
1.0,10,8.595924
1.0,87,8.596961
1.0,13,8.597157
1.0,28,8.597518
1.0,77,8.598446
1.0,23,8.598755
1.0,94,8.59987
1.0,77,8.600784
1.0,30,8.601178
1.0,20,8.60145
1.0,62,8.602206
1.0,7,8.602333
1.0,39,8.602818
1.0,54,8.603478
1.0,17,8.603716
1.0,64,8.604496
1.0,20,8.604769
1.0,26,8.605116
1.0,26,8.605454
1.0,65,8.606238
0.0,100,8.607435
1.0,55,8.60811
1.0,36,8.608563
0.0,100,8.609755
1.0,18,8.610017
1.0,23,8.610325
1.0,31,8.61072
1.0,37,8.611194
1.0,16,8.611421
1.0,73,8.612298
1.0,34,8.612728
1.0,41,8.613293
1.0,88,8.614346
1.0,89,8.615456
1.0,33,8.615903
1.0,26,8.61629
1.0,18,8.616538
1.0,59,8.617261
0.0,100,8.61849
1.0,87,8.619536
1.0,28,8.619914
1.0,48,8.620503
0.0,100,8.621691
1.0,19,8.621965
1.0,90,8.623043
1.0,25,8.623375
1.0,28,8.623737
0.0,100,8.624933
1.0,26,8.625273
1.0,24,8.625588
1.0,81,8.626558
1.0,23,8.626873
1.0,71,8.627721
1.0,72,8.628588
1.0,14,8.628795
1.0,35,8.629245
1.0,100,8.63043
1.0,76,8.631348
1.0,27,8.631701
1.0,30,8.6321
0.0,100,8.633282
1.0,29,8.633702
1.0,40,8.634294
1.0,13,8.634488
1.0,58,8.635198
1.0,8,8.635336
1.0,73,8.636218
0.0,100,8.637409
1.0,72,8.638277
0.0,100,8.639467
0.0,100,8.640658
1.0,40,8.641171
1.0,38,8.641651
0.0,100,8.642847
1.0,58,8.643563
1.0,35,8.644014
0.0,100,8.645205
1.0,13,8.645404
1.0,65,8.646217
0.0,100,8.647415
1.0,36,8.647875
1.0,73,8.648746
1.0,62,8.6495
0.0,100,8.650688
0.0,100,8.651905
0.0,100,8.653105
1.0,13,8.653301
1.0,56,8.653991
1.0,51,8.654613
1.0,58,8.655321
1.0,22,8.655617
1.0,15,8.655833
1.0,32,8.656248
1.0,90,8.657312
0.0,100,8.658495
0.0,100,8.659674
1.0,47,8.660261
0.0,100,8.661446
1.0,14,8.661652
1.0,34,8.662092
1.0,43,8.662623
0.0,100,8.663814
1.0,95,8.664994
1.0,66,8.665787
1.0,39,8.666277
1.0,19,8.666539
1.0,19,8.6668
1.0,53,8.667448
1.0,43,8.668014
1.0,45,8.668587
1.0,81,8.669552
1.0,27,8.669923
1.0,11,8.670103
1.0,70,8.670952
1.0,77,8.671883
0.0,100,8.673073
1.0,44,8.673621
1.0,16,8.673848
1.0,98,8.675026
0.0,100,8.676217
0.0,100,8.677414
1.0,30,8.6778
1.0,60,8.678534
1.0,77,8.679547
1.0,22,8.679846
1.0,44,8.680447
1.0,76,8.681362
1.0,97,8.682519
0.0,100,8.683715
1.0,45,8.684286
0.0,100,8.685475
1.0,39,8.685997
1.0,44,8.68656
1.0,28,8.686929
0.0,100,8.688128
1.0,9,8.688279
1.0,72,8.68915
1.0,36,8.689673
1.0,24,8.690008
0.0,100,8.691205
1.0,88,8.692255
1.0,43,8.692791
1.0,41,8.693312
1.0,28,8.693679
0.0,100,8.69487
1.0,94,8.695994
1.0,44,8.696539
0.0,100,8.697727
1.0,19,8.698003
1.0,49,8.698606
1.0,43,8.699152
1.0,17,8.699393
1.0,22,8.699687
1.0,61,8.700434
1.0,18,8.700686
1.0,69,8.701518
1.0,69,8.702352
1.0,42,8.702889
1.0,33,8.70331
1.0,42,8.703833
1.0,59,8.704553
1.0,34,8.704993
1.0,19,8.705256
1.0,26,8.705595
1.0,100,8.706791
1.0,21,8.707086
1.0,19,8.707349
1.0,15,8.707563
1.0,7,8.707688
0.0,100,8.708894
0.0,100,8.710086
1.0,89,8.711153
1.0,45,8.71171
1.0,25,8.712053
0.0,100,8.713246
1.0,35,8.713689
1.0,21,8.713981
0.0,100,8.715173
0.0,100,8.716398
1.0,20,8.716675
1.0,11,8.716845
1.0,28,8.717217
0.0,100,8.718396
0.0,100,8.719583
1.0,9,8.719735
1.0,55,8.720416
0.0,100,8.721613
0.0,100,8.722798
1.0,82,8.723822
0.0,100,8.725068
1.0,19,8.725332
1.0,46,8.725904
1.0,19,8.726165
1.0,56,8.726847
0.0,100,8.728056
1.0,42,8.728582
1.0,18,8.728834
1.0,71,8.729732
0.0,100,8.730931
1.0,19,8.731196
1.0,26,8.731539
1.0,40,8.732045
1.0,18,8.732299
1.0,22,8.732594
1.0,70,8.733519
1.0,34,8.73399
1.0,48,8.734612
1.0,60,8.735358
0.0,100,8.736561
1.0,96,8.737706
1.0,52,8.738354
0.0,100,8.739551
1.0,14,8.739759
1.0,30,8.740162
1.0,49,8.740767
1.0,52,8.741408
1.0,71,8.742272
0.0,100,8.743466
1.0,29,8.743845
1.0,21,8.744139
1.0,19,8.744401
1.0,61,8.745148
1.0,14,8.745353
0.0,100,8.746531
1.0,37,8.747004
1.0,55,8.747672
1.0,47,8.748262
0.0,100,8.74945
1.0,85,8.750479
1.0,32,8.750899
1.0,90,8.751978
1.0,22,8.752275
0.0,100,8.753473
1.0,70,8.754326
1.0,57,8.755029
1.0,35,8.755477
1.0,31,8.755886
1.0,50,8.7565
1.0,39,8.756999
0.0,100,8.7582
0.0,100,8.759384
1.0,50,8.760011
1.0,66,8.7608
1.0,91,8.76189
1.0,20,8.762167
0.0,100,8.763363
1.0,11,8.763538
1.0,47,8.764131
1.0,68,8.764955
0.0,100,8.766148
1.0,22,8.766447
1.0,14,8.766653
1.0,75,8.767557
1.0,25,8.767897
1.0,44,8.768483
1.0,30,8.768882
1.0,14,8.76909
0.0,100,8.770283
1.0,8,8.770424
1.0,64,8.771206
0.0,100,8.77241
1.0,95,8.773548
1.0,20,8.773823
1.0,37,8.774297
0.0,100,8.775499
0.0,100,8.776754
1.0,49,8.777415
1.0,32,8.77783
1.0,36,8.7783
1.0,35,8.778753
1.0,31,8.779158
1.0,79,8.780099
1.0,22,8.780396
1.0,27,8.780748
1.0,42,8.781282
0.0,100,8.78248
1.0,74,8.783384
1.0,47,8.783972
1.0,39,8.784465
1.0,44,8.78509
1.0,73,8.785995
1.0,68,8.786815
1.0,18,8.787106
1.0,32,8.787534
1.0,35,8.787988
1.0,83,8.788989
1.0,41,8.7895
1.0,44,8.790149
0.0,100,8.791355
1.0,79,8.792311
1.0,17,8.792553
1.0,15,8.792768
0.0,100,8.793962
1.0,33,8.794385
1.0,21,8.794668
1.0,28,8.795038
1.0,42,8.795562
1.0,68,8.796382
1.0,96,8.797527
0.0,100,8.798714
1.0,95,8.799849
1.0,44,8.800449
1.0,20,8.800722
1.0,69,8.8016
1.0,33,8.802032
1.0,22,8.802331
1.0,29,8.802707
1.0,74,8.803604
1.0,40,8.804111
1.0,42,8.804634
0.0,100,8.805822
0.0,100,8.807019
1.0,97,8.808173
1.0,38,8.808652
1.0,70,8.809502
0.0,100,8.810696
1.0,35,8.811149
0.0,100,8.812345
1.0,38,8.812838
0.0,100,8.814039
1.0,11,8.814213
1.0,8,8.814349
1.0,38,8.814823
1.0,77,8.815749
1.0,31,8.816157
0.0,100,8.817352
1.0,12,8.817537
1.0,51,8.818173
1.0,57,8.818875
1.0,20,8.819151
1.0,27,8.819502
1.0,15,8.819719
1.0,37,8.820192
0.0,100,8.821382
0.0,100,8.822572
0.0,100,8.823765
0.0,100,8.824962
1.0,40,8.825464
0.0,100,8.826657
1.0,68,8.827492
1.0,94,8.828621
0.0,100,8.829831
1.0,48,8.830429
1.0,14,8.830635
1.0,8,8.830771
1.0,22,8.831074
1.0,14,8.83128
0.0,100,8.832469
1.0,64,8.833248
0.0,100,8.834433
1.0,68,8.835249
1.0,56,8.835934
0.0,100,8.837112
1.0,68,8.837931
1.0,18,8.838181
0.0,100,8.839371
1.0,34,8.839803
1.0,83,8.840788
1.0,13,8.840991
1.0,73,8.841866
1.0,30,8.842256
1.0,16,8.842483
0.0,100,8.84367
0.0,100,8.844865
0.0,100,8.84606
1.0,20,8.846334
1.0,77,8.847259
1.0,22,8.847555
1.0,63,8.848399
1.0,90,8.849485
1.0,28,8.849852
0.0,100,8.851053
1.0,64,8.851823
1.0,37,8.852293
1.0,24,8.852612
0.0,100,8.853795
1.0,30,8.854191
1.0,48,8.85478
1.0,48,8.855378
1.0,18,8.855628
1.0,16,8.855862
0.0,100,8.857069
1.0,31,8.85747
1.0,100,8.858661
1.0,80,8.859627
1.0,30,8.860023
1.0,70,8.860865
1.0,93,8.861982
1.0,24,8.862303
1.0,31,8.862698
0.0,100,8.863894
1.0,48,8.864484
0.0,100,8.865669
1.0,79,8.86662
1.0,21,8.866912
0.0,100,8.868104
1.0,30,8.868489
1.0,48,8.869089
1.0,37,8.869557
1.0,33,8.869986
1.0,30,8.870372
1.0,29,8.870747
1.0,86,8.871784
1.0,40,8.872298
1.0,17,8.87254
0.0,100,8.873732
1.0,74,8.874628
1.0,17,8.874875
1.0,17,8.875118
0.0,100,8.876307
1.0,26,8.876649
1.0,99,8.877831
0.0,100,8.87903
1.0,54,8.879684
1.0,45,8.880245
1.0,31,8.880645
1.0,33,8.881077
1.0,77,8.882012
1.0,46,8.882581
1.0,95,8.883787
1.0,12,8.88398
0.0,100,8.88518
1.0,56,8.885874
1.0,64,8.886647
1.0,36,8.887106
1.0,86,8.888129
1.0,36,8.888582
1.0,28,8.888952
1.0,64,8.889717
1.0,75,8.89062
0.0,100,8.891814
0.0,100,8.893011
0.0,100,8.894204
1.0,93,8.895384
1.0,83,8.896404
1.0,16,8.896637
1.0,66,8.897487
1.0,41,8.898017
1.0,27,8.898369
1.0,29,8.898741
1.0,56,8.89943
1.0,28,8.899795
1.0,61,8.900545
1.0,24,8.900875
1.0,16,8.901106
1.0,17,8.901345
1.0,26,8.901685
0.0,100,8.902883
1.0,26,8.903227
1.0,32,8.903635
1.0,61,8.904385
1.0,20,8.904663
0.0,100,8.905861
1.0,16,8.906094
0.0,100,8.907283
1.0,23,8.907593
1.0,15,8.90781
1.0,90,8.908898
1.0,48,8.909496
1.0,66,8.910305
0.0,100,8.911498
1.0,17,8.911737
1.0,64,8.912513
1.0,16,8.912742
0.0,100,8.913943
1.0,26,8.914286
1.0,14,8.914489
1.0,88,8.915543
1.0,23,8.915848
1.0,58,8.916604
0.0,100,8.917791
1.0,75,8.918694
1.0,34,8.919141
1.0,15,8.91936
1.0,48,8.919958
1.0,30,8.920346
1.0,66,8.921147
1.0,42,8.921672
1.0,17,8.921921
0.0,100,8.923116
1.0,56,8.9238
0.0,100,8.924995
1.0,25,8.925325
0.0,100,8.92652
1.0,53,8.927176
0.0,100,8.928362
1.0,25,8.928694
1.0,51,8.929326
0.0,100,8.930518
1.0,25,8.930848
1.0,43,8.931395
1.0,34,8.931827
0.0,100,8.933028
1.0,13,8.933232
1.0,63,8.934011
1.0,37,8.934482
0.0,100,8.935677
0.0,100,8.936877
1.0,36,8.937331
1.0,27,8.937684
1.0,29,8.938066
1.0,77,8.938997
1.0,47,8.93958
1.0,23,8.939897
1.0,63,8.940649
1.0,91,8.941736
1.0,15,8.941961
1.0,50,8.942577
1.0,14,8.94278
1.0,24,8.943107
0.0,100,8.944294
1.0,48,8.944893
1.0,25,8.945224
1.0,41,8.945736
1.0,99,8.946908
1.0,60,8.947631
1.0,42,8.948159
1.0,69,8.948992
1.0,69,8.94982
0.0,100,8.951016
1.0,18,8.95127
1.0,61,8.952022
1.0,20,8.952294
1.0,38,8.952768
1.0,64,8.953543
0.0,100,8.954725
1.0,85,8.955743
1.0,37,8.956226
1.0,99,8.957458
1.0,37,8.957933
1.0,57,8.958632
1.0,28,8.959002
0.0,100,8.960192
1.0,100,8.961387
1.0,17,8.961629
1.0,26,8.961978
0.0,100,8.963173
1.0,40,8.963668
1.0,86,8.964695
1.0,44,8.965248
1.0,66,8.966081
0.0,100,8.967293
1.0,55,8.967971
1.0,14,8.968177
1.0,7,8.968302
1.0,60,8.969037
1.0,75,8.969949
0.0,100,8.971141
1.0,54,8.971804
1.0,14,8.97202
1.0,67,8.972823
1.0,21,8.973116
1.0,32,8.973526
1.0,52,8.974166
0.0,100,8.975372
1.0,78,8.976416
1.0,41,8.976936
1.0,96,8.978089
1.0,27,8.978447
1.0,67,8.979269
0.0,100,8.980456
1.0,26,8.980796
1.0,78,8.981725
1.0,89,8.982794
1.0,20,8.983079
1.0,42,8.983604
1.0,29,8.983983
1.0,32,8.984395
1.0,44,8.984946
1.0,61,8.985681
1.0,28,8.986054
1.0,49,8.986653
1.0,39,8.987149
1.0,62,8.987905
1.0,38,8.988381
1.0,17,8.98862
0.0,100,8.989812
1.0,44,8.990372
1.0,24,8.990694
1.0,18,8.990954
0.0,100,8.99215
1.0,23,8.99246
1.0,46,8.993033
1.0,31,8.993429
1.0,22,8.993724
0.0,100,8.994926
1.0,68,8.995811
1.0,44,8.996372
1.0,52,8.997015
1.0,26,8.997356
1.0,27,8.997705
1.0,49,8.998361
1.0,56,8.999054
1.0,48,8.999665
1.0,34,9.000113
1.0,94,9.001236
1.0,16,9.001466
1.0,55,9.002146
0.0,100,9.003336
1.0,65,9.004132
1.0,41,9.00464
1.0,42,9.005172
1.0,40,9.005669
1.0,18,9.00593
1.0,36,9.006385
0.0,100,9.007601
1.0,17,9.007879
1.0,67,9.008711
1.0,91,9.009799
1.0,16,9.010042
1.0,45,9.010595
1.0,79,9.011543
1.0,31,9.011953
1.0,67,9.012759
0.0,100,9.01396
1.0,19,9.014224
1.0,98,9.015386
1.0,20,9.015661
1.0,21,9.015971
0.0,100,9.017222
1.0,19,9.017485
0.0,100,9.018662
1.0,47,9.019247
1.0,8,9.019386
1.0,23,9.019693
1.0,7,9.019819
0.0,100,9.021003
0.0,100,9.022199
0.0,100,9.023394
1.0,36,9.02385
1.0,55,9.024534
1.0,33,9.024969
1.0,89,9.026036
1.0,9,9.026187
0.0,100,9.027369
1.0,15,9.027587
1.0,26,9.027937
1.0,36,9.028392
1.0,46,9.028968
1.0,56,9.029648
0.0,100,9.03084
1.0,20,9.031126
1.0,38,9.031607
1.0,39,9.032103
1.0,42,9.032632
1.0,34,9.033077
1.0,57,9.033792
1.0,42,9.034358
1.0,13,9.034554
1.0,10,9.034714
1.0,27,9.035096
1.0,38,9.035591
1.0,87,9.036636
1.0,16,9.036874
1.0,73,9.037752
1.0,20,9.038038
1.0,37,9.038506
0.0,100,9.039694
1.0,63,9.04047
1.0,19,9.040735
1.0,10,9.040904
1.0,42,9.041434
1.0,31,9.041831
1.0,33,9.04226
1.0,23,9.042565
1.0,87,9.043603
1.0,17,9.043844
1.0,18,9.044103
1.0,53,9.044749
1.0,35,9.045201
1.0,27,9.045552
0.0,100,9.046735
1.0,27,9.047117
1.0,88,9.048183
1.0,51,9.048807
1.0,35,9.049258
1.0,9,9.049408
1.0,63,9.050171
0.0,100,9.051353
1.0,99,9.052522
1.0,50,9.053138
1.0,29,9.053513
0.0,100,9.054697
1.0,26,9.05505
0.0,100,9.056236
1.0,24,9.05656
0.0,100,9.057737
1.0,20,9.058019
0.0,100,9.059196
1.0,86,9.06022
1.0,31,9.060622
1.0,100,9.061799
1.0,16,9.062037
1.0,77,9.062958
1.0,60,9.06368
0.0,100,9.064875
0.0,100,9.06606
0.0,100,9.067265
0.0,100,9.068454
1.0,79,9.069568
1.0,97,9.070773
1.0,12,9.070967
1.0,54,9.071633
1.0,98,9.072802
1.0,25,9.073143
1.0,27,9.073497
1.0,56,9.074187
1.0,13,9.074381
1.0,55,9.075054
1.0,82,9.076047
0.0,100,9.077229
1.0,66,9.078035
1.0,26,9.078377
1.0,11,9.078547
1.0,16,9.078792
0.0,100,9.080073
1.0,18,9.080329
1.0,18,9.080584
1.0,32,9.081002
0.0,100,9.082195
1.0,27,9.082552
1.0,62,9.083313
0.0,100,9.084505
1.0,26,9.084849
1.0,27,9.085216
1.0,24,9.085535
1.0,40,9.08605
1.0,90,9.087132
1.0,31,9.087534
1.0,50,9.088155
1.0,80,9.089114
1.0,63,9.08988
1.0,23,9.090189
1.0,85,9.091206
1.0,20,9.091481
1.0,75,9.092387
1.0,55,9.093067
1.0,23,9.093375
1.0,15,9.093592
0.0,100,9.094785
1.0,75,9.095699
0.0,100,9.09699
1.0,22,9.097299
0.0,100,9.098515
1.0,7,9.098645
0.0,100,9.099851
1.0,27,9.100218
1.0,35,9.100667
1.0,97,9.101836
1.0,20,9.102121
1.0,8,9.10226
1.0,19,9.102525
1.0,39,9.103029
1.0,65,9.103819
0.0,100,9.105027
1.0,11,9.105205
1.0,41,9.105724
0.0,100,9.106945
1.0,44,9.107495
1.0,76,9.108422
1.0,65,9.109229
0.0,100,9.110438
1.0,86,9.111482
0.0,100,9.112684
1.0,41,9.11321
0.0,100,9.114399
1.0,71,9.115266
1.0,53,9.115928
1.0,15,9.116146
1.0,22,9.116442
1.0,24,9.116762
1.0,54,9.117427
1.0,100,9.118632
1.0,87,9.119683
0.0,100,9.120921
1.0,100,9.122143
1.0,61,9.122894
0.0,100,9.124097
1.0,44,9.124648
1.0,40,9.125155
1.0,16,9.125385
1.0,18,9.125636
1.0,20,9.125916
1.0,23,9.126226
1.0,23,9.126531
1.0,38,9.127022
0.0,100,9.128223
0.0,100,9.129425
1.0,96,9.130579
1.0,8,9.130719
1.0,11,9.130902
1.0,34,9.131342
0.0,100,9.132551
1.0,95,9.133704
0.0,100,9.134972
0.0,100,9.136213
1.0,93,9.137329
1.0,12,9.137525
1.0,42,9.138059
1.0,17,9.138301
1.0,20,9.138573
1.0,38,9.139058
1.0,59,9.139775
1.0,56,9.140468
0.0,100,9.141653
1.0,35,9.142106
1.0,52,9.142741
1.0,95,9.143886
1.0,16,9.144115
0.0,100,9.145311
1.0,82,9.146308
0.0,100,9.14751
0.0,100,9.148716
0.0,100,9.149917
1.0,38,9.150395
1.0,34,9.15083
1.0,54,9.151498
1.0,8,9.151637
0.0,100,9.152833
1.0,34,9.153277
1.0,83,9.154277
1.0,70,9.15513
0.0,100,9.156331
1.0,75,9.157241
1.0,17,9.157482
0.0,100,9.158683
1.0,38,9.159172
1.0,23,9.159482
1.0,51,9.160119
1.0,98,9.161301
1.0,45,9.161867
0.0,100,9.163061
1.0,64,9.163832
1.0,29,9.164216
1.0,56,9.16491
1.0,30,9.165298
1.0,58,9.166013
1.0,54,9.166672
1.0,61,9.16742
1.0,35,9.167872
1.0,87,9.168922
1.0,84,9.169945
1.0,98,9.171124
0.0,100,9.172323
1.0,20,9.172602
1.0,23,9.172924
0.0,100,9.174117
0.0,100,9.175312
0.0,100,9.17651
1.0,31,9.176921
1.0,50,9.177538
1.0,72,9.178411
1.0,15,9.178631
1.0,27,9.178993
1.0,12,9.179177
1.0,27,9.17953
1.0,36,9.180054
1.0,19,9.180336
0.0,100,9.181519
0.0,100,9.182707
1.0,78,9.183653
1.0,13,9.18385
1.0,30,9.184248
0.0,100,9.185447
1.0,48,9.186046
1.0,23,9.186355
1.0,17,9.186595
1.0,72,9.187466
1.0,9,9.187617
1.0,32,9.188037
1.0,48,9.188627
1.0,13,9.188822
1.0,10,9.188989
1.0,73,9.189876
1.0,26,9.190221
1.0,18,9.190469
1.0,37,9.190945
0.0,100,9.192145
1.0,24,9.192467
1.0,22,9.192766
1.0,14,9.192984
0.0,100,9.194191
1.0,20,9.194469
1.0,24,9.194788
1.0,41,9.195309
1.0,19,9.195576
1.0,35,9.196032
1.0,62,9.196784
1.0,13,9.196987
1.0,72,9.197864
0.0,100,9.199131
1.0,32,9.199558
0.0,100,9.200762
1.0,28,9.201138
0.0,100,9.202344
1.0,21,9.202634
0.0,100,9.203834
1.0,35,9.204287
1.0,33,9.204709
1.0,29,9.205097
1.0,73,9.205988
1.0,25,9.206321
1.0,22,9.206619
1.0,46,9.207201
1.0,8,9.207341
1.0,25,9.207674
1.0,35,9.208129
1.0,47,9.208719
1.0,11,9.208899
1.0,24,9.209221
1.0,53,9.209882
0.0,100,9.211094
1.0,47,9.211681
1.0,33,9.212113
1.0,68,9.212944
0.0,100,9.21414
0.0,100,9.21535
1.0,76,9.216279
1.0,80,9.217345
1.0,54,9.218019
0.0,100,9.219212
1.0,14,9.219421
0.0,100,9.220623
1.0,92,9.221723
1.0,76,9.222641
0.0,100,9.223836
1.0,31,9.224285
1.0,86,9.225365
1.0,10,9.225528
1.0,23,9.225835
1.0,17,9.226084
1.0,16,9.226313
0.0,100,9.227506
1.0,42,9.22804
1.0,47,9.228622
1.0,18,9.228884
1.0,71,9.229737
1.0,26,9.23012
1.0,15,9.230354
1.0,20,9.230627
1.0,8,9.230766
1.0,67,9.231584
1.0,65,9.23238
1.0,20,9.232655
1.0,15,9.232883
1.0,60,9.233609
1.0,13,9.233804
1.0,18,9.234112
1.0,25,9.234475
1.0,77,9.235405
1.0,64,9.236189
1.0,32,9.236602
1.0,22,9.236909
1.0,9,9.237061
1.0,35,9.237511
1.0,41,9.238033
1.0,97,9.239209
1.0,39,9.239704
1.0,39,9.2402
1.0,63,9.240977
1.0,47,9.241564
1.0,19,9.241826
1.0,47,9.242414
1.0,10,9.242575
1.0,17,9.242815
1.0,11,9.242995
1.0,16,9.243226
1.0,29,9.243604
1.0,78,9.244555
1.0,58,9.245274
1.0,61,9.246028
0.0,100,9.247223
1.0,32,9.247638
1.0,26,9.247989
1.0,19,9.248253
0.0,100,9.249447
1.0,53,9.250108
1.0,68,9.250941
1.0,58,9.251648
1.0,39,9.252146
1.0,35,9.252589
1.0,20,9.252872
1.0,53,9.253527
1.0,35,9.254028
1.0,46,9.254616
1.0,25,9.254954
1.0,52,9.255588
1.0,65,9.256381
1.0,17,9.256624
1.0,40,9.257135
0.0,100,9.258328
1.0,82,9.259318
1.0,56,9.260008
1.0,85,9.261032
1.0,69,9.261869
1.0,75,9.262768
1.0,21,9.263062
0.0,100,9.264266
0.0,100,9.265474
1.0,23,9.265785
1.0,66,9.266592
1.0,52,9.267241
1.0,73,9.268129
1.0,32,9.268542
1.0,9,9.268691
1.0,65,9.269537
1.0,28,9.269914
1.0,22,9.270214
1.0,33,9.270632
1.0,60,9.271371
1.0,13,9.271568
1.0,14,9.271773
1.0,31,9.272181
1.0,49,9.27278
1.0,64,9.273565
1.0,98,9.274748
1.0,32,9.275173
1.0,59,9.275905
1.0,47,9.276491
1.0,22,9.276789
1.0,30,9.277186
1.0,99,9.278369
1.0,88,9.279429
1.0,39,9.279933
1.0,18,9.280185
1.0,28,9.280548
1.0,28,9.28092
1.0,47,9.281504
1.0,96,9.282654
1.0,21,9.282952
1.0,24,9.283273
1.0,19,9.283534
1.0,16,9.283762
1.0,42,9.284294
1.0,28,9.28466
1.0,44,9.285213
1.0,27,9.28557
0.0,100,9.286783
1.0,24,9.28712
1.0,19,9.287385
0.0,100,9.288578
1.0,54,9.289246
1.0,20,9.289522
1.0,95,9.290702
1.0,76,9.291625
1.0,67,9.292502
1.0,26,9.29285
1.0,17,9.293103
0.0,100,9.2943
1.0,88,9.295367
1.0,20,9.295646
1.0,70,9.296504
1.0,38,9.297002
0.0,100,9.298207
1.0,22,9.298571
1.0,32,9.299001
1.0,29,9.299383
0.0,100,9.300604
1.0,89,9.301731
1.0,62,9.302497
1.0,65,9.303296
1.0,33,9.30372
1.0,68,9.304556
1.0,37,9.30504
1.0,72,9.305915
1.0,54,9.306575
1.0,24,9.306903
1.0,17,9.307144
1.0,85,9.308168
1.0,8,9.308307
1.0,25,9.308639
1.0,18,9.308897
0.0,100,9.310093
1.0,13,9.310291
0.0,100,9.311497
1.0,42,9.312035
1.0,46,9.312606
1.0,31,9.31302
1.0,99,9.314215
0.0,100,9.315417
1.0,19,9.315684
1.0,16,9.315923
1.0,66,9.316749
1.0,38,9.317289
1.0,27,9.317649
1.0,63,9.31842
0.0,100,9.319625
1.0,27,9.319992
1.0,13,9.320186
0.0,100,9.321384
1.0,30,9.321773
1.0,37,9.32225
1.0,47,9.322834
1.0,85,9.323865
0.0,100,9.325063
1.0,24,9.325388
1.0,25,9.325721
1.0,31,9.32613
1.0,21,9.326419
1.0,83,9.327422
1.0,6,9.327539
0.0,100,9.328739
1.0,53,9.329396
1.0,43,9.329942
1.0,16,9.330173
0.0,100,9.331369
1.0,15,9.331589
1.0,36,9.332052
1.0,35,9.332498
1.0,33,9.332929
1.0,70,9.333771
1.0,46,9.334351
0.0,100,9.335551
1.0,82,9.336545
0.0,100,9.337751
1.0,15,9.337982
0.0,100,9.339185
0.0,100,9.340382
1.0,29,9.340759
0.0,100,9.341961
1.0,21,9.342251
1.0,38,9.342729
1.0,28,9.343106
1.0,42,9.343632
1.0,23,9.343948
0.0,100,9.345142
1.0,84,9.346153
1.0,44,9.346698
0.0,100,9.3479
1.0,30,9.348352
1.0,85,9.34944
0.0,100,9.350642
1.0,13,9.350839
1.0,41,9.351359
1.0,68,9.352185
1.0,13,9.352382
1.0,39,9.352879
1.0,46,9.35345
1.0,53,9.354107
1.0,14,9.354314
1.0,36,9.354767
1.0,71,9.355623
1.0,20,9.355907
1.0,81,9.356879
1.0,35,9.357325
1.0,64,9.35811
1.0,18,9.358364
1.0,65,9.35916
1.0,60,9.359902
1.0,38,9.360382
1.0,24,9.360703
1.0,15,9.360931
1.0,73,9.361812
0.0,100,9.363018
1.0,84,9.364034
0.0,100,9.365235
0.0,100,9.366419
1.0,46,9.367006
1.0,18,9.367259
1.0,61,9.368004
1.0,91,9.369101
1.0,25,9.369433
1.0,40,9.369946
1.0,51,9.370574
1.0,49,9.371185
1.0,91,9.372281
0.0,100,9.373482
1.0,46,9.374065
0.0,100,9.375256
1.0,65,9.376051
1.0,18,9.376303
0.0,100,9.377494
1.0,21,9.377779
1.0,16,9.378016
1.0,32,9.378424
1.0,18,9.378673
1.0,63,9.379445
1.0,64,9.380226
1.0,29,9.380605
1.0,32,9.381025
1.0,99,9.382201
1.0,52,9.38284
1.0,34,9.383282
1.0,21,9.383568
1.0,60,9.384373
1.0,16,9.384605
1.0,79,9.385557
0.0,100,9.386748
1.0,66,9.387552
1.0,16,9.387782
1.0,18,9.388043
1.0,51,9.388668
1.0,15,9.388893
1.0,19,9.389156
1.0,19,9.389417
1.0,78,9.390355
1.0,76,9.391274
0.0,100,9.392472
1.0,25,9.392802
1.0,52,9.393449
1.0,29,9.393827
1.0,29,9.394213
1.0,77,9.395145
1.0,18,9.395397
1.0,48,9.396
1.0,43,9.396533
1.0,67,9.397351
1.0,12,9.397538
1.0,35,9.397991
1.0,18,9.398243
1.0,16,9.398531
1.0,42,9.39907
1.0,12,9.399254
1.0,21,9.399539
1.0,24,9.399869
0.0,100,9.40107
0.0,100,9.402266
0.0,100,9.403465
1.0,44,9.404027
1.0,46,9.404594
1.0,30,9.404991
1.0,19,9.405255
0.0,100,9.406446
1.0,13,9.406644
1.0,24,9.406969
0.0,100,9.408154
1.0,11,9.40833
1.0,49,9.408938
1.0,79,9.409896
1.0,21,9.410184
1.0,94,9.411309
1.0,71,9.412168
0.0,100,9.413355
1.0,51,9.413995
1.0,37,9.414465
1.0,96,9.415609
1.0,35,9.416062
1.0,36,9.416522
0.0,100,9.417758
1.0,41,9.418283
1.0,41,9.418797
0.0,100,9.419993
1.0,63,9.420753
1.0,22,9.421059
1.0,67,9.421866
1.0,26,9.422209
1.0,22,9.422505
1.0,31,9.42291
1.0,59,9.423618
1.0,16,9.423845
1.0,24,9.424172
1.0,46,9.424737
1.0,40,9.42524
1.0,65,9.426025
0.0,100,9.427215
1.0,53,9.427868
1.0,30,9.428256
0.0,100,9.429434
1.0,51,9.430067
1.0,41,9.430573
1.0,34,9.431008
1.0,63,9.431765
1.0,43,9.432307
1.0,19,9.43257
1.0,62,9.433325
1.0,48,9.433922
1.0,52,9.434552
1.0,71,9.435407
1.0,81,9.436382
1.0,17,9.436624
1.0,93,9.437731
0.0,100,9.43893
1.0,71,9.439777
1.0,29,9.440161
0.0,100,9.441357
1.0,72,9.442233
1.0,75,9.443144
1.0,69,9.443985
0.0,100,9.445182
0.0,100,9.446378
0.0,100,9.447575
1.0,32,9.447998
1.0,45,9.448558
1.0,8,9.448695
1.0,73,9.449575
1.0,24,9.449905
1.0,23,9.450214
1.0,52,9.45085
1.0,59,9.451576
1.0,70,9.452432
0.0,100,9.453631
1.0,13,9.453828
1.0,30,9.454227
1.0,59,9.45495
1.0,65,9.455731
1.0,14,9.455945
1.0,55,9.456616
1.0,40,9.457163
1.0,13,9.457359
1.0,90,9.458482
1.0,37,9.458959
1.0,35,9.459407
1.0,23,9.459716
1.0,69,9.460566
1.0,31,9.460977
1.0,24,9.461299
1.0,14,9.461504
1.0,17,9.461743
1.0,46,9.462318
1.0,31,9.462721
0.0,100,9.463928
1.0,62,9.464689
0.0,100,9.465891
1.0,39,9.466387
1.0,36,9.466845
1.0,21,9.467142
1.0,55,9.467813
0.0,100,9.46906
1.0,52,9.469704
1.0,71,9.470569
1.0,23,9.470887
1.0,42,9.471412
1.0,43,9.471957
0.0,100,9.473154
1.0,46,9.473725
1.0,45,9.474287
1.0,39,9.474776
0.0,100,9.476011
1.0,86,9.477101
1.0,85,9.478141
1.0,53,9.478787
0.0,100,9.47997
0.0,100,9.481169
1.0,22,9.48147
1.0,69,9.482304
1.0,75,9.483212
1.0,21,9.483502
0.0,100,9.484695
1.0,74,9.48559
1.0,28,9.485966
1.0,27,9.486321
0.0,100,9.487518
0.0,100,9.488708
0.0,100,9.489912
0.0,100,9.491096
0.0,100,9.492276
1.0,64,9.493058
1.0,25,9.493389
1.0,48,9.493989
1.0,32,9.4944
1.0,45,9.494963
1.0,37,9.49543
1.0,21,9.495713
1.0,45,9.496276
1.0,36,9.496726
0.0,100,9.49792
1.0,25,9.498309
1.0,35,9.498753
0.0,100,9.499991
1.0,36,9.500449
1.0,24,9.500767
0.0,100,9.501962
0.0,100,9.503152
1.0,42,9.503678
1.0,9,9.503898
1.0,35,9.50435
1.0,34,9.50478
1.0,20,9.505061
1.0,36,9.505521
1.0,35,9.505972
1.0,42,9.506492
1.0,100,9.507669
0.0,100,9.508935
1.0,20,9.509261
1.0,95,9.510395
1.0,26,9.510739
1.0,8,9.510887
0.0,100,9.512083
1.0,29,9.512463
1.0,22,9.512761
1.0,13,9.512966
1.0,15,9.513185
1.0,30,9.513574
1.0,96,9.514732
1.0,12,9.514927
0.0,100,9.516138
1.0,32,9.516551
0.0,100,9.517792
1.0,14,9.518034
1.0,81,9.519028
1.0,25,9.519363
1.0,33,9.519782
1.0,48,9.520379
1.0,78,9.521327
1.0,31,9.521726
1.0,53,9.522377
1.0,46,9.522959
0.0,100,9.524147
1.0,31,9.524549
1.0,25,9.524891
1.0,17,9.525132
1.0,57,9.525823
0.0,100,9.527016
1.0,60,9.527746
1.0,33,9.528182
1.0,45,9.528745
1.0,43,9.52929
0.0,100,9.530483
1.0,22,9.53078
1.0,37,9.531253
1.0,31,9.531649
0.0,100,9.532839
1.0,49,9.533454
1.0,40,9.533962
1.0,77,9.5349
1.0,13,9.535098
1.0,41,9.535604
1.0,42,9.536131
1.0,27,9.536487
1.0,89,9.537553
1.0,13,9.537749
1.0,53,9.538413
1.0,19,9.538677
1.0,93,9.539784
1.0,43,9.540329
1.0,32,9.540741
0.0,100,9.541986
1.0,26,9.54233
1.0,60,9.543067
0.0,100,9.544278
1.0,18,9.544531
1.0,29,9.544915
1.0,22,9.545214
1.0,10,9.545373
1.0,34,9.545806
1.0,90,9.546884
1.0,40,9.547383
1.0,34,9.547817
1.0,42,9.548347
0.0,100,9.549593
0.0,100,9.550788
1.0,83,9.55179
0.0,100,9.55299
1.0,30,9.55338
0.0,100,9.554585
1.0,88,9.555646
1.0,10,9.555809
1.0,18,9.556069
1.0,66,9.556872
1.0,32,9.557288
1.0,7,9.557414
0.0,100,9.558602
1.0,28,9.558982
1.0,20,9.559257
1.0,60,9.55999
1.0,26,9.560331
1.0,22,9.560626
1.0,16,9.56086
1.0,21,9.561148
1.0,52,9.561784
1.0,85,9.562799
1.0,10,9.562972
1.0,53,9.563625
1.0,26,9.563978
1.0,11,9.564151
1.0,13,9.564344
1.0,34,9.564774
1.0,31,9.565179
1.0,8,9.565317
0.0,100,9.566507
1.0,18,9.56676
0.0,100,9.567956
1.0,26,9.5683
1.0,78,9.569234
1.0,100,9.570421
1.0,11,9.570595
1.0,94,9.571717
1.0,19,9.571992
1.0,15,9.572212
0.0,100,9.573402
1.0,23,9.573711
1.0,36,9.57417
1.0,27,9.574522
1.0,95,9.575644
1.0,22,9.575953
1.0,84,9.576954
1.0,75,9.577845
1.0,45,9.57841
1.0,22,9.578707
1.0,30,9.579104
1.0,82,9.580156
0.0,100,9.581367
1.0,37,9.581837
0.0,100,9.583031
1.0,42,9.583552
1.0,65,9.584385
1.0,24,9.584707
1.0,13,9.584908
1.0,64,9.585674
1.0,18,9.585934
1.0,66,9.58673
1.0,37,9.587207
0.0,100,9.588406
1.0,65,9.589204
1.0,14,9.589411
1.0,16,9.589639
1.0,53,9.590294
1.0,69,9.591125
0.0,100,9.592319
0.0,100,9.593518
1.0,56,9.594212
0.0,100,9.595404
1.0,34,9.595836
1.0,97,9.596992
0.0,100,9.598177
1.0,16,9.598408
1.0,15,9.598628
0.0,100,9.599823
1.0,8,9.599983
1.0,7,9.600113
1.0,62,9.600873
1.0,36,9.601329
1.0,39,9.601815
1.0,45,9.602378
1.0,61,9.603135
1.0,17,9.603378
1.0,91,9.604465
1.0,57,9.605232
1.0,16,9.605469
1.0,76,9.606383
1.0,53,9.607049
1.0,24,9.607373
1.0,60,9.608115
1.0,37,9.608585
1.0,16,9.608814
1.0,35,9.609264
1.0,72,9.610137
0.0,100,9.611327
0.0,100,9.612531
1.0,87,9.613581
1.0,9,9.613733
1.0,67,9.614599
1.0,54,9.615272
1.0,61,9.616026
1.0,63,9.616817
1.0,33,9.617292
1.0,17,9.617535
0.0,100,9.61873
1.0,79,9.619692
1.0,14,9.61993
1.0,47,9.620548
1.0,27,9.62091
0.0,100,9.622102
1.0,29,9.62248
1.0,65,9.623273
0.0,100,9.624463
1.0,78,9.625405
1.0,46,9.625989
0.0,100,9.627174
1.0,38,9.627652
1.0,86,9.628679
1.0,64,9.629462
1.0,43,9.630008
1.0,43,9.630546
1.0,11,9.630717
1.0,52,9.63136
1.0,42,9.631889
0.0,100,9.633072
1.0,53,9.633723
1.0,17,9.633973
1.0,35,9.634415
1.0,75,9.63543
0.0,100,9.636622
0.0,100,9.63782
1.0,18,9.638083
1.0,25,9.638415
1.0,32,9.638825
1.0,90,9.639914
1.0,41,9.640424
0.0,100,9.641617
1.0,71,9.64248
1.0,39,9.642979
0.0,100,9.644176
1.0,90,9.645254
1.0,18,9.645506
0.0,100,9.646697
1.0,50,9.647318
1.0,39,9.647805
0.0,100,9.649003
1.0,63,9.64976
0.0,100,9.650947
1.0,99,9.652134
1.0,51,9.652761
1.0,8,9.652909
1.0,58,9.653615
1.0,41,9.65413
0.0,100,9.655315
1.0,44,9.655873
1.0,22,9.656167
1.0,39,9.656651
1.0,47,9.657238
0.0,100,9.658424
1.0,13,9.658621
1.0,38,9.659111
1.0,10,9.659274
1.0,46,9.65984
0.0,100,9.661044
0.0,100,9.662241
0.0,100,9.663466
1.0,22,9.663766
1.0,35,9.664221
0.0,100,9.665461
1.0,33,9.665893
1.0,52,9.666534
1.0,23,9.666843
1.0,68,9.667714
1.0,30,9.668143
1.0,47,9.668737
0.0,100,9.669934
0.0,100,9.671126
1.0,38,9.671604
1.0,55,9.672279
0.0,100,9.67348
1.0,75,9.67439
1.0,16,9.67462
1.0,77,9.675549
1.0,33,9.675982
1.0,83,9.67697
1.0,35,9.677413
1.0,80,9.678375
0.0,100,9.67957
1.0,10,9.679734
1.0,17,9.679982
1.0,68,9.680908
1.0,93,9.682044
1.0,96,9.683188
1.0,31,9.683588
1.0,17,9.683828
1.0,17,9.684075
1.0,21,9.684362
1.0,66,9.685167
1.0,65,9.685961
1.0,23,9.686267
0.0,100,9.687449
1.0,57,9.688159
0.0,100,9.689363
1.0,55,9.690043
0.0,100,9.691234
1.0,12,9.691419
1.0,18,9.691669
1.0,75,9.692575
1.0,93,9.693688
1.0,70,9.694547
0.0,100,9.695731
1.0,88,9.696776
1.0,26,9.697127
1.0,15,9.697345
1.0,45,9.697914
1.0,21,9.6982
1.0,44,9.698749
0.0,100,9.69996
1.0,41,9.700477
1.0,29,9.700851
1.0,26,9.701198
0.0,100,9.702389
1.0,25,9.702721
1.0,54,9.703399
1.0,26,9.703743
1.0,39,9.704243
1.0,53,9.704906
1.0,55,9.705572
1.0,26,9.705921
1.0,56,9.7066
1.0,78,9.707536
1.0,22,9.707834
0.0,100,9.709043
1.0,55,9.709722
1.0,17,9.709973
1.0,94,9.711088
1.0,23,9.711398
1.0,38,9.711885
1.0,42,9.712409
0.0,100,9.713675
1.0,31,9.714096
1.0,57,9.714796
1.0,97,9.715971
1.0,35,9.716419
0.0,100,9.717607
1.0,18,9.717887
1.0,34,9.718353
0.0,100,9.719552
0.0,100,9.720753
1.0,31,9.721171
1.0,13,9.72137
1.0,72,9.722253
1.0,71,9.723121
1.0,28,9.723488
1.0,43,9.724033
0.0,100,9.725318
1.0,82,9.726305
1.0,12,9.726492
1.0,14,9.726698
0.0,100,9.727916
1.0,23,9.728226
0.0,100,9.729424
1.0,31,9.729829
1.0,38,9.730359
1.0,64,9.731145
1.0,45,9.731706
1.0,7,9.731833
1.0,96,9.73298
1.0,15,9.7332
1.0,62,9.733962
1.0,17,9.734235
1.0,28,9.734632
0.0,100,9.735881
0.0,100,9.737086
1.0,100,9.738285
1.0,48,9.738888
1.0,20,9.739164
1.0,22,9.739461
1.0,81,9.740451
1.0,66,9.741266
1.0,48,9.741877
1.0,53,9.742537
0.0,100,9.743743
1.0,26,9.7441
1.0,13,9.744299
1.0,19,9.744563
1.0,22,9.744869
1.0,34,9.74531
1.0,92,9.746419
1.0,23,9.74673
1.0,26,9.747083
1.0,88,9.748143
1.0,44,9.748697
1.0,41,9.749218
0.0,100,9.750429
1.0,48,9.751034
1.0,29,9.751411
1.0,38,9.751895
1.0,74,9.752794
0.0,100,9.753996
1.0,83,9.754998
1.0,29,9.755379
1.0,82,9.756367
1.0,31,9.756766
1.0,37,9.757245
1.0,10,9.757408
0.0,100,9.758609
1.0,32,9.759032
1.0,8,9.759172
1.0,17,9.759413
1.0,64,9.760196
0.0,100,9.761386
1.0,12,9.761574
1.0,58,9.762291
1.0,64,9.763072
1.0,67,9.763903
1.0,34,9.764345
1.0,51,9.764986
0.0,100,9.766184
1.0,22,9.766484
1.0,60,9.767221
1.0,39,9.767709
1.0,49,9.768317
1.0,21,9.768606
1.0,36,9.769072
1.0,84,9.770082
1.0,49,9.77069
1.0,18,9.770947
1.0,20,9.771221
1.0,92,9.772316
0.0,100,9.773509
1.0,23,9.773822
1.0,20,9.774105
1.0,62,9.774867
1.0,55,9.775547
1.0,54,9.776218
1.0,96,9.777369
1.0,33,9.777793
0.0,100,9.779004
1.0,37,9.779481
1.0,87,9.780541
0.0,100,9.781743
1.0,21,9.782042
1.0,23,9.78235
1.0,81,9.78333
1.0,43,9.783877
1.0,43,9.784413
1.0,32,9.784818
1.0,42,9.785349
1.0,58,9.786082
1.0,27,9.786452
0.0,100,9.787649
1.0,60,9.788389
1.0,84,9.789402
1.0,94,9.790558
1.0,66,9.791409
1.0,20,9.791685
1.0,59,9.792407
1.0,20,9.792683
0.0,100,9.793904
1.0,21,9.794191
1.0,34,9.794624
1.0,28,9.794999
0.0,100,9.796197
1.0,78,9.797148
0.0,100,9.798341
1.0,19,9.798638
1.0,21,9.798955
1.0,39,9.799472
1.0,50,9.800097
1.0,11,9.80027
1.0,48,9.800869
1.0,35,9.80136
1.0,14,9.801566
1.0,19,9.801826
1.0,57,9.802575
1.0,28,9.802952
1.0,24,9.803272
1.0,58,9.803984
1.0,17,9.804224
0.0,100,9.805423
1.0,55,9.806104
1.0,17,9.806346
1.0,32,9.806751
1.0,44,9.80731
1.0,36,9.807766
1.0,16,9.808003
1.0,16,9.808233
1.0,92,9.809335
1.0,82,9.810332
1.0,73,9.811276
0.0,100,9.812477
1.0,60,9.813281
0.0,100,9.814474
1.0,84,9.815488
1.0,29,9.815878
1.0,37,9.816349
1.0,40,9.816845
0.0,100,9.818084
1.0,61,9.818843
1.0,64,9.819626
1.0,42,9.820159
1.0,22,9.820457
1.0,39,9.820954
0.0,100,9.82215
0.0,100,9.823339
1.0,90,9.824418
1.0,23,9.824727
1.0,35,9.825182
0.0,100,9.826386
1.0,59,9.827109
1.0,12,9.827293
1.0,16,9.827523
1.0,46,9.8281
1.0,15,9.828318
1.0,74,9.829211
1.0,15,9.829428
1.0,46,9.830003
0.0,100,9.831188
1.0,92,9.832279
1.0,13,9.832476
1.0,38,9.832962
1.0,64,9.833735
1.0,59,9.834462
1.0,52,9.835111
1.0,19,9.835376
1.0,74,9.836269
0.0,100,9.837457
1.0,87,9.838498
1.0,29,9.838884
1.0,81,9.839844
1.0,75,9.840754
1.0,16,9.840993
1.0,99,9.84217
1.0,72,9.843041
0.0,100,9.844228
1.0,23,9.844536
1.0,20,9.844809
1.0,28,9.845181
1.0,68,9.846005
0.0,100,9.847195
1.0,25,9.847526
1.0,34,9.847964
1.0,20,9.848238
0.0,100,9.849507
0.0,100,9.850698
1.0,15,9.850926
1.0,93,9.852034
1.0,10,9.852197
0.0,100,9.853381
1.0,77,9.854311
1.0,50,9.854928
1.0,19,9.85519
1.0,31,9.855583
1.0,62,9.85634
1.0,82,9.857326
1.0,89,9.85839
1.0,42,9.858921
1.0,49,9.859525
1.0,57,9.860229
1.0,27,9.860584
1.0,83,9.861575
1.0,13,9.86177
1.0,81,9.86274
0.0,100,9.863944
1.0,51,9.864576
0.0,100,9.865773
0.0,100,9.866974
1.0,29,9.867351
1.0,10,9.867513
1.0,21,9.867795
1.0,37,9.868307
1.0,46,9.868882
1.0,97,9.870035
1.0,16,9.870266
1.0,91,9.871351
0.0,100,9.872544
1.0,34,9.872985
1.0,87,9.874021
0.0,100,9.875209
0.0,100,9.8764
0.0,100,9.877601
1.0,25,9.877942
1.0,47,9.878519
1.0,20,9.878794
1.0,27,9.879154
1.0,48,9.879744
0.0,100,9.880936
1.0,59,9.881651
1.0,78,9.882598
1.0,48,9.883199
1.0,44,9.883744
1.0,62,9.884539
1.0,22,9.884836
1.0,19,9.885107
1.0,19,9.88537
0.0,100,9.886555
1.0,25,9.886895
1.0,29,9.887274
1.0,18,9.887524
1.0,18,9.887774
1.0,33,9.888205
1.0,32,9.888617
1.0,43,9.889163
1.0,45,9.889724
1.0,25,9.890064
1.0,30,9.890457
1.0,25,9.890785
1.0,54,9.891459
1.0,25,9.891791
1.0,88,9.892843
1.0,49,9.893502
0.0,100,9.894742
1.0,9,9.894904
1.0,27,9.895261
1.0,17,9.895501
0.0,100,9.896695
0.0,100,9.897891
1.0,20,9.898169
1.0,46,9.898731
1.0,43,9.899275
1.0,35,9.899728
1.0,27,9.90009
0.0,100,9.901279
1.0,15,9.901499
1.0,27,9.901851
1.0,57,9.902551
0.0,100,9.903746
1.0,66,9.904554
1.0,37,9.905034
1.0,64,9.905808
1.0,100,9.907002
1.0,48,9.907595
1.0,38,9.908084
1.0,22,9.908381
1.0,43,9.908921
1.0,43,9.909454
1.0,56,9.910141
1.0,39,9.910633
1.0,75,9.911548
1.0,30,9.911944
1.0,29,9.912322
0.0,100,9.913511
0.0,100,9.914704
0.0,100,9.915984
0.0,100,9.917194
1.0,27,9.917551
1.0,52,9.91825
0.0,100,9.919493
1.0,68,9.920327
1.0,49,9.920946
1.0,53,9.921594
1.0,50,9.922217
1.0,63,9.922993
1.0,50,9.923612
1.0,33,9.924061
1.0,24,9.924385
1.0,27,9.924738
0.0,100,9.925943
1.0,53,9.926591
0.0,100,9.927793
1.0,24,9.928125
0.0,100,9.929324
1.0,49,9.929938
1.0,14,9.930148
1.0,14,9.930355
1.0,94,9.931474
1.0,70,9.932334
1.0,40,9.932837
1.0,62,9.933596
1.0,89,9.934666
1.0,45,9.935236
1.0,28,9.935603
1.0,96,9.936741
0.0,100,9.937943
1.0,25,9.938274
1.0,85,9.9393
1.0,12,9.939487
1.0,54,9.940154
0.0,100,9.941353
0.0,100,9.942548
1.0,28,9.942927
1.0,16,9.943157
1.0,84,9.94417
1.0,86,9.945199
1.0,68,9.946027
0.0,100,9.947225
1.0,58,9.94794
1.0,14,9.948148
1.0,38,9.948624
1.0,14,9.948827
1.0,29,9.949207
1.0,10,9.949368
1.0,23,9.949673
0.0,100,9.950869
1.0,78,9.951798
1.0,68,9.95262
1.0,28,9.952996
1.0,40,9.953495
1.0,55,9.954172
1.0,75,9.955076
0.0,100,9.956265
1.0,55,9.956948
1.0,34,9.957381
1.0,88,9.958471
0.0,100,9.959674
1.0,89,9.960741
1.0,45,9.961304
1.0,66,9.96211
1.0,13,9.962306
1.0,58,9.963018
0.0,100,9.964206
1.0,17,9.964446
1.0,30,9.964833
1.0,66,9.965637
1.0,18,9.965897
1.0,57,9.966588
0.0,100,9.967775
1.0,60,9.968549
1.0,24,9.968899
1.0,16,9.969158
1.0,30,9.969545
0.0,100,9.970739
1.0,100,9.971938
1.0,26,9.972283
1.0,87,9.973328
1.0,41,9.97384
0.0,100,9.975043
0.0,100,9.976309
0.0,100,9.977552
1.0,13,9.977749
0.0,100,9.978946
0.0,100,9.980142
1.0,29,9.980519
1.0,17,9.980759
1.0,25,9.981099
1.0,63,9.981869
1.0,15,9.98209
1.0,53,9.982737
1.0,14,9.982953
1.0,22,9.98325
0.0,100,9.984448
1.0,12,9.984633
1.0,72,9.985502
1.0,17,9.985744
1.0,22,9.986053
1.0,65,9.986845
0.0,100,9.988043
1.0,13,9.98824
1.0,69,9.989076
1.0,23,9.989388
1.0,73,9.990276
1.0,43,9.990814
1.0,22,9.991117
1.0,74,9.992015
1.0,53,9.992673
1.0,26,9.993029
0.0,100,9.994215
1.0,58,9.994934
1.0,14,9.995141
1.0,54,9.995799
1.0,12,9.995992
1.0,25,9.996323
1.0,24,9.996641
1.0,52,9.997292
1.0,56,9.997986
1.0,25,9.99832
1.0,26,9.998662
1.0,12,9.998846
1.0,34,9.999325
1.0,24,9.999646
1.0,19,9.999915
1.0,25,10.000247
1.0,33,10.000672
1.0,29,10.001066
1.0,35,10.001514
1.0,20,10.001791
1.0,18,10.002051
1.0,14,10.002257
1.0,31,10.002657
1.0,25,10.003
1.0,45,10.003563
1.0,25,10.003904
1.0,81,10.004879
1.0,46,10.00545
1.0,42,10.00598
1.0,86,10.007022
1.0,61,10.007767
0.0,100,10.009017
1.0,54,10.009701
1.0,99,10.010906
1.0,44,10.011458
1.0,20,10.011733
0.0,100,10.01294
1.0,61,10.013687
1.0,55,10.014377
1.0,26,10.014724
1.0,49,10.015409
1.0,41,10.015944
1.0,16,10.016178
1.0,47,10.016764
1.0,56,10.01746
1.0,20,10.01774
0.0,100,10.018985
0.0,100,10.020194
1.0,26,10.020541
1.0,43,10.021085
1.0,18,10.021339
1.0,8,10.021477
1.0,79,10.022442
1.0,40,10.022962
1.0,22,10.023263
1.0,54,10.023935
1.0,63,10.024701
1.0,20,10.024987
1.0,54,10.025651
1.0,14,10.025866
0.0,100,10.027644
1.0,10,10.027815
0.0,100,10.029024
1.0,28,10.029395
1.0,9,10.029544
1.0,27,10.029911
1.0,24,10.030234
1.0,86,10.031269
0.0,100,10.03247
0.0,100,10.033669
1.0,88,10.034776
1.0,28,10.035198
1.0,20,10.035476
1.0,26,10.03582
1.0,22,10.036129
1.0,14,10.036339
1.0,86,10.037382
1.0,18,10.037636
1.0,27,10.037997
1.0,59,10.038719
1.0,77,10.039658
1.0,37,10.040143
1.0,72,10.041031
1.0,70,10.041893
1.0,45,10.042455
1.0,52,10.043109
1.0,72,10.04399
1.0,85,10.045013
1.0,59,10.045734
1.0,95,10.046882
1.0,37,10.04735
1.0,19,10.047614
1.0,47,10.048203
1.0,59,10.048926
1.0,50,10.049568
0.0,100,10.050776
1.0,86,10.05182
1.0,64,10.05261
1.0,34,10.053057
1.0,12,10.053243
1.0,54,10.053915
1.0,14,10.054124
1.0,34,10.054557
1.0,65,10.055362
1.0,52,10.056014
1.0,31,10.056417
1.0,92,10.057522
0.0,100,10.058726
1.0,81,10.059743
0.0,100,10.060949
1.0,30,10.061342
1.0,44,10.061903
1.0,12,10.062088
1.0,35,10.062533
1.0,40,10.063053
1.0,39,10.063547
0.0,100,10.064748
1.0,59,10.065481
1.0,47,10.066077
1.0,20,10.066355
1.0,11,10.066526
1.0,51,10.067166
1.0,36,10.067623
1.0,32,10.068045
1.0,31,10.068447
1.0,35,10.068903
0.0,100,10.070099
0.0,100,10.071301
1.0,37,10.071769
1.0,89,10.07285
1.0,13,10.073058
1.0,36,10.073531
0.0,100,10.074744
0.0,100,10.075955
1.0,26,10.0763
1.0,76,10.077226
1.0,35,10.077675
0.0,100,10.078881
0.0,100,10.080115
1.0,80,10.081103
1.0,19,10.081367
1.0,37,10.081836
1.0,8,10.081985
1.0,15,10.082205
1.0,75,10.08311
1.0,17,10.083353
0.0,100,10.084545
1.0,76,10.085479
1.0,28,10.08585
1.0,83,10.086852
1.0,9,10.087013
0.0,100,10.08821
1.0,43,10.08875
1.0,13,10.088955
1.0,19,10.089219
1.0,62,10.089977
1.0,23,10.09029
1.0,21,10.090575
1.0,58,10.091291
1.0,82,10.092279
1.0,53,10.09294
1.0,11,10.093115
1.0,74,10.094018
1.0,23,10.094329
1.0,45,10.094894
0.0,100,10.096085
1.0,79,10.097041
1.0,64,10.097821
0.0,100,10.099021
1.0,53,10.099666
1.0,16,10.099904
0.0,100,10.101126
1.0,16,10.101358
1.0,37,10.101822
1.0,54,10.102485
0.0,100,10.103682
1.0,48,10.104287
0.0,100,10.105496
1.0,88,10.106553
1.0,49,10.107167
1.0,23,10.107477
1.0,17,10.10772
1.0,13,10.107926
1.0,94,10.109061
1.0,23,10.109376
1.0,11,10.109555
1.0,67,10.110377
1.0,26,10.110722
1.0,39,10.111269
1.0,20,10.111547
1.0,90,10.112684
1.0,42,10.113225
1.0,45,10.113785
1.0,55,10.114471
1.0,98,10.115644
1.0,30,10.116106
1.0,45,10.11667
0.0,100,10.117871
1.0,89,10.118937
1.0,21,10.119226
1.0,45,10.119785
1.0,36,10.120253
0.0,100,10.121443
1.0,57,10.122143
1.0,16,10.122373
1.0,64,10.123158
1.0,17,10.123402
1.0,88,10.124462
1.0,21,10.124749
1.0,72,10.125618
1.0,39,10.126116
1.0,29,10.126493
1.0,45,10.127057
1.0,15,10.127277
1.0,16,10.127507
0.0,100,10.12871
1.0,71,10.129577
1.0,45,10.13015
1.0,93,10.131262
1.0,38,10.131746
1.0,24,10.132077
1.0,20,10.132353
1.0,15,10.132571
1.0,74,10.133476
1.0,17,10.133718
1.0,50,10.134343
1.0,93,10.135516
1.0,19,10.135783
0.0,100,10.137053
1.0,85,10.138083
1.0,48,10.138678
1.0,57,10.139384
1.0,39,10.139883
1.0,18,10.140136
0.0,100,10.141323
1.0,63,10.142094
1.0,26,10.14244
1.0,30,10.142828
1.0,53,10.143489
0.0,100,10.144692
1.0,93,10.145812
0.0,100,10.147035
1.0,20,10.147315
1.0,43,10.147846
1.0,17,10.148098
0.0,100,10.1493
1.0,34,10.149738
1.0,39,10.150243
1.0,66,10.151054
1.0,93,10.152171
1.0,16,10.152402
1.0,55,10.153083
1.0,22,10.15338
0.0,100,10.154578
0.0,100,10.155788
0.0,100,10.156997
1.0,54,10.15766
0.0,100,10.158871
1.0,8,10.159013
1.0,30,10.1594
1.0,33,10.159821
0.0,100,10.161023
1.0,80,10.161999
1.0,43,10.162542
0.0,100,10.163736
1.0,31,10.164147
1.0,28,10.164512
1.0,33,10.164947
1.0,98,10.166171
0.0,100,10.167363
1.0,24,10.167686
1.0,27,10.168051
1.0,28,10.168417
0.0,100,10.169612
0.0,100,10.170811
1.0,90,10.171945
1.0,61,10.17268
1.0,58,10.173397
1.0,86,10.174438
1.0,26,10.174784
1.0,44,10.175337
1.0,18,10.175588
1.0,7,10.175713
0.0,100,10.176922
1.0,52,10.177562
0.0,100,10.178765
1.0,82,10.179754
0.0,100,10.180989
1.0,45,10.181569
1.0,73,10.182448
1.0,17,10.182689
0.0,100,10.183894
1.0,37,10.184364
1.0,20,10.184639
0.0,100,10.185832
1.0,18,10.186096
1.0,35,10.186541
1.0,10,10.186706
1.0,12,10.186899
1.0,33,10.187321
1.0,62,10.188081
1.0,12,10.188267
0.0,100,10.18948
1.0,70,10.190333
1.0,39,10.190828
1.0,90,10.191932
1.0,41,10.192449
0.0,100,10.193661
1.0,78,10.194604
1.0,27,10.194969
1.0,85,10.195999
0.0,100,10.197201
1.0,21,10.19749
1.0,40,10.198004
1.0,29,10.198385
1.0,71,10.199259
1.0,97,10.200457
0.0,100,10.201659
1.0,36,10.202126
1.0,36,10.202585
1.0,37,10.203062
1.0,41,10.20358
1.0,69,10.204429
0.0,100,10.205628
1.0,12,10.205814
1.0,52,10.206465
0.0,100,10.207664
1.0,97,10.208839
1.0,35,10.209294
1.0,42,10.20982
1.0,25,10.21016
1.0,17,10.210403
0.0,100,10.21161
1.0,15,10.211831
1.0,83,10.212838
1.0,77,10.213771
1.0,56,10.214474
1.0,22,10.214776
1.0,47,10.215369
1.0,34,10.215807
1.0,72,10.216677
1.0,26,10.217034
1.0,14,10.21724
1.0,17,10.217477
1.0,27,10.217832
1.0,11,10.218014
1.0,51,10.218644
1.0,49,10.219266
1.0,22,10.219621
1.0,92,10.220739
1.0,18,10.221004
1.0,93,10.22212
1.0,45,10.222684
1.0,11,10.222869
1.0,18,10.223125
0.0,100,10.224321
1.0,20,10.224597
1.0,15,10.224814
1.0,62,10.225632
1.0,84,10.226722
0.0,100,10.227931
1.0,67,10.228744
1.0,21,10.22904
1.0,31,10.229441
1.0,9,10.22959
1.0,13,10.229785
0.0,100,10.231018
1.0,23,10.23135
0.0,100,10.232547
1.0,30,10.232946
0.0,100,10.234138
1.0,28,10.234503
1.0,34,10.234965
1.0,35,10.235467
1.0,33,10.235894
1.0,82,10.236885
1.0,29,10.237268
1.0,63,10.238042
1.0,41,10.238554
1.0,91,10.23965
1.0,54,10.240324
1.0,52,10.240975
1.0,71,10.241827
0.0,100,10.243032
1.0,28,10.243397
1.0,38,10.243882
1.0,95,10.245022
1.0,42,10.245551
0.0,100,10.246745
1.0,24,10.247077
1.0,87,10.248128
1.0,75,10.249041
1.0,14,10.249249
1.0,76,10.250176
1.0,70,10.251024
1.0,25,10.251358
1.0,53,10.252011
1.0,51,10.252635
0.0,100,10.253834
1.0,87,10.254887
1.0,20,10.255162
1.0,60,10.2559
1.0,35,10.256345
1.0,56,10.257033
1.0,70,10.257882
1.0,53,10.258528
1.0,48,10.259128
1.0,76,10.26005
0.0,100,10.261245
1.0,20,10.261526
1.0,89,10.2626
1.0,54,10.263273
1.0,19,10.263538
1.0,51,10.264177
1.0,37,10.264645
1.0,40,10.265159
1.0,60,10.265898
0.0,100,10.267083
0.0,100,10.268275
0.0,100,10.269506
1.0,53,10.27016
0.0,100,10.271356
1.0,22,10.271654
1.0,44,10.27221
1.0,8,10.27235
1.0,30,10.272737
1.0,9,10.272894
1.0,22,10.273192
1.0,91,10.274282
0.0,100,10.275491
1.0,27,10.275848
0.0,100,10.277049
0.0,100,10.27825
0.0,100,10.27944
1.0,82,10.28042
1.0,16,10.280652
1.0,42,10.281183
1.0,84,10.282193
0.0,100,10.283389
1.0,52,10.284037
0.0,100,10.285233
1.0,62,10.28599
1.0,32,10.2864
1.0,100,10.287601
1.0,42,10.288139
1.0,35,10.288582
1.0,49,10.289195
1.0,54,10.289862
1.0,34,10.290299
1.0,39,10.290787
0.0,100,10.29203
0.0,100,10.29323
1.0,33,10.293652
1.0,72,10.294525
0.0,100,10.295724
1.0,26,10.296081
1.0,56,10.296766
1.0,88,10.297824
1.0,20,10.298109
1.0,47,10.298692
1.0,18,10.298955
1.0,39,10.299448
1.0,62,10.300202
1.0,18,10.300455
1.0,16,10.300682
0.0,100,10.301931
1.0,38,10.302434
1.0,20,10.302708
1.0,89,10.30378
1.0,41,10.304311
1.0,99,10.305535
1.0,87,10.306626
1.0,29,10.307015
1.0,32,10.307426
0.0,100,10.308629
1.0,20,10.308914
1.0,9,10.309065
1.0,19,10.309328
1.0,19,10.30959
1.0,10,10.30975
1.0,77,10.310683
0.0,100,10.311891
1.0,13,10.312089
1.0,91,10.313187
1.0,38,10.313672
0.0,100,10.314891
1.0,10,10.315055
1.0,14,10.31526
1.0,67,10.316082
1.0,92,10.31719
1.0,65,10.31798
1.0,72,10.318848
0.0,100,10.320053
1.0,37,10.320523
1.0,44,10.321079
1.0,23,10.321391
1.0,16,10.32162
1.0,82,10.322625
1.0,40,10.323141
1.0,20,10.323481
0.0,100,10.324686
1.0,70,10.325542
1.0,20,10.325817
1.0,24,10.326149
1.0,33,10.326571
1.0,22,10.326879
1.0,42,10.327405
1.0,86,10.328438
1.0,35,10.328893
1.0,20,10.32917
1.0,74,10.330071
1.0,31,10.330477
0.0,100,10.331676
1.0,78,10.332627
0.0,100,10.333821
1.0,25,10.334166
0.0,100,10.335368
1.0,87,10.336415
1.0,14,10.336624
1.0,34,10.337066
1.0,10,10.337229
1.0,85,10.338264
1.0,37,10.338729
1.0,32,10.339149
1.0,55,10.339819
1.0,82,10.340851
1.0,68,10.341682
1.0,44,10.342239
0.0,100,10.343441
1.0,76,10.344368
0.0,100,10.34557
1.0,79,10.346532
0.0,100,10.347732
1.0,25,10.348076
1.0,62,10.34883
1.0,19,10.349102
0.0,100,10.350405
1.0,36,10.350872
1.0,82,10.351848
1.0,22,10.352155
1.0,76,10.353072
1.0,29,10.353449
1.0,91,10.354546
0.0,100,10.355744
1.0,19,10.356018
1.0,21,10.356306
1.0,18,10.35656
1.0,34,10.357
1.0,76,10.357919
1.0,93,10.359044
1.0,31,10.359445
1.0,51,10.360084
1.0,15,10.360305
1.0,39,10.360798
1.0,12,10.360991
1.0,65,10.361778
1.0,36,10.362245
1.0,25,10.362579
1.0,45,10.363146
1.0,17,10.363389
1.0,30,10.363777
1.0,46,10.364357
1.0,29,10.364738
0.0,100,10.365942
1.0,39,10.366435
1.0,88,10.367491
0.0,100,10.368694
1.0,80,10.369702
0.0,100,10.370905
1.0,84,10.37192
1.0,64,10.372702
1.0,60,10.373445
0.0,100,10.374643
1.0,17,10.374896
0.0,100,10.376103
1.0,92,10.377215
1.0,24,10.37754
1.0,51,10.378186
1.0,29,10.378566
1.0,29,10.378954
1.0,38,10.379436
0.0,100,10.380646
1.0,62,10.381416
1.0,11,10.381589
1.0,42,10.382126
1.0,73,10.383023
1.0,56,10.383716
1.0,10,10.383889
1.0,9,10.384061
1.0,35,10.384529
1.0,53,10.385244
1.0,18,10.385498
1.0,41,10.386023
0.0,100,10.387227
1.0,83,10.388227
1.0,50,10.388849
1.0,75,10.389759
1.0,80,10.390723
1.0,47,10.391315
1.0,77,10.392248
1.0,53,10.392913
1.0,44,10.393466
1.0,65,10.394316
1.0,44,10.394877
1.0,28,10.395242
1.0,44,10.395784
1.0,12,10.395974
0.0,100,10.397181
0.0,100,10.398383
0.0,100,10.39959
1.0,40,10.400108
1.0,84,10.40112
1.0,24,10.40144
0.0,100,10.402643
1.0,73,10.403537
1.0,48,10.404147
1.0,9,10.404299
1.0,18,10.404549
1.0,29,10.404936
1.0,29,10.405317
1.0,12,10.405501
1.0,41,10.406022
1.0,53,10.406668
1.0,54,10.407333
1.0,36,10.40779
0.0,100,10.409004
1.0,48,10.409598
1.0,25,10.409939
1.0,14,10.410148
1.0,34,10.410581
1.0,85,10.411611
1.0,56,10.412311
1.0,31,10.412712
1.0,8,10.412862
0.0,100,10.414063
1.0,65,10.414863
1.0,50,10.415481
1.0,48,10.416084
1.0,54,10.416745
1.0,8,10.416891
1.0,44,10.417438
0.0,100,10.418638
1.0,27,10.419003
1.0,33,10.41943
1.0,36,10.419897
1.0,53,10.420555
1.0,34,10.421001
1.0,45,10.421567
0.0,100,10.42277
1.0,58,10.423493
1.0,90,10.424646
1.0,46,10.425229
1.0,94,10.426357
0.0,100,10.427568
1.0,56,10.42827
1.0,66,10.429087
1.0,82,10.43009
1.0,43,10.430627
0.0,100,10.431837
1.0,69,10.432676
1.0,57,10.433388
1.0,68,10.434227
1.0,27,10.434582
1.0,52,10.435281
0.0,100,10.436493
1.0,74,10.4374
0.0,100,10.438606
1.0,12,10.438792
1.0,62,10.439556
0.0,100,10.440764
1.0,25,10.441109
1.0,19,10.441374
1.0,100,10.442588
1.0,49,10.443212
1.0,48,10.443811
1.0,24,10.444141
1.0,48,10.444738
1.0,11,10.444921
1.0,52,10.445557
1.0,94,10.446687
1.0,27,10.447051
1.0,25,10.447384
1.0,30,10.447773
1.0,33,10.448205
1.0,32,10.448615
1.0,49,10.44923
1.0,54,10.449909
1.0,16,10.450138
1.0,66,10.450945
1.0,45,10.45151
1.0,60,10.452253
1.0,63,10.453023
1.0,28,10.453387
1.0,36,10.453841
0.0,100,10.455044
1.0,44,10.455592
1.0,58,10.456305
1.0,40,10.456806
1.0,35,10.457259
1.0,33,10.457685
1.0,9,10.457833
1.0,81,10.458818
1.0,75,10.459775
1.0,96,10.460942
1.0,94,10.462073
0.0,100,10.463279
0.0,100,10.464483
1.0,15,10.464704
1.0,24,10.465032
1.0,50,10.465651
1.0,44,10.466207
1.0,66,10.467011
1.0,31,10.467412
1.0,64,10.468192
1.0,24,10.46851
1.0,79,10.469502
1.0,25,10.469832
0.0,100,10.471044
0.0,100,10.472242
1.0,34,10.472678
1.0,41,10.473203
1.0,21,10.473489
1.0,46,10.474064
1.0,43,10.474609
1.0,92,10.475712
1.0,86,10.476749
1.0,19,10.477095
1.0,63,10.478001
1.0,32,10.478459
1.0,24,10.478776
1.0,34,10.479218
1.0,54,10.479887
1.0,51,10.480514
1.0,38,10.481004
1.0,20,10.481282
1.0,30,10.481672
1.0,80,10.482642
1.0,28,10.483018
1.0,9,10.483169
1.0,37,10.483634
1.0,23,10.483948
1.0,24,10.484272
0.0,100,10.48547
1.0,95,10.486611
0.0,100,10.487817
1.0,27,10.48819
1.0,68,10.489033
1.0,18,10.489288
1.0,58,10.490011
1.0,99,10.491199
1.0,47,10.491786
0.0,100,10.492995
1.0,79,10.493955
0.0,100,10.495163
1.0,80,10.496131
1.0,20,10.496407
1.0,67,10.497224
1.0,47,10.49781
0.0,100,10.49902
1.0,31,10.499424
0.0,100,10.500649
1.0,11,10.500825
1.0,20,10.501107
1.0,28,10.501472
1.0,27,10.501829
1.0,11,10.502013
1.0,32,10.502426
1.0,15,10.502645
1.0,47,10.503237
1.0,39,10.503729
0.0,100,10.504938
1.0,15,10.505158
1.0,32,10.505569
1.0,9,10.505719
0.0,100,10.506929
0.0,100,10.508135
1.0,90,10.509236
0.0,100,10.510539
1.0,61,10.51129
1.0,9,10.511441
1.0,63,10.512209
1.0,55,10.512888
1.0,51,10.513515
1.0,70,10.514371
1.0,51,10.515005
0.0,100,10.516197
1.0,35,10.516641
1.0,44,10.517199
1.0,59,10.517928
1.0,17,10.518171
1.0,52,10.518804
1.0,88,10.519891
0.0,100,10.521087
0.0,100,10.522279
1.0,69,10.523118
1.0,32,10.523529
0.0,100,10.524719
1.0,29,10.525107
1.0,69,10.525944
1.0,34,10.526379
0.0,100,10.527649
1.0,79,10.528619
1.0,16,10.528861
1.0,36,10.529325
1.0,13,10.529522
0.0,100,10.530718
1.0,49,10.531331
1.0,23,10.531641
0.0,100,10.532835
1.0,42,10.533415
1.0,80,10.534374
1.0,30,10.534759
1.0,46,10.535337
1.0,24,10.535669
1.0,81,10.536653
1.0,12,10.536839
1.0,27,10.537199
0.0,100,10.538399
1.0,81,10.539372
0.0,100,10.540566
1.0,34,10.541014
1.0,38,10.541497
1.0,27,10.54185
1.0,59,10.542577
1.0,34,10.543022
1.0,57,10.543717
1.0,55,10.544394
1.0,14,10.544601
0.0,100,10.545801
1.0,51,10.546436
1.0,92,10.547546
1.0,46,10.548129
0.0,100,10.549328
1.0,16,10.549558
1.0,57,10.550262
1.0,31,10.550669
1.0,54,10.551339
1.0,67,10.552159
1.0,33,10.552581
1.0,12,10.552765
1.0,40,10.553277
1.0,37,10.553745
1.0,10,10.553915
1.0,28,10.554281
1.0,54,10.554952
0.0,100,10.556144
1.0,28,10.556512
1.0,79,10.557466
0.0,100,10.558657
1.0,64,10.559447
1.0,13,10.559643
1.0,65,10.560442
1.0,88,10.561501
1.0,20,10.561779
1.0,29,10.562165
1.0,31,10.562568
1.0,17,10.562809
0.0,100,10.564026
1.0,21,10.564318
1.0,71,10.565196
1.0,34,10.565628
1.0,42,10.566161
1.0,37,10.56663
1.0,11,10.566803
1.0,81,10.567782
1.0,26,10.568138
0.0,100,10.569344
1.0,60,10.570086
1.0,78,10.57103
1.0,14,10.571237
1.0,37,10.571703
1.0,26,10.572055
1.0,60,10.572784
1.0,99,10.573981
1.0,84,10.575005
1.0,12,10.575191
1.0,94,10.576314
1.0,13,10.576512
0.0,100,10.577708
1.0,30,10.578105
1.0,21,10.578392
0.0,100,10.579584
1.0,20,10.579869
1.0,18,10.580123
1.0,59,10.580904
1.0,23,10.58124
0.0,100,10.582424
1.0,20,10.5827
1.0,54,10.58337
0.0,100,10.584558
1.0,19,10.584823
1.0,75,10.585778
1.0,13,10.585984
1.0,52,10.586621
1.0,11,10.586793
1.0,12,10.586984
1.0,25,10.587313
1.0,51,10.587947
1.0,50,10.588562
1.0,16,10.588789
1.0,14,10.589004
0.0,100,10.590201
1.0,31,10.590602
0.0,100,10.591799
1.0,61,10.592546
1.0,47,10.593136
0.0,100,10.594331
1.0,36,10.594785
1.0,13,10.594989
1.0,53,10.595637
0.0,100,10.59684
1.0,32,10.597258
1.0,71,10.598119
1.0,38,10.598605
1.0,50,10.599234
1.0,41,10.599745
1.0,30,10.600142
1.0,43,10.600706
1.0,75,10.601663
0.0,100,10.602871
1.0,71,10.603728
1.0,25,10.604069
0.0,100,10.605266
1.0,24,10.605586
1.0,25,10.605924
1.0,51,10.60655
1.0,62,10.607314
1.0,69,10.608153
1.0,44,10.608701
1.0,37,10.609179
0.0,100,10.610383
1.0,46,10.610964
1.0,28,10.611333
1.0,38,10.611814
1.0,27,10.612175
1.0,70,10.613035
1.0,40,10.613549
1.0,72,10.614422
1.0,92,10.615568
1.0,80,10.61658
0.0,100,10.617813
1.0,86,10.61886
1.0,26,10.619204
1.0,49,10.619806
0.0,100,10.621004
1.0,53,10.621656
1.0,57,10.62236
1.0,46,10.622945
1.0,28,10.623312
1.0,94,10.624442
0.0,100,10.625637
0.0,100,10.626841
1.0,51,10.627539
1.0,92,10.628653
1.0,59,10.62938
1.0,54,10.63005
1.0,51,10.630672
1.0,22,10.630979
0.0,100,10.632166
1.0,42,10.632689
1.0,19,10.632961
1.0,9,10.63311
1.0,24,10.633428
1.0,42,10.633965
0.0,100,10.635163
1.0,37,10.635651
1.0,67,10.636564
0.0,100,10.637767
1.0,67,10.638586
1.0,43,10.639137
1.0,30,10.63953
0.0,100,10.640727
0.0,100,10.641938
0.0,100,10.64314
0.0,100,10.644339
1.0,30,10.644728
1.0,56,10.645417
0.0,100,10.646622
1.0,47,10.647215
1.0,10,10.647378
1.0,28,10.647743
1.0,42,10.648273
1.0,13,10.648468
1.0,26,10.64881
1.0,32,10.649229
1.0,80,10.650194
1.0,12,10.650378
0.0,100,10.651574
0.0,100,10.652775
1.0,19,10.653052
1.0,21,10.653339
1.0,83,10.654344
1.0,35,10.654794
1.0,17,10.655045
1.0,48,10.655642
1.0,60,10.656384
1.0,15,10.656605
1.0,92,10.657725
1.0,86,10.658774
1.0,97,10.659951
1.0,80,10.660928
1.0,60,10.661654
1.0,46,10.662233
1.0,53,10.662884
1.0,15,10.663103
1.0,52,10.663738
1.0,46,10.664313
1.0,32,10.664726
1.0,61,10.665477
1.0,39,10.666002
1.0,48,10.666613
1.0,46,10.667192
1.0,62,10.667957
1.0,55,10.668629
1.0,38,10.669111
1.0,38,10.669587
1.0,20,10.669868
1.0,17,10.670111
1.0,7,10.670236
1.0,75,10.671148
0.0,100,10.672346
1.0,42,10.672886
0.0,100,10.674092
1.0,31,10.674499
1.0,45,10.675075
1.0,56,10.675774
0.0,100,10.676994
1.0,42,10.677532
0.0,100,10.678735
1.0,34,10.679182
0.0,100,10.680381
0.0,100,10.68163
0.0,100,10.68288
1.0,76,10.683797
0.0,100,10.685004
1.0,35,10.685451
1.0,27,10.685805
0.0,100,10.686996
1.0,14,10.687201
0.0,100,10.688391
1.0,24,10.68871
1.0,45,10.689282
1.0,85,10.690355
1.0,33,10.690782
1.0,51,10.691419
1.0,49,10.692034
1.0,11,10.692208
1.0,19,10.692474
1.0,38,10.692967
1.0,76,10.693901
0.0,100,10.695118
0.0,100,10.69633
1.0,31,10.696735
1.0,61,10.697485
1.0,11,10.697659
0.0,100,10.698859
1.0,29,10.699238
0.0,100,10.700444
1.0,47,10.701037
1.0,7,10.701165
1.0,41,10.701681
1.0,11,10.701859
0.0,100,10.703054
1.0,39,10.703547
0.0,100,10.704746
1.0,14,10.704963
1.0,18,10.705216
1.0,18,10.705464
1.0,19,10.705729
1.0,27,10.706093
1.0,45,10.706649
1.0,14,10.706861
1.0,47,10.707438
0.0,100,10.708642
1.0,17,10.708896
1.0,40,10.709404
1.0,33,10.709824
1.0,25,10.710164
1.0,27,10.710519
1.0,13,10.710714
1.0,21,10.711006
1.0,89,10.712093
1.0,12,10.71228
1.0,25,10.712611
1.0,80,10.713581
1.0,15,10.713799
1.0,83,10.714791
1.0,55,10.715472
0.0,100,10.716681
0.0,100,10.717901
1.0,27,10.71826
1.0,40,10.718767
1.0,43,10.719315
1.0,78,10.720265
1.0,39,10.720756
1.0,21,10.72105
1.0,51,10.721677
1.0,68,10.722511
1.0,47,10.723106
1.0,74,10.724003
1.0,59,10.724723
0.0,100,10.725986
1.0,24,10.726332
1.0,13,10.726528
1.0,89,10.727611
1.0,32,10.728103
1.0,33,10.728535
1.0,38,10.729026
0.0,100,10.730237
1.0,57,10.730946
0.0,100,10.732186
1.0,24,10.732511
1.0,11,10.732684
0.0,100,10.733891
1.0,57,10.734591
1.0,13,10.734786
1.0,24,10.73512
0.0,100,10.736407
1.0,34,10.736846
0.0,100,10.738058
1.0,29,10.738438
1.0,32,10.738862
1.0,14,10.739072
1.0,36,10.73953
1.0,49,10.740143
0.0,100,10.74134
1.0,24,10.741663
0.0,100,10.742872
1.0,60,10.743608
0.0,100,10.744812
1.0,98,10.745998
1.0,61,10.746746
1.0,47,10.747334
0.0,100,10.748524
0.0,100,10.749725
1.0,44,10.750284
0.0,100,10.751479
1.0,27,10.751841
1.0,47,10.752432
1.0,15,10.75265
1.0,40,10.753159
0.0,100,10.754347
1.0,24,10.754667
1.0,21,10.754962
1.0,69,10.755798
1.0,22,10.756106
0.0,100,10.757303
1.0,14,10.757513
1.0,57,10.758217
1.0,68,10.759052
1.0,33,10.75948
1.0,57,10.760184
1.0,79,10.761137
1.0,34,10.761572
1.0,30,10.761968
1.0,41,10.762483
1.0,22,10.76278
0.0,100,10.76399
1.0,8,10.76413
1.0,21,10.764415
1.0,20,10.764691
1.0,63,10.765462
1.0,22,10.765762
1.0,48,10.766364
1.0,19,10.766628
1.0,14,10.766833
0.0,100,10.768038
1.0,35,10.768489
1.0,74,10.769398
1.0,83,10.770461
1.0,25,10.770794
1.0,85,10.771825
0.0,100,10.773036
1.0,45,10.773601
1.0,73,10.774495
1.0,37,10.774976
1.0,28,10.775344
0.0,100,10.776539
0.0,100,10.77774
1.0,23,10.77806
1.0,23,10.77837
1.0,19,10.778634
1.0,63,10.779407
0.0,100,10.780603
0.0,100,10.781807
1.0,42,10.782341
1.0,23,10.782652
1.0,67,10.783466
1.0,33,10.783897
1.0,62,10.784653
1.0,69,10.785484
0.0,100,10.78668
1.0,38,10.78722
1.0,69,10.788075
1.0,49,10.788683
1.0,23,10.789001
1.0,56,10.78968
1.0,65,10.790476
1.0,46,10.791055
1.0,85,10.792074
1.0,11,10.792247
1.0,30,10.792634
1.0,48,10.793236
0.0,100,10.794425
1.0,99,10.795608
1.0,84,10.796623
0.0,100,10.797817
1.0,16,10.798055
0.0,100,10.799258
1.0,91,10.800354
0.0,100,10.801556
1.0,14,10.801765
1.0,98,10.803025
1.0,49,10.803658
1.0,13,10.803859
1.0,31,10.804261
1.0,30,10.804652
1.0,36,10.805118
1.0,20,10.805391
1.0,26,10.805731
1.0,16,10.805968
1.0,64,10.806747
1.0,71,10.807602
0.0,100,10.808795
1.0,45,10.809363
1.0,91,10.810455
0.0,100,10.811654
1.0,15,10.811882
1.0,55,10.812553
1.0,46,10.813135
1.0,14,10.813343
1.0,78,10.814294
1.0,15,10.814511
1.0,35,10.814965
1.0,74,10.815851
1.0,49,10.816463
1.0,46,10.817048
1.0,30,10.817437
1.0,64,10.818219
1.0,69,10.819058
1.0,40,10.819563
1.0,57,10.820272
1.0,47,10.820864
1.0,46,10.821435
1.0,26,10.821777
1.0,78,10.822731
1.0,50,10.823358
1.0,28,10.823725
1.0,36,10.824186
1.0,9,10.824339
1.0,26,10.824681
1.0,49,10.825292
1.0,87,10.826333
1.0,22,10.826633
1.0,23,10.826949
1.0,38,10.827428
1.0,27,10.827784
1.0,33,10.828271
1.0,54,10.828945
0.0,100,10.830134
0.0,100,10.831338
1.0,60,10.832075
1.0,33,10.832499
0.0,100,10.833701
1.0,43,10.834247
1.0,74,10.835143
1.0,49,10.835761
1.0,19,10.836058
1.0,46,10.836651
1.0,15,10.836895
1.0,67,10.83773
1.0,29,10.838117
0.0,100,10.839315
1.0,29,10.839694
1.0,75,10.8407
1.0,23,10.841024
0.0,100,10.842225
1.0,67,10.843049
1.0,80,10.844023
1.0,49,10.844631
1.0,20,10.844915
1.0,53,10.845568
1.0,81,10.84655
1.0,72,10.847425
0.0,100,10.848626
0.0,100,10.849851
1.0,47,10.850475
1.0,70,10.851379
1.0,47,10.851972
1.0,42,10.852497
1.0,31,10.852908
0.0,100,10.854113
1.0,54,10.854769
1.0,11,10.854949
0.0,100,10.856154
1.0,72,10.857029
1.0,52,10.857667
1.0,42,10.8582
1.0,43,10.858732
1.0,53,10.859386
1.0,33,10.859809
1.0,47,10.860395
1.0,28,10.860762
1.0,50,10.861383
0.0,100,10.862571
1.0,26,10.862928
1.0,88,10.863978
1.0,10,10.864141
1.0,80,10.865107
1.0,44,10.865655
1.0,65,10.866447
1.0,62,10.867202
1.0,72,10.868078
0.0,100,10.86928
1.0,86,10.870363
1.0,28,10.870733
1.0,50,10.871392
1.0,79,10.872348
1.0,20,10.872623
1.0,67,10.873439
1.0,71,10.874308
1.0,99,10.8755
1.0,19,10.875768
1.0,55,10.876451
1.0,50,10.877073
1.0,80,10.878043
1.0,60,10.878772
1.0,27,10.879135
1.0,72,10.880019
1.0,47,10.880605
1.0,46,10.881181
0.0,100,10.882373
1.0,25,10.882705
1.0,54,10.883375
1.0,26,10.883721
1.0,23,10.88404
1.0,22,10.88434
1.0,58,10.885088
1.0,17,10.885346
0.0,100,10.886538
0.0,100,10.887732
1.0,27,10.888093
1.0,33,10.888513
1.0,98,10.88968
1.0,50,10.890347
1.0,38,10.89083
0.0,100,10.892033
1.0,41,10.892549
1.0,70,10.893402
1.0,6,10.89352
1.0,65,10.894355
0.0,100,10.895575
1.0,82,10.896574
1.0,28,10.89695
1.0,43,10.897493
1.0,76,10.898423
1.0,29,10.898806
1.0,71,10.899678
1.0,73,10.900569
1.0,15,10.90079
1.0,19,10.901065
0.0,100,10.902282
1.0,14,10.902491
1.0,19,10.902756
1.0,22,10.903068
0.0,100,10.904276
0.0,100,10.905473
0.0,100,10.906689
1.0,25,10.907033
1.0,11,10.907208
1.0,53,10.907865
1.0,57,10.908567
1.0,43,10.909121
1.0,13,10.909319
1.0,24,10.90964
1.0,16,10.909877
0.0,100,10.911086
1.0,7,10.911216
1.0,95,10.912361
1.0,36,10.912823
1.0,34,10.91327
1.0,39,10.913765
1.0,62,10.914531
1.0,16,10.914762
1.0,24,10.915092
1.0,84,10.91611
1.0,45,10.916672
1.0,23,10.916991
1.0,34,10.917428
1.0,61,10.918176
1.0,52,10.918818
1.0,40,10.919376
1.0,23,10.919689
1.0,40,10.920207
0.0,100,10.921417
1.0,38,10.921912
1.0,22,10.922212
1.0,51,10.922842
1.0,45,10.923414
1.0,15,10.923633
0.0,100,10.924833
1.0,58,10.925549
1.0,39,10.926052
1.0,30,10.926443
1.0,53,10.927108
0.0,100,10.928314
0.0,100,10.929511
1.0,95,10.930658
1.0,29,10.93111
1.0,37,10.931587
0.0,100,10.932801
1.0,64,10.933595
1.0,9,10.933747
1.0,47,10.934334
1.0,62,10.935098
1.0,33,10.935522
1.0,15,10.93574
1.0,70,10.936602
1.0,83,10.937614
0.0,100,10.938819
1.0,96,10.939975
0.0,100,10.941176
0.0,100,10.94237
1.0,28,10.942738
1.0,17,10.942991
1.0,85,10.944017
1.0,17,10.944261
1.0,30,10.944648
1.0,63,10.945424
1.0,11,10.945597
1.0,52,10.946244
1.0,13,10.946439
1.0,36,10.946903
1.0,56,10.947586
1.0,23,10.947904
1.0,26,10.948248
1.0,34,10.948682
0.0,100,10.949927
1.0,32,10.950426
0.0,100,10.951691
1.0,42,10.952233
1.0,22,10.952533
1.0,36,10.953002
1.0,15,10.953221
1.0,9,10.95337
0.0,100,10.954568
1.0,44,10.955129
0.0,100,10.956333
1.0,39,10.956828
1.0,13,10.957033
1.0,20,10.957308
1.0,81,10.958287
1.0,40,10.958784
0.0,100,10.960019
1.0,29,10.960397
1.0,73,10.96128
1.0,62,10.962043
1.0,28,10.962408
1.0,83,10.963406
1.0,82,10.964393
1.0,58,10.965107
1.0,16,10.965339
1.0,14,10.965545
1.0,45,10.966109
1.0,57,10.966802
1.0,60,10.967538
0.0,100,10.968742
1.0,40,10.969258
1.0,26,10.969603
1.0,38,10.97011
1.0,12,10.970311
1.0,40,10.970814
0.0,100,10.972018
1.0,100,10.97323
1.0,18,10.973486
1.0,45,10.974058
1.0,72,10.974939
1.0,62,10.975697
1.0,70,10.976553
1.0,30,10.976952
0.0,100,10.978188
1.0,34,10.978622
1.0,27,10.979006
1.0,45,10.979584
1.0,34,10.980026
1.0,16,10.980256
0.0,100,10.981449
1.0,25,10.981782
1.0,30,10.982178
1.0,29,10.982554
1.0,48,10.983154
1.0,73,10.984041
1.0,83,10.985036
1.0,38,10.985526
1.0,18,10.985779
0.0,100,10.986971
1.0,86,10.987993
1.0,29,10.988373
1.0,89,10.989446
1.0,21,10.989732
1.0,31,10.990142
1.0,41,10.990654
0.0,100,10.991849
1.0,14,10.992068
1.0,50,10.992689
1.0,46,10.99327
1.0,61,10.994024
1.0,78,10.994979
1.0,31,10.995387
1.0,16,10.995616
1.0,57,10.996329
1.0,25,10.99666
0.0,100,10.997863
1.0,82,10.998844
1.0,38,10.999328
1.0,40,10.999831
1.0,71,11.000695
1.0,35,11.001153
1.0,33,11.001576
0.0,100,11.002769
1.0,94,11.003919
1.0,52,11.004554
1.0,83,11.005547
1.0,66,11.00636
1.0,84,11.007362
0.0,100,11.008569
1.0,23,11.008888
1.0,16,11.009117
1.0,75,11.010059
1.0,57,11.010783
1.0,16,11.01102
1.0,12,11.011206
1.0,56,11.0119
1.0,76,11.012818
1.0,49,11.013433
1.0,18,11.013688
0.0,100,11.014897
1.0,89,11.015971
1.0,26,11.016317
1.0,31,11.016714
1.0,12,11.016905
1.0,29,11.017284
1.0,22,11.017581
1.0,7,11.017707
1.0,60,11.018444
1.0,69,11.019295
1.0,82,11.020296
1.0,52,11.020948
1.0,25,11.021283
1.0,93,11.0224
1.0,60,11.023139
1.0,39,11.023632
1.0,46,11.024209
1.0,95,11.025357
1.0,39,11.02586
1.0,66,11.026656
1.0,45,11.027226
0.0,100,11.028425
1.0,84,11.02943
1.0,63,11.03021
1.0,33,11.030632
1.0,38,11.031123
1.0,79,11.032144
0.0,100,11.033335
1.0,46,11.033917
1.0,33,11.034347
0.0,100,11.035634
1.0,21,11.035953
1.0,56,11.036686
1.0,11,11.036865
1.0,75,11.037767
1.0,85,11.038787
1.0,78,11.039734
1.0,10,11.039906
1.0,17,11.040148
0.0,100,11.041344
0.0,100,11.042546
1.0,61,11.043305
1.0,46,11.043887
1.0,22,11.044188
1.0,22,11.044489
1.0,19,11.044753
1.0,53,11.045409
0.0,100,11.046606
1.0,43,11.047151
0.0,100,11.048357
1.0,71,11.049228
1.0,10,11.049391
1.0,43,11.049938
1.0,65,11.050729
1.0,52,11.051378
0.0,100,11.052581
1.0,89,11.053654
1.0,41,11.05418
1.0,72,11.055052
1.0,43,11.055593
1.0,20,11.055879
1.0,29,11.056257
1.0,57,11.056964
1.0,42,11.057492
1.0,37,11.057974
1.0,28,11.05834
1.0,24,11.05866
1.0,9,11.058808
1.0,22,11.059114
1.0,28,11.059482
1.0,50,11.060108
0.0,100,11.061316
1.0,94,11.062449
1.0,23,11.062759
0.0,100,11.063975
1.0,81,11.064962
1.0,37,11.065434
1.0,28,11.0658
1.0,32,11.066219
1.0,29,11.066597
1.0,91,11.067694
1.0,15,11.067922
1.0,15,11.06814
1.0,20,11.068415
0.0,100,11.069613
1.0,45,11.070183
1.0,81,11.071166
1.0,18,11.071422
1.0,33,11.071843
1.0,26,11.072196
0.0,100,11.073412
1.0,24,11.073737
1.0,39,11.074237
1.0,33,11.074662
1.0,12,11.074845
0.0,100,11.076051
0.0,100,11.077247
1.0,38,11.07773
0.0,100,11.078998
1.0,32,11.079431
0.0,100,11.080619
1.0,29,11.081025
1.0,34,11.081476
1.0,44,11.08203
1.0,85,11.083062
1.0,10,11.083229
1.0,46,11.083796
1.0,10,11.083966
0.0,100,11.085162
0.0,100,11.086351
1.0,84,11.087367
0.0,100,11.088563
1.0,12,11.08875
1.0,39,11.089246
1.0,29,11.089622
1.0,26,11.089973
1.0,35,11.090419
0.0,100,11.091599
1.0,61,11.092355
1.0,10,11.092517
1.0,81,11.093498
1.0,31,11.093907
1.0,96,11.095052
1.0,55,11.095727
1.0,32,11.096149
0.0,100,11.09736
1.0,14,11.097567
1.0,20,11.09784
1.0,55,11.098526
1.0,77,11.099466
1.0,68,11.100301
0.0,100,11.101532
1.0,21,11.101819
0.0,100,11.103074
1.0,49,11.103682
0.0,100,11.1049
0.0,100,11.106108
1.0,47,11.106698
0.0,100,11.107911
1.0,31,11.108314
1.0,30,11.108705
1.0,29,11.109094
1.0,11,11.109267
0.0,100,11.110457
1.0,54,11.111134
1.0,10,11.111296
1.0,22,11.111592
0.0,100,11.1128
1.0,10,11.112974
1.0,21,11.113264
1.0,24,11.113584
1.0,75,11.114498
0.0,100,11.115696
1.0,65,11.116547
1.0,56,11.11725
1.0,32,11.117663
0.0,100,11.118876
0.0,100,11.120069
1.0,65,11.120868
1.0,70,11.121752
1.0,57,11.122452
0.0,100,11.123667
1.0,20,11.123956
1.0,41,11.124474
1.0,49,11.125093
1.0,39,11.125586
1.0,58,11.126305
1.0,53,11.126965
0.0,100,11.128168
1.0,42,11.128699
1.0,48,11.129307
1.0,27,11.129667
1.0,56,11.130374
1.0,47,11.13097
1.0,62,11.131731
1.0,32,11.132152
0.0,100,11.13335
1.0,34,11.133862
1.0,87,11.134934
1.0,66,11.135744
1.0,69,11.136634
1.0,15,11.13688
1.0,20,11.13721
1.0,31,11.13761
1.0,15,11.137839
1.0,78,11.138791
0.0,100,11.140009
1.0,19,11.140278
1.0,31,11.140676
1.0,76,11.141605
1.0,97,11.14277
1.0,26,11.143129
1.0,36,11.143587
1.0,20,11.143871
1.0,14,11.144081
1.0,59,11.144806
1.0,40,11.145322
1.0,16,11.145553
1.0,27,11.145915
1.0,66,11.146724
1.0,65,11.147524
0.0,100,11.148739
1.0,53,11.149406
1.0,24,11.149729
1.0,26,11.150082
1.0,27,11.150449
1.0,36,11.150918
0.0,100,11.152118
1.0,57,11.152824
1.0,20,11.15311
1.0,12,11.153295
1.0,83,11.154301
1.0,23,11.154612
1.0,26,11.154966
1.0,90,11.156062
1.0,61,11.156815
1.0,34,11.157259
1.0,36,11.157723
1.0,56,11.158418
0.0,100,11.159624
1.0,23,11.159945
0.0,100,11.161142
1.0,98,11.162334
1.0,28,11.162703
1.0,39,11.163206
1.0,55,11.163895
1.0,40,11.164402
1.0,49,11.165016
1.0,20,11.165293
1.0,33,11.165715
0.0,100,11.166941
1.0,46,11.167542
1.0,49,11.168158
0.0,100,11.169363
1.0,64,11.170152
1.0,29,11.170533
1.0,97,11.171702
1.0,6,11.171819
1.0,45,11.172384
1.0,11,11.172558
1.0,50,11.173182
1.0,38,11.173663
1.0,67,11.174479
1.0,70,11.175333
1.0,13,11.175529
1.0,10,11.175689
1.0,41,11.176255
1.0,28,11.17662
1.0,36,11.177088
1.0,15,11.177307
0.0,100,11.178502
0.0,100,11.179701
1.0,92,11.180809
1.0,39,11.18131
1.0,32,11.181722
1.0,35,11.182269
1.0,10,11.182432
0.0,100,11.183635
1.0,23,11.183957
1.0,17,11.1842
1.0,80,11.185164
1.0,53,11.185824
1.0,35,11.186276
1.0,18,11.186533
1.0,88,11.18759
0.0,100,11.188792
1.0,13,11.189
1.0,28,11.189369
1.0,10,11.189528
1.0,73,11.190461
1.0,31,11.19086
1.0,67,11.191677
1.0,67,11.192494
1.0,44,11.193057
1.0,19,11.193321
1.0,43,11.193862
1.0,86,11.1949
1.0,55,11.195573
0.0,100,11.196764
1.0,21,11.19706
1.0,38,11.197535
1.0,16,11.197763
1.0,7,11.197898
1.0,27,11.198251
0.0,100,11.199444
1.0,50,11.200066
1.0,74,11.20096
1.0,47,11.201541
0.0,100,11.202748
1.0,76,11.203677
1.0,31,11.204092
0.0,100,11.205302
1.0,55,11.205995
1.0,23,11.206306
1.0,52,11.206955
1.0,13,11.207151
1.0,38,11.207629
1.0,31,11.208039
1.0,49,11.208646
1.0,41,11.209166
1.0,35,11.209612
1.0,78,11.210559
1.0,15,11.210778
1.0,82,11.211767
1.0,29,11.212153
0.0,100,11.213369
1.0,18,11.213626
1.0,23,11.213946
0.0,100,11.215148
1.0,47,11.215736
1.0,41,11.21626
1.0,65,11.217074
1.0,71,11.217946
1.0,27,11.218304
1.0,62,11.219069
1.0,89,11.220146
0.0,100,11.221353
1.0,33,11.22178
1.0,36,11.222248
1.0,58,11.22297
1.0,75,11.223888
1.0,35,11.224332
0.0,100,11.225532
1.0,32,11.225955
1.0,23,11.226327
1.0,19,11.226605
1.0,26,11.226979
1.0,13,11.227201
1.0,23,11.227511
1.0,35,11.227973
1.0,69,11.2288
1.0,13,11.229006
1.0,26,11.229354
1.0,52,11.229998
1.0,28,11.230364
1.0,49,11.230975
0.0,100,11.232207
1.0,24,11.232531
1.0,58,11.233241
1.0,17,11.233484
1.0,24,11.233873
0.0,100,11.235086
1.0,70,11.235959
1.0,18,11.236267
0.0,100,11.237519
1.0,53,11.238179
0.0,100,11.239387
1.0,42,11.239925
0.0,100,11.241118
1.0,69,11.24196
0.0,100,11.243162
1.0,54,11.243827
1.0,55,11.244511
1.0,55,11.245193
1.0,16,11.245424
1.0,37,11.245896
0.0,100,11.247093
1.0,8,11.247235
1.0,17,11.247474
1.0,70,11.248323
1.0,18,11.248577
1.0,37,11.249061
1.0,64,11.249839
1.0,24,11.250166
1.0,34,11.250598
1.0,66,11.251415
1.0,21,11.251703
0.0,100,11.252918
1.0,92,11.254035
1.0,65,11.254824
0.0,100,11.256036
1.0,62,11.256799
0.0,100,11.258013
1.0,7,11.258143
1.0,52,11.258782
1.0,34,11.259229
1.0,19,11.259498
0.0,100,11.260709
0.0,100,11.261913
1.0,52,11.262554
0.0,100,11.263757
1.0,34,11.264204
0.0,100,11.265409
1.0,44,11.26597
1.0,20,11.266245
1.0,47,11.266832
1.0,53,11.267493
1.0,24,11.267819
1.0,30,11.268217
1.0,53,11.268881
0.0,100,11.270089
1.0,19,11.270357
1.0,26,11.270702
0.0,100,11.271954
1.0,89,11.273043
1.0,62,11.273799
1.0,50,11.274428
1.0,48,11.275031
0.0,100,11.276233
1.0,35,11.276685
1.0,75,11.277599
0.0,100,11.278797
1.0,96,11.27996
1.0,39,11.280453
1.0,45,11.28102
1.0,50,11.281642
1.0,8,11.281778
1.0,24,11.282106
1.0,31,11.282506
1.0,15,11.282723
0.0,100,11.28392
1.0,87,11.28498
1.0,34,11.285416
1.0,86,11.286452
1.0,36,11.286917
1.0,73,11.287791
1.0,85,11.288808
1.0,42,11.289345
0.0,100,11.290585
1.0,28,11.290962
1.0,79,11.291916
0.0,100,11.293118
1.0,96,11.294275
1.0,27,11.294632
1.0,55,11.295311
1.0,98,11.296488
1.0,28,11.29686
0.0,100,11.298063
1.0,43,11.298598
1.0,94,11.299713
1.0,34,11.300151
0.0,100,11.301351
0.0,100,11.302548
1.0,61,11.303356
1.0,72,11.304225
1.0,47,11.304808
1.0,39,11.305304
1.0,7,11.305431
1.0,45,11.306018
1.0,34,11.306473
1.0,37,11.306951
1.0,84,11.307971
1.0,37,11.30844
1.0,22,11.308738
1.0,51,11.309374
1.0,26,11.309716
0.0,100,11.310918
1.0,46,11.311489
1.0,65,11.312285
1.0,99,11.313475
1.0,61,11.314229
1.0,49,11.314833
1.0,32,11.315255
1.0,19,11.31552
0.0,100,11.316711
1.0,15,11.31694
1.0,31,11.317341
1.0,58,11.318055
1.0,11,11.318228
1.0,43,11.318765
0.0,100,11.319977
1.0,63,11.320745
1.0,26,11.321095
1.0,10,11.321257
1.0,35,11.321702
1.0,74,11.322634
1.0,12,11.32282
1.0,48,11.323424
0.0,100,11.324621
1.0,19,11.324895
1.0,57,11.325596
1.0,28,11.32597
1.0,46,11.326539
1.0,48,11.327146
1.0,35,11.327596
1.0,81,11.328576
1.0,84,11.329587
1.0,21,11.329884
1.0,92,11.330989
1.0,82,11.331982
1.0,52,11.332615
1.0,69,11.333456
1.0,17,11.333697
1.0,27,11.33406
1.0,25,11.334392
1.0,11,11.334572
1.0,35,11.335021
1.0,16,11.335249
1.0,10,11.335408
0.0,100,11.336605
1.0,78,11.33756
0.0,100,11.338758
1.0,19,11.339035
0.0,100,11.340273
1.0,16,11.340566
1.0,94,11.341708
1.0,36,11.342177
1.0,51,11.342808
1.0,27,11.343175
1.0,69,11.344012
1.0,40,11.344517
1.0,36,11.34498
1.0,79,11.345937
1.0,61,11.34669
1.0,73,11.347587
1.0,11,11.347763
1.0,41,11.348293
1.0,29,11.348673
1.0,96,11.349827
1.0,20,11.350109
1.0,20,11.350401
1.0,90,11.351562
0.0,100,11.352761
1.0,37,11.35324
1.0,59,11.353972
1.0,50,11.354588
1.0,27,11.354953
1.0,47,11.355532
1.0,32,11.355951
1.0,10,11.356112
0.0,100,11.357295
1.0,43,11.357829
0.0,100,11.359038
1.0,47,11.359621
1.0,66,11.360426
1.0,26,11.360769
1.0,79,11.361714
1.0,27,11.362077
1.0,12,11.362263
1.0,53,11.36292
0.0,100,11.364116
0.0,100,11.365312
1.0,35,11.365756
1.0,23,11.366073
1.0,24,11.366391
1.0,65,11.367191
1.0,48,11.36778
1.0,55,11.368457
1.0,85,11.369475
1.0,8,11.369613
1.0,29,11.370001
1.0,52,11.370642
0.0,100,11.371831
1.0,42,11.372407
1.0,87,11.373449
1.0,22,11.373751
1.0,9,11.37391
0.0,100,11.375104
1.0,57,11.375798
1.0,21,11.376092
1.0,57,11.376787
1.0,33,11.37722
1.0,50,11.37784
1.0,47,11.378436
1.0,39,11.378936
1.0,30,11.379326
1.0,64,11.380109
0.0,100,11.381301
1.0,80,11.382277
1.0,38,11.382754
1.0,14,11.382969
1.0,48,11.383563
1.0,29,11.38395
1.0,67,11.38476
1.0,55,11.385478
1.0,58,11.386241
1.0,31,11.386642
1.0,49,11.387253
1.0,57,11.387958
1.0,26,11.388299
1.0,72,11.389173
1.0,40,11.389676
1.0,46,11.390302
1.0,9,11.390451
1.0,24,11.39077
1.0,51,11.391406
1.0,65,11.392201
1.0,15,11.392418
1.0,95,11.393562
1.0,62,11.39433
0.0,100,11.395535
1.0,30,11.395932
1.0,23,11.39624
1.0,49,11.396843
0.0,100,11.398052
1.0,26,11.3984
1.0,93,11.399516
1.0,30,11.399916
1.0,47,11.400506
1.0,13,11.400702
1.0,22,11.40101
1.0,96,11.402164
1.0,25,11.402499
1.0,40,11.403012
1.0,23,11.403326
1.0,28,11.403692
1.0,50,11.40432
1.0,45,11.40489
1.0,34,11.405327
1.0,53,11.405987
1.0,18,11.406241
1.0,77,11.407179
0.0,100,11.408382
0.0,100,11.409588
1.0,24,11.40992
1.0,38,11.410403
0.0,100,11.4116
1.0,20,11.411889
1.0,36,11.412347
1.0,34,11.412787
1.0,73,11.413687
1.0,55,11.41437
1.0,35,11.414818
1.0,19,11.415092
1.0,20,11.41537
0.0,100,11.416577
1.0,51,11.417216
1.0,6,11.417334
1.0,20,11.417608
0.0,100,11.418822
1.0,21,11.41912
1.0,24,11.419444
0.0,100,11.420654
1.0,98,11.421838
0.0,100,11.423062
1.0,46,11.423648
1.0,65,11.424455
1.0,23,11.424766
1.0,76,11.425693
0.0,100,11.426917
1.0,52,11.427566
1.0,42,11.428102
1.0,80,11.429078
1.0,54,11.429744
1.0,64,11.430535
1.0,26,11.430892
1.0,45,11.431459
1.0,24,11.431782
1.0,44,11.432343
1.0,74,11.43327
1.0,60,11.434023
0.0,100,11.435283
0.0,100,11.436502
1.0,61,11.437262
1.0,14,11.437471
1.0,84,11.438502
1.0,11,11.438679
1.0,59,11.439425
0.0,100,11.440642
1.0,55,11.441403
1.0,38,11.441902
1.0,13,11.4421
1.0,47,11.442683
1.0,43,11.443238
0.0,100,11.444448
1.0,85,11.445487
1.0,41,11.446014
1.0,32,11.446429
1.0,76,11.447356
1.0,16,11.447588
1.0,16,11.447817
1.0,82,11.448815
1.0,85,11.449851
0.0,100,11.451064
1.0,35,11.451518
1.0,94,11.45266
1.0,58,11.453384
1.0,34,11.453822
1.0,17,11.454073
0.0,100,11.455276
1.0,31,11.455677
0.0,100,11.456873
0.0,100,11.458078
1.0,46,11.458653
1.0,30,11.459048
1.0,27,11.459408
1.0,33,11.459832
1.0,63,11.460648
1.0,62,11.461417
0.0,100,11.46261
0.0,100,11.463825
1.0,55,11.46451
1.0,69,11.465356
1.0,44,11.465912
0.0,100,11.467107
1.0,58,11.467817
1.0,30,11.468254
1.0,77,11.469189
1.0,15,11.469408
1.0,97,11.470577
1.0,26,11.470931
1.0,27,11.471289
1.0,54,11.471961
1.0,48,11.472591
1.0,24,11.472924
1.0,17,11.473169
1.0,49,11.473777
1.0,38,11.474264
0.0,100,11.475466
1.0,52,11.47612
1.0,55,11.476799
1.0,96,11.477958
1.0,36,11.478451
1.0,24,11.478771
1.0,16,11.479034
1.0,50,11.479671
0.0,100,11.480882
1.0,67,11.481701
1.0,49,11.482313
0.0,100,11.483514
1.0,51,11.484157
1.0,97,11.485331
1.0,37,11.4858
1.0,31,11.486208
0.0,100,11.487411
1.0,56,11.48811
1.0,79,11.489077
1.0,25,11.489412
0.0,100,11.490621
1.0,32,11.491049
1.0,46,11.491627
1.0,38,11.492124
1.0,26,11.492472
1.0,37,11.492955
1.0,37,11.493428
1.0,69,11.494269
1.0,32,11.494683
1.0,26,11.495035
0.0,100,11.496248
1.0,86,11.497295
0.0,100,11.498505
1.0,80,11.499483
1.0,57,11.500199
1.0,97,11.501372
1.0,34,11.501807
1.0,71,11.502675
1.0,32,11.5031
1.0,99,11.504303
1.0,14,11.504514
1.0,83,11.505517
1.0,82,11.506513
1.0,16,11.506745
1.0,77,11.507681
1.0,43,11.508231
1.0,54,11.508901
1.0,55,11.509575
1.0,66,11.510409
1.0,20,11.510705
1.0,23,11.511052
0.0,100,11.512277
1.0,21,11.512566
1.0,61,11.513323
0.0,100,11.514529
1.0,20,11.514807
0.0,100,11.516019
1.0,65,11.516809
1.0,20,11.517094
0.0,100,11.518292
1.0,76,11.519225
1.0,91,11.520326
1.0,86,11.521363
1.0,13,11.521561
1.0,69,11.522402
1.0,34,11.522843
1.0,71,11.52372
1.0,24,11.524052
1.0,11,11.524228
1.0,37,11.524703
0.0,100,11.52592
1.0,48,11.526522
1.0,70,11.527383
1.0,55,11.528074
1.0,32,11.528489
1.0,93,11.529616
1.0,50,11.530249
0.0,100,11.531458
1.0,58,11.532182
1.0,61,11.532949
1.0,71,11.533809
1.0,30,11.534208
1.0,33,11.534637
0.0,100,11.535848
1.0,66,11.536663
1.0,40,11.537179
1.0,17,11.537422
1.0,53,11.538088
1.0,30,11.538482
1.0,21,11.538771
1.0,18,11.539031
1.0,68,11.539862
1.0,76,11.540784
0.0,100,11.542036
1.0,76,11.542969
1.0,85,11.543993
1.0,58,11.544703
1.0,50,11.545335
1.0,19,11.5456
0.0,100,11.54681
1.0,64,11.547605
0.0,100,11.548816
0.0,100,11.550036
1.0,71,11.550972
1.0,35,11.551428
1.0,87,11.552484
1.0,88,11.55355
1.0,16,11.553784
1.0,20,11.55407
0.0,100,11.555283
1.0,63,11.556063
0.0,100,11.557268
1.0,41,11.557792
1.0,69,11.558637
1.0,45,11.55921
1.0,34,11.559649
1.0,21,11.559944
1.0,49,11.560551
1.0,26,11.560904
1.0,51,11.561535
0.0,100,11.562742
1.0,43,11.563291
1.0,61,11.564044
1.0,19,11.56431
1.0,28,11.564675
1.0,68,11.565506
0.0,100,11.566703
1.0,64,11.567488
1.0,12,11.567672
1.0,26,11.568024
1.0,56,11.568706
1.0,15,11.568933
1.0,10,11.569095
1.0,12,11.569277
1.0,76,11.570194
1.0,58,11.570919
1.0,64,11.571699
1.0,63,11.572474
1.0,72,11.573381
1.0,29,11.573759
1.0,38,11.574252
0.0,100,11.575463
1.0,31,11.575874
1.0,16,11.576106
1.0,45,11.576668
0.0,100,11.577883
1.0,40,11.578391
1.0,39,11.578891
0.0,100,11.580095
1.0,64,11.580881
1.0,93,11.582056
1.0,47,11.582658
0.0,100,11.583874
1.0,65,11.584666
1.0,26,11.585019
1.0,98,11.586204
1.0,38,11.586686
0.0,100,11.587899
0.0,100,11.589112
1.0,91,11.59022
1.0,16,11.590451
1.0,38,11.590938
1.0,33,11.591369
0.0,100,11.592568
0.0,100,11.593763
1.0,16,11.594004
0.0,100,11.595206
1.0,31,11.595608
1.0,49,11.596235
0.0,100,11.597436
0.0,100,11.598638
1.0,24,11.59897
0.0,100,11.600169
0.0,100,11.601366
1.0,23,11.60168
1.0,100,11.602891
1.0,94,11.604028
1.0,64,11.604801
0.0,100,11.606009
1.0,49,11.606625
1.0,51,11.60727
0.0,100,11.608475
1.0,18,11.60873
1.0,51,11.609365
1.0,64,11.610154
1.0,73,11.611047
1.0,15,11.611267
1.0,52,11.611908
1.0,62,11.612664
1.0,82,11.613658
1.0,52,11.614313
1.0,39,11.614814
0.0,100,11.616056
1.0,27,11.616467
1.0,45,11.617081
1.0,13,11.6173
0.0,100,11.618504
1.0,44,11.619066
0.0,100,11.620284
1.0,22,11.620585
1.0,8,11.620722
1.0,33,11.621156
1.0,53,11.621871
1.0,88,11.622971
1.0,53,11.623626
0.0,100,11.62489
1.0,58,11.625606
0.0,100,11.626818
1.0,80,11.627791
1.0,74,11.628701
1.0,49,11.629317
1.0,22,11.629618
1.0,41,11.630141
1.0,15,11.630359
1.0,11,11.63053
1.0,21,11.630814
1.0,64,11.631602
1.0,44,11.632162
1.0,32,11.632573
1.0,81,11.633551
1.0,32,11.633975
1.0,25,11.634306
0.0,100,11.635505
1.0,10,11.635669
0.0,100,11.636898
1.0,55,11.637604
1.0,15,11.637823
1.0,20,11.638108
1.0,77,11.63904
1.0,64,11.639816
0.0,100,11.641017
1.0,54,11.641689
1.0,28,11.642065
0.0,100,11.643271
1.0,30,11.643661
1.0,75,11.644572
1.0,60,11.645314
1.0,32,11.64573
1.0,77,11.646669
1.0,14,11.646889
1.0,24,11.647213
0.0,100,11.648427
0.0,100,11.649648
1.0,54,11.650326
1.0,46,11.650911
1.0,75,11.651827
1.0,46,11.652411
1.0,22,11.652718
0.0,100,11.653936
1.0,94,11.655085
0.0,100,11.656295
0.0,100,11.657508
1.0,56,11.658278
1.0,8,11.658425
1.0,16,11.658658
0.0,100,11.659873
0.0,100,11.661083
0.0,100,11.66229
1.0,64,11.663085
1.0,20,11.663362
1.0,49,11.663978
1.0,81,11.664963
1.0,57,11.665657
1.0,28,11.666032
1.0,43,11.666567
1.0,71,11.667474
1.0,28,11.667842
1.0,22,11.668196
1.0,24,11.668521
1.0,64,11.66931
0.0,100,11.670522
1.0,50,11.671154
1.0,30,11.671546
1.0,24,11.671874
1.0,31,11.672279
1.0,13,11.672474
1.0,9,11.672622
1.0,22,11.672931
1.0,59,11.673649
0.0,100,11.674867
1.0,31,11.67527
0.0,100,11.676481
1.0,22,11.676784
1.0,50,11.677415
1.0,88,11.678482
1.0,51,11.679122
1.0,29,11.679502
1.0,10,11.679663
1.0,69,11.680516
1.0,10,11.680681
1.0,9,11.680831
1.0,42,11.681365
1.0,28,11.681734
1.0,72,11.682682
1.0,74,11.68363
1.0,64,11.684418
1.0,63,11.685192
1.0,76,11.686123
1.0,16,11.686354
0.0,100,11.687553
1.0,16,11.687787
1.0,40,11.6883
1.0,67,11.689126
1.0,42,11.689663
1.0,53,11.690326
1.0,52,11.691004
1.0,88,11.692087
1.0,28,11.692456
1.0,72,11.693339
1.0,28,11.69371
1.0,50,11.69434
1.0,73,11.695232
0.0,100,11.696428
0.0,100,11.697644
0.0,100,11.698857
0.0,100,11.700059
1.0,52,11.700708
0.0,100,11.701922
1.0,64,11.702703
0.0,100,11.703928
1.0,64,11.704712
1.0,75,11.70563
0.0,100,11.70685
1.0,11,11.707034
1.0,27,11.707394
1.0,61,11.70815
1.0,29,11.708535
0.0,100,11.709739
1.0,92,11.71085
0.0,100,11.71207
1.0,98,11.713257
1.0,11,11.713432
0.0,100,11.714646
1.0,24,11.714981
1.0,25,11.715316
1.0,46,11.715899
1.0,21,11.716187
1.0,16,11.716416
1.0,86,11.717457
1.0,51,11.718104
1.0,94,11.719244
1.0,88,11.720313
0.0,100,11.721512
1.0,9,11.721665
1.0,63,11.722441
0.0,100,11.723656
1.0,96,11.72482
0.0,100,11.726023
1.0,90,11.727164
0.0,100,11.728362
1.0,10,11.728526
1.0,94,11.729675
1.0,50,11.730299
1.0,49,11.730921
1.0,28,11.731292
1.0,37,11.731762
1.0,64,11.732585
1.0,12,11.732772
1.0,9,11.732932
1.0,35,11.733386
0.0,100,11.734594
1.0,91,11.735703
1.0,33,11.736137
0.0,100,11.737418
1.0,64,11.738202
1.0,15,11.738421
0.0,100,11.739635
1.0,94,11.74077
1.0,29,11.741161
1.0,21,11.74145
1.0,10,11.741612
1.0,21,11.74191
1.0,75,11.742815
1.0,52,11.743465
1.0,21,11.743753
1.0,14,11.743969
1.0,31,11.744372
1.0,88,11.745441
0.0,100,11.746648
1.0,81,11.747635
1.0,36,11.748104
1.0,37,11.748575
1.0,72,11.749458
1.0,58,11.750175
1.0,40,11.750685
1.0,11,11.750866
1.0,38,11.751348
1.0,71,11.752218
1.0,44,11.752769
1.0,11,11.752951
1.0,23,11.753262
1.0,20,11.753536
1.0,45,11.754103
0.0,100,11.755305
1.0,67,11.756141
1.0,88,11.757212
1.0,38,11.757694
1.0,70,11.758552
1.0,56,11.759313
1.0,62,11.760093
1.0,18,11.760353
1.0,41,11.76088
1.0,38,11.761364
1.0,48,11.761967
1.0,31,11.762372
1.0,20,11.762647
1.0,87,11.763708
1.0,36,11.76418
1.0,76,11.765108
1.0,68,11.765948
1.0,18,11.766202
1.0,13,11.7664
1.0,75,11.767315
1.0,100,11.768523
0.0,100,11.769734
1.0,94,11.770881
1.0,85,11.77193
1.0,49,11.772547
1.0,56,11.773248
1.0,12,11.773434
1.0,28,11.773801
1.0,37,11.774283
1.0,49,11.774902
1.0,69,11.775746
1.0,14,11.775962
1.0,8,11.776101
1.0,39,11.776595
1.0,27,11.776959
1.0,91,11.778063
1.0,59,11.778787
1.0,22,11.779094
0.0,100,11.780294
1.0,44,11.780843
1.0,54,11.781521
1.0,55,11.782202
1.0,99,11.783395
1.0,58,11.78412
1.0,70,11.784978
1.0,30,11.785372
1.0,31,11.785777
0.0,100,11.786991
1.0,34,11.787428
1.0,91,11.788527
1.0,29,11.788914
1.0,39,11.789405
0.0,100,11.79066
1.0,26,11.791042
1.0,34,11.791495
1.0,58,11.792215
1.0,25,11.792549
1.0,89,11.79362
1.0,35,11.794078
1.0,20,11.794354
1.0,12,11.794538
1.0,90,11.795622
1.0,72,11.796499
1.0,13,11.796695
0.0,100,11.797894
1.0,80,11.798867
1.0,9,11.79902
1.0,26,11.799362
1.0,33,11.799784
0.0,100,11.800987
1.0,9,11.801138
1.0,43,11.801677
1.0,29,11.802063
0.0,100,11.803282
1.0,24,11.803631
1.0,18,11.80391
1.0,66,11.804739
1.0,56,11.805437
1.0,20,11.805718
1.0,11,11.805901
1.0,11,11.806074
1.0,19,11.806336
1.0,56,11.807033
1.0,37,11.807502
1.0,22,11.807799
1.0,65,11.808596
1.0,21,11.808895
1.0,85,11.809933
0.0,100,11.811148
1.0,11,11.811323
1.0,23,11.811633
1.0,15,11.81185
0.0,100,11.813058
1.0,27,11.813416
1.0,20,11.813691
1.0,13,11.813896
1.0,51,11.814525
1.0,17,11.814765
1.0,92,11.815877
1.0,25,11.816212
1.0,71,11.817081
1.0,13,11.817277
1.0,56,11.817969
0.0,100,11.819159
1.0,74,11.820057
1.0,23,11.820369
1.0,25,11.820703
1.0,46,11.82128
1.0,26,11.821623
1.0,29,11.822008
1.0,42,11.822534
1.0,33,11.822991
1.0,28,11.823378
1.0,9,11.823526
0.0,100,11.824719
1.0,76,11.825638
1.0,57,11.82634
1.0,75,11.827249
0.0,100,11.828442
1.0,39,11.828945
1.0,9,11.829097
1.0,92,11.830197
1.0,44,11.83074
1.0,51,11.831371
1.0,43,11.831918
1.0,75,11.832824
1.0,17,11.833075
1.0,58,11.833784
0.0,100,11.834997
1.0,12,11.835182
0.0,100,11.836374
1.0,33,11.836798
1.0,13,11.837003
1.0,70,11.83785
1.0,16,11.838094
0.0,100,11.839338
1.0,18,11.839597
1.0,34,11.840071
1.0,97,11.841312
1.0,56,11.842015
1.0,14,11.842224
1.0,26,11.842564
1.0,32,11.842987
1.0,50,11.843607
1.0,12,11.843792
1.0,45,11.844361
1.0,32,11.844779
1.0,36,11.845249
1.0,23,11.845562
0.0,100,11.846761
0.0,100,11.847976
1.0,40,11.848481
1.0,20,11.848758
1.0,30,11.849157
1.0,80,11.850134
0.0,100,11.851376
1.0,33,11.851804
1.0,34,11.852296
0.0,100,11.853511
1.0,70,11.854365
1.0,28,11.854737
1.0,29,11.855122
0.0,100,11.856333
1.0,67,11.857153
0.0,100,11.858351
1.0,53,11.859019
1.0,33,11.859506
1.0,24,11.859833
1.0,25,11.860175
1.0,13,11.860373
1.0,79,11.861339
1.0,32,11.861757
1.0,46,11.862347
1.0,76,11.86328
1.0,35,11.863729
1.0,34,11.864174
0.0,100,11.865376
0.0,100,11.866593
1.0,96,11.867743
0.0,100,11.868959
1.0,22,11.86926
1.0,81,11.870239
1.0,47,11.870825
1.0,39,11.871326
1.0,23,11.871636
1.0,88,11.872694
1.0,27,11.873087
1.0,17,11.873344
1.0,94,11.874482
0.0,100,11.875683
1.0,23,11.876004
1.0,59,11.876728
1.0,93,11.877845
1.0,11,11.878027
1.0,32,11.878439
0.0,100,11.879636
1.0,42,11.880172
0.0,100,11.881371
1.0,23,11.881682
0.0,100,11.882889
0.0,100,11.884085
0.0,100,11.885286
1.0,72,11.886202
1.0,52,11.886841
1.0,78,11.887791
0.0,100,11.889005
1.0,26,11.889352
1.0,23,11.88966
1.0,36,11.890129
1.0,70,11.891034
1.0,92,11.89216
1.0,59,11.892887
1.0,50,11.893501
1.0,94,11.894633
1.0,98,11.895806
1.0,85,11.896839
1.0,13,11.897042
0.0,100,11.898242
0.0,100,11.89944
0.0,100,11.90064
1.0,31,11.90105
1.0,93,11.902173
1.0,32,11.902586
1.0,78,11.903533
1.0,70,11.904383
1.0,13,11.90458
1.0,78,11.905525
1.0,94,11.906648
1.0,48,11.907248
0.0,100,11.908452
1.0,63,11.909232
1.0,62,11.909995
0.0,100,11.911195
1.0,36,11.911652
1.0,88,11.91271
1.0,46,11.913294
1.0,84,11.914301
1.0,71,11.915163
1.0,48,11.915753
1.0,93,11.91687
1.0,27,11.917229
1.0,16,11.917459
0.0,100,11.918652
1.0,41,11.919177
1.0,49,11.919779
1.0,78,11.920724
1.0,37,11.921208
1.0,61,11.921953
0.0,100,11.923201
1.0,70,11.924056
1.0,70,11.924917
1.0,48,11.925515
1.0,35,11.925968
1.0,23,11.926277
0.0,100,11.927474
0.0,100,11.928679
1.0,35,11.929137
1.0,68,11.929969
1.0,13,11.930166
1.0,18,11.930417
1.0,53,11.93108
1.0,41,11.931591
0.0,100,11.932786
1.0,43,11.933332
1.0,97,11.934497
1.0,19,11.93476
1.0,40,11.935272
1.0,27,11.935629
0.0,100,11.936825
1.0,62,11.93759
1.0,29,11.937977
1.0,94,11.939096
1.0,24,11.939417
1.0,78,11.940355
1.0,25,11.940688
1.0,26,11.94104
0.0,100,11.942235
1.0,23,11.942544
1.0,48,11.94315
1.0,52,11.943794
1.0,59,11.944523
1.0,87,11.945571
0.0,100,11.946774
1.0,98,11.947953
1.0,56,11.94863
1.0,40,11.949143
1.0,62,11.949904
1.0,18,11.950155
1.0,53,11.950799
0.0,100,11.951992
1.0,51,11.95262
1.0,28,11.952998
1.0,13,11.953196
0.0,100,11.954384
1.0,11,11.954558
0.0,100,11.955749
1.0,81,11.956721
1.0,39,11.95722
1.0,59,11.957946
0.0,100,11.959143
0.0,100,11.96036
1.0,77,11.961348
1.0,32,11.961768
1.0,14,11.961985
1.0,97,11.963142
0.0,100,11.964346
0.0,100,11.965542
1.0,43,11.96609
0.0,100,11.967288
0.0,100,11.968489
0.0,100,11.969687
0.0,100,11.970894
1.0,44,11.971446
1.0,11,11.971618
1.0,35,11.972071
1.0,21,11.972359
1.0,43,11.97299
0.0,100,11.974222
1.0,22,11.974524
0.0,100,11.975718
0.0,100,11.976929
1.0,25,11.977266
1.0,20,11.977541
1.0,16,11.977773
1.0,63,11.978548
0.0,100,11.979882
1.0,39,11.980404
1.0,15,11.980623
1.0,60,11.981357
1.0,88,11.982411
1.0,46,11.982998
0.0,100,11.984185
0.0,100,11.985378
1.0,78,11.986322
1.0,10,11.986483
1.0,14,11.986686
1.0,25,11.987026
1.0,42,11.987551
1.0,54,11.988222
1.0,24,11.988542
1.0,52,11.989191
1.0,58,11.989902
1.0,70,11.990743
1.0,74,11.991636
1.0,53,11.992287
1.0,62,11.993045
1.0,22,11.993344
1.0,23,11.993652
1.0,39,11.994153
1.0,61,11.994905
1.0,30,11.995294
1.0,11,11.995464
1.0,61,11.996217
1.0,29,11.996597
1.0,27,11.996963
1.0,21,11.997251
0.0,100,11.998451
1.0,48,11.999057
0.0,100,12.000261
1.0,71,12.001132
1.0,92,12.002244
0.0,100,12.003443
0.0,100,12.004633
1.0,19,12.004908
0.0,100,12.006098
1.0,49,12.006702
1.0,49,12.007318
1.0,22,12.007617
1.0,42,12.008154
1.0,50,12.008767
1.0,33,12.009198
1.0,40,12.009699
0.0,100,12.010924
1.0,46,12.011526
1.0,47,12.012163
1.0,42,12.012687
1.0,54,12.013356
1.0,27,12.013711
1.0,33,12.014146
1.0,51,12.014775
1.0,74,12.015671
1.0,67,12.016487
1.0,13,12.016683
1.0,41,12.017202
1.0,87,12.018244
1.0,38,12.018724
0.0,100,12.019948
1.0,34,12.020407
1.0,14,12.020615
1.0,57,12.02132
1.0,12,12.021504
1.0,37,12.02198
1.0,29,12.022356
1.0,31,12.022751
1.0,51,12.023388
1.0,24,12.023713
1.0,36,12.024177
1.0,50,12.024791
0.0,100,12.02599
1.0,30,12.02638
1.0,53,12.027039
1.0,38,12.027516
1.0,12,12.027698
0.0,100,12.028894
1.0,46,12.029465
0.0,100,12.030663
0.0,100,12.031862
1.0,14,12.032072
1.0,56,12.032762
1.0,86,12.033799
1.0,86,12.034832
1.0,63,12.03563
0.0,100,12.036932
1.0,31,12.037362
1.0,41,12.037893
1.0,53,12.038547
0.0,100,12.039756
0.0,100,12.040961
1.0,46,12.041532
1.0,14,12.041737
0.0,100,12.042942
1.0,25,12.043276
1.0,18,12.043528
0.0,100,12.044726
1.0,41,12.045252
0.0,100,12.046442
0.0,100,12.047635
1.0,73,12.048522
1.0,26,12.048877
1.0,31,12.049276
1.0,55,12.049953
1.0,56,12.050644
1.0,84,12.051657
0.0,100,12.052851
1.0,37,12.053328
1.0,26,12.053672
1.0,25,12.054014
1.0,60,12.054748
1.0,17,12.055
1.0,24,12.055323
1.0,46,12.055905
1.0,24,12.056226
1.0,7,12.056351
1.0,20,12.056624
1.0,85,12.057659
1.0,77,12.058593
0.0,100,12.059786
1.0,57,12.060493
1.0,30,12.060889
1.0,35,12.061333
0.0,100,12.062536
1.0,76,12.063458
1.0,52,12.064106
1.0,10,12.064268
0.0,100,12.065462
1.0,17,12.065719
1.0,63,12.066494
1.0,22,12.066792
0.0,100,12.067998
1.0,38,12.068482
1.0,28,12.068848
1.0,60,12.069591
1.0,51,12.070222
0.0,100,12.071415
1.0,17,12.07166
1.0,19,12.071935
1.0,71,12.072786
0.0,100,12.074114
1.0,85,12.075169
1.0,9,12.075323
1.0,11,12.075498
1.0,63,12.076281
1.0,33,12.076711
1.0,96,12.077865
1.0,28,12.078236
1.0,13,12.078431
1.0,65,12.07923
1.0,50,12.079852
1.0,56,12.080551
1.0,24,12.080881
1.0,65,12.081663
1.0,30,12.082059
1.0,31,12.082497
1.0,72,12.083414
1.0,50,12.084041
0.0,100,12.085247
1.0,20,12.085524
1.0,23,12.085832
1.0,42,12.086367
1.0,36,12.086823
1.0,21,12.08712
1.0,39,12.087615
0.0,100,12.088829
1.0,73,12.089722
0.0,100,12.09093
0.0,100,12.09213
1.0,40,12.092634
0.0,100,12.093834
1.0,15,12.094063
1.0,97,12.095227
1.0,22,12.095529
1.0,50,12.096154
1.0,75,12.097069
1.0,90,12.098145
1.0,28,12.098514
0.0,100,12.099709
1.0,32,12.10013
1.0,31,12.100533
1.0,47,12.101128
1.0,54,12.101789
1.0,19,12.102063
1.0,63,12.102829
1.0,44,12.103381
1.0,15,12.103602
1.0,16,12.103831
1.0,90,12.104918
0.0,100,12.106116
1.0,23,12.106425
1.0,48,12.107023
0.0,100,12.108225
1.0,46,12.108794
1.0,45,12.109357
1.0,22,12.109658
1.0,35,12.110114
1.0,72,12.110988
1.0,75,12.111936
1.0,27,12.1123
1.0,93,12.113428
1.0,48,12.114035
1.0,29,12.114417
1.0,85,12.11545
1.0,44,12.11601
1.0,16,12.116241
1.0,81,12.117264
1.0,55,12.117949
1.0,64,12.118729
0.0,100,12.11994
1.0,83,12.120942
1.0,22,12.121243
1.0,30,12.12163
1.0,33,12.122059
0.0,100,12.123305
1.0,73,12.124199
1.0,23,12.124516
1.0,18,12.124769
1.0,43,12.125314
1.0,87,12.126369
1.0,17,12.126613
1.0,63,12.127398
1.0,10,12.127561
1.0,17,12.127803
1.0,93,12.128932
1.0,31,12.129337
0.0,100,12.130547
1.0,14,12.130758
1.0,34,12.131205
0.0,100,12.132418
0.0,100,12.133634
1.0,36,12.134106
1.0,91,12.135208
0.0,100,12.136412
1.0,14,12.136622
1.0,36,12.137085
1.0,49,12.137732
1.0,40,12.138313
1.0,20,12.13859
1.0,35,12.139045
1.0,21,12.139335
0.0,100,12.140539
1.0,37,12.141023
1.0,40,12.141528
1.0,32,12.141947
1.0,14,12.142157
1.0,11,12.142331
0.0,100,12.143538
0.0,100,12.14474
0.0,100,12.145944
1.0,83,12.146956
1.0,24,12.14728
1.0,30,12.14767
1.0,77,12.148604
1.0,61,12.14936
1.0,38,12.149849
1.0,27,12.150218
1.0,26,12.150564
1.0,59,12.151299
1.0,23,12.151611
1.0,59,12.152341
0.0,100,12.153551
1.0,25,12.153922
1.0,9,12.154084
1.0,35,12.154544
0.0,100,12.155755
1.0,72,12.15664
1.0,61,12.157393
1.0,60,12.158139
1.0,90,12.159224
1.0,64,12.160014
1.0,17,12.160258
1.0,84,12.161279
0.0,100,12.16249
1.0,80,12.163468
1.0,35,12.163923
1.0,57,12.164622
1.0,56,12.165319
1.0,65,12.166123
1.0,27,12.16648
1.0,32,12.1669
1.0,71,12.167754
1.0,43,12.168346
0.0,100,12.16956
1.0,12,12.169748
1.0,66,12.170563
1.0,63,12.17134
1.0,36,12.171801
1.0,83,12.172809
1.0,8,12.173018
1.0,30,12.173444
0.0,100,12.174643
0.0,100,12.175846
0.0,100,12.177061
1.0,50,12.177678
1.0,15,12.177905
1.0,49,12.178512
1.0,64,12.179298
1.0,60,12.180039
1.0,79,12.180995
1.0,54,12.181654
1.0,63,12.182418
1.0,20,12.182693
0.0,100,12.184007
1.0,58,12.184763
0.0,100,12.185966
0.0,100,12.187168
1.0,18,12.187423
1.0,96,12.188572
1.0,98,12.189753
1.0,93,12.19095
1.0,43,12.191516
1.0,45,12.192087
1.0,79,12.193047
1.0,53,12.193699
1.0,55,12.194379
1.0,55,12.195061
1.0,17,12.195304
1.0,49,12.19592
1.0,91,12.197006
1.0,57,12.197705
1.0,87,12.198747
1.0,8,12.198896
1.0,87,12.199942
1.0,39,12.200435
1.0,9,12.200583
1.0,39,12.201083
1.0,16,12.201315
1.0,77,12.202255
1.0,63,12.203036
1.0,17,12.203281
1.0,20,12.203557
1.0,88,12.204616
1.0,42,12.205158
1.0,59,12.20588
0.0,100,12.207085
1.0,26,12.20743
1.0,85,12.208445
1.0,97,12.209604
1.0,81,12.210584
1.0,48,12.211185
1.0,25,12.211516
1.0,71,12.21237
1.0,66,12.213172
1.0,70,12.214026
1.0,10,12.214187
1.0,78,12.21513
1.0,54,12.215782
1.0,43,12.216324
1.0,18,12.216578
1.0,60,12.217322
1.0,13,12.217519
1.0,13,12.217714
1.0,18,12.217974
1.0,16,12.218204
1.0,19,12.218477
1.0,53,12.219143
1.0,42,12.219675
1.0,38,12.220165
1.0,24,12.220488
1.0,71,12.221349
1.0,53,12.222008
1.0,42,12.222534
1.0,11,12.222705
1.0,28,12.223082
0.0,100,12.224279
1.0,36,12.224737
1.0,80,12.225722
1.0,54,12.2264
1.0,29,12.226776
1.0,59,12.227583
1.0,38,12.228107
1.0,39,12.228619
1.0,61,12.229369
1.0,77,12.230302
1.0,70,12.231151
1.0,8,12.231291
0.0,100,12.23249
0.0,100,12.233766
1.0,36,12.234236
1.0,40,12.234743
1.0,86,12.235784
0.0,100,12.236985
