#{"t_start": 1523134857.025786, "env_id": "MyFrozenLake-v0"}
r,l,t
0.0,12,0.032676
0.0,4,0.032954
0.0,45,0.035221
0.0,1,0.035377
0.0,30,0.036779
0.0,3,0.036982
0.0,1,0.037092
0.0,32,0.04056
0.0,15,0.041291
0.0,14,0.043997
0.0,7,0.04438
0.0,33,0.046904
0.0,39,0.050716
0.0,25,0.053918
0.0,37,0.055602
0.0,12,0.057227
0.0,10,0.059763
0.0,3,0.059972
1.0,15,0.060704
0.0,18,0.061563
0.0,15,0.064311
0.0,100,0.071825
0.0,9,0.072322
0.0,50,0.076602
0.0,12,0.084351
0.0,89,0.088314
0.0,17,0.089141
0.0,15,0.089887
0.0,42,0.093819
0.0,10,0.09433
0.0,6,0.096687
0.0,35,0.098308
0.0,5,0.098602
0.0,6,0.100961
0.0,3,0.101158
0.0,23,0.102233
0.0,16,0.105018
0.0,20,0.105965
0.0,15,0.108717
0.0,18,0.109591
0.0,13,0.110248
0.0,6,0.110586
0.0,2,0.112761
0.0,3,0.112961
0.0,44,0.116974
0.0,24,0.118103
0.0,14,0.12081
0.0,11,0.121383
0.0,14,0.122086
0.0,9,0.122561
0.0,100,0.133628
0.0,2,0.13481
0.0,4,0.135083
0.0,30,0.136492
1.0,27,0.140957
0.0,10,0.141568
0.0,6,0.144103
0.0,19,0.145108
0.0,12,0.146834
1.0,14,0.147598
0.0,44,0.155062
0.0,12,0.155766
1.0,9,0.156232
0.0,6,0.156558
0.0,34,0.160356
0.0,17,0.161282
0.0,15,0.164223
1.0,30,0.166818
1.0,6,0.167212
0.0,19,0.171394
1.0,44,0.173578
1.0,10,0.174113
0.0,16,0.177086
0.0,20,0.178159
0.0,10,0.180889
1.0,20,0.181958
0.0,1,0.182076
0.0,32,0.186879
0.0,7,0.187352
0.0,30,0.192016
0.0,9,0.192633
0.0,9,0.193111
0.0,7,0.193496
0.0,44,0.197741
1.0,18,0.200881
0.0,14,0.201676
1.0,42,0.205778
1.0,29,0.210407
0.0,1,0.210617
1.0,11,0.21121
1.0,21,0.212217
1.0,22,0.213252
0.0,13,0.216069
0.0,5,0.216447
0.0,21,0.218543
0.0,17,0.219417
0.0,5,0.221937
0.0,13,0.222691
1.0,13,0.223349
0.0,21,0.226554
0.0,2,0.22793
0.0,22,0.231156
0.0,18,0.232126
0.0,14,0.235998
0.0,1,0.236417
1.0,11,0.237028
0.0,21,0.238067
0.0,16,0.238861
0.0,1,0.238973
1.0,31,0.242594
0.0,1,0.242893
0.0,3,0.243123
0.0,35,0.248376
0.0,13,0.252812
0.0,14,0.253596
0.0,9,0.257226
0.0,5,0.257515
0.0,5,0.257821
0.0,8,0.258238
0.0,18,0.259099
0.0,1,0.259212
1.0,37,0.26297
0.0,30,0.264572
1.0,30,0.269478
1.0,13,0.270283
0.0,10,0.272864
0.0,6,0.27324
1.0,15,0.273979
0.0,29,0.277386
1.0,6,0.27777
1.0,52,0.28236
0.0,25,0.285698
0.0,18,0.288649
0.0,7,0.289227
1.0,17,0.290049
1.0,25,0.293467
1.0,8,0.294196
1.0,11,0.297046
0.0,38,0.30193
1.0,21,0.305026
0.0,12,0.305641
0.0,19,0.30653
1.0,35,0.315619
0.0,21,0.320799
0.0,44,0.32651
0.0,2,0.329808
0.0,11,0.330396
0.0,8,0.330835
0.0,11,0.331393
0.0,5,0.333748
1.0,9,0.334218
1.0,24,0.335476
0.0,15,0.34083
0.0,1,0.341161
0.0,14,0.343928
0.0,19,0.344882
1.0,13,0.345536
0.0,13,0.347277
0.0,2,0.347535
1.0,46,0.357515
0.0,14,0.358373
0.0,5,0.358696
0.0,3,0.358903
0.0,14,0.359591
0.0,4,0.35985
1.0,11,0.360415
0.0,2,0.360575
0.0,3,0.36079
1.0,23,0.361914
0.0,3,0.362175
0.0,3,0.362399
0.0,15,0.365493
1.0,23,0.368896
0.0,51,0.373581
0.0,11,0.374362
1.0,30,0.378249
0.0,5,0.381102
1.0,15,0.382104
0.0,37,0.385884
0.0,9,0.386372
0.0,14,0.389395
1.0,37,0.393794
0.0,22,0.397301
0.0,3,0.397599
0.0,2,0.397789
0.0,20,0.400773
0.0,15,0.401541
0.0,15,0.40233
0.0,14,0.406647
0.0,27,0.410588
0.0,17,0.413702
0.0,16,0.414539
0.0,6,0.41489
0.0,9,0.415359
0.0,4,0.416629
0.0,15,0.417453
0.0,2,0.420019
0.0,5,0.42055
0.0,5,0.420934
0.0,15,0.424019
0.0,51,0.429842
0.0,25,0.431129
1.0,22,0.432248
1.0,12,0.4353
0.0,4,0.435854
1.0,17,0.439076
1.0,15,0.441638
1.0,28,0.445122
1.0,13,0.445799
0.0,1,0.445914
0.0,1,0.446027
1.0,12,0.448922
1.0,37,0.453398
0.0,2,0.453784
0.0,26,0.457365
1.0,31,0.460957
1.0,20,0.461962
0.0,13,0.464967
1.0,10,0.46577
0.0,3,0.466049
0.0,19,0.469137
0.0,46,0.473815
0.0,7,0.47443
1.0,8,0.477007
0.0,26,0.478317
0.0,42,0.482339
0.0,13,0.485186
0.0,5,0.48558
0.0,15,0.486373
0.0,5,0.489017
0.0,35,0.493081
0.0,54,0.497779
1.0,8,0.498276
0.0,5,0.498588
1.0,28,0.502114
1.0,24,0.505715
0.0,25,0.509049
0.0,12,0.509665
1.0,26,0.512896
0.0,3,0.513112
0.0,5,0.513407
0.0,15,0.514163
1.0,10,0.516736
0.0,42,0.522
0.0,6,0.522441
1.0,9,0.522917
0.0,23,0.523996
0.0,32,0.527564
0.0,4,0.527868
1.0,17,0.530715
0.0,12,0.531332
1.0,11,0.531902
1.0,16,0.534688
1.0,24,0.53582
0.0,29,0.540295
0.0,19,0.541546
1.0,11,0.544161
0.0,21,0.545191
1.0,26,0.547426
0.0,5,0.549747
1.0,18,0.5506
1.0,36,0.555371
0.0,11,0.55603
0.0,12,0.556697
0.0,23,0.557809
1.0,24,0.560981
1.0,14,0.561698
0.0,5,0.561986
0.0,6,0.562315
0.0,10,0.56484
1.0,16,0.565628
0.0,7,0.566
0.0,8,0.566415
0.0,5,0.569824
1.0,18,0.570788
0.0,21,0.573851
1.0,13,0.574521
0.0,5,0.574827
0.0,11,0.575385
0.0,8,0.57689
0.0,3,0.577121
0.0,20,0.57807
1.0,29,0.58159
0.0,3,0.581932
0.0,19,0.586074
0.0,9,0.586715
0.0,12,0.58733
0.0,12,0.587951
0.0,3,0.588156
0.0,12,0.590932
0.0,1,0.591139
1.0,18,0.592021
0.0,20,0.595165
0.0,2,0.595413
0.0,1,0.595523
0.0,13,0.59617
1.0,12,0.598968
0.0,18,0.599948
0.0,9,0.60042
0.0,14,0.603299
0.0,11,0.603958
0.0,15,0.606892
1.0,7,0.607358
1.0,12,0.610155
0.0,25,0.611429
0.0,1,0.611546
0.0,29,0.615093
0.0,3,0.615378
1.0,26,0.620941
0.0,21,0.622081
1.0,20,0.62306
0.0,18,0.626121
1.0,20,0.627193
0.0,4,0.627442
0.0,8,0.630045
0.0,21,0.631145
0.0,3,0.631354
1.0,21,0.634561
1.0,38,0.637458
1.0,14,0.6404
0.0,4,0.640994
0.0,19,0.644082
0.0,8,0.644633
0.0,37,0.651746
0.0,29,0.656266
0.0,5,0.659464
0.0,11,0.660119
1.0,16,0.663459
0.0,6,0.663877
0.0,4,0.664121
0.0,14,0.667951
0.0,11,0.668576
1.0,27,0.673557
0.0,8,0.677593
0.0,36,0.681288
0.0,16,0.684355
0.0,54,0.689509
0.0,1,0.693172
0.0,9,0.693743
0.0,11,0.694289
0.0,8,0.697994
0.0,9,0.698555
0.0,5,0.702592
0.0,21,0.705127
1.0,41,0.708947
0.0,13,0.712913
1.0,19,0.7171
1.0,23,0.718945
0.0,29,0.723521
0.0,25,0.729893
1.0,12,0.73056
0.0,1,0.733547
0.0,6,0.733929
0.0,7,0.7343
1.0,15,0.737264
1.0,26,0.738499
0.0,2,0.74072
0.0,6,0.741064
0.0,18,0.741934
1.0,25,0.74518
0.0,4,0.745471
1.0,10,0.745997
0.0,35,0.749675
0.0,18,0.750563
1.0,47,0.756813
0.0,9,0.757364
0.0,2,0.757523
0.0,13,0.760245
0.0,36,0.764014
0.0,3,0.764451
0.0,17,0.765301
0.0,24,0.767447
0.0,1,0.767573
0.0,6,0.76996
1.0,66,0.775043
0.0,8,0.775515
0.0,45,0.780622
0.0,12,0.781256
1.0,20,0.784209
0.0,29,0.785548
0.0,7,0.785934
1.0,13,0.786566
1.0,29,0.789953
1.0,12,0.790568
0.0,7,0.792956
0.0,4,0.793203
1.0,8,0.793631
0.0,13,0.794255
0.0,5,0.794544
0.0,12,0.797157
0.0,17,0.797979
0.0,7,0.798351
1.0,13,0.801002
0.0,3,0.801208
0.0,5,0.801491
0.0,1,0.801601
0.0,6,0.801952
0.0,12,0.802549
0.0,19,0.805485
0.0,40,0.809459
0.0,13,0.810302
0.0,6,0.812824
0.0,7,0.813275
0.0,4,0.813517
0.0,21,0.814506
0.0,5,0.816826
0.0,25,0.82006
0.0,5,0.820369
1.0,11,0.820939
0.0,9,0.821407
1.0,49,0.827291
1.0,50,0.839294
1.0,15,0.840673
0.0,36,0.844776
0.0,17,0.850182
0.0,14,0.851796
0.0,7,0.852177
1.0,13,0.855286
1.0,19,0.856201
0.0,3,0.856402
0.0,8,0.859962
0.0,20,0.864078
1.0,16,0.867513
0.0,5,0.867831
0.0,26,0.869035
0.0,11,0.869576
0.0,8,0.875767
0.0,16,0.88005
0.0,37,0.884376
0.0,5,0.886913
1.0,15,0.887753
1.0,24,0.892515
0.0,4,0.896482
0.0,1,0.89708
0.0,42,0.900532
0.0,9,0.903488
1.0,6,0.904051
0.0,5,0.904372
0.0,5,0.907162
0.0,11,0.907856
1.0,11,0.908423
1.0,11,0.912559
1.0,6,0.91612
0.0,49,0.924155
0.0,11,0.925574
1.0,13,0.926235
1.0,14,0.928094
0.0,1,0.928208
0.0,35,0.93184
0.0,15,0.934991
0.0,11,0.935805
1.0,16,0.93863
0.0,20,0.93963
0.0,3,0.939836
1.0,29,0.943444
0.0,1,0.943733
0.0,19,0.946819
0.0,6,0.947237
0.0,39,0.951432
0.0,5,0.95192
1.0,7,0.952305
1.0,23,0.955426
0.0,10,0.95597
1.0,14,0.95902
0.0,24,0.960515
1.0,20,0.964105
1.0,49,0.976211
0.0,39,0.978478
1.0,13,0.979387
0.0,4,0.979727
1.0,15,0.980522
0.0,23,0.982107
0.0,1,0.982263
0.0,4,0.982512
1.0,21,0.985551
1.0,18,0.986443
0.0,5,0.988855
0.0,2,0.989104
0.0,79,0.997426
1.0,11,0.998142
0.0,18,0.999032
0.0,24,1.002242
0.0,3,1.002489
1.0,18,1.003411
0.0,3,1.005736
0.0,6,1.00619
0.0,4,1.006449
1.0,10,1.008144
0.0,11,1.008896
1.0,21,1.012171
0.0,11,1.012854
0.0,6,1.013196
1.0,10,1.015764
0.0,13,1.016429
0.0,34,1.019143
1.0,12,1.021968
0.0,2,1.022268
0.0,1,1.022416
1.0,12,1.023081
0.0,2,1.02329
0.0,12,1.026302
1.0,11,1.028115
1.0,17,1.028965
0.0,5,1.029258
0.0,1,1.029372
1.0,25,1.032566
0.0,29,1.035933
1.0,15,1.037847
0.0,1,1.038096
0.0,6,1.038458
0.0,26,1.04204
1.0,32,1.045716
0.0,4,1.045992
0.0,16,1.0488
0.0,2,1.048965
0.0,8,1.049378
1.0,20,1.050324
0.0,14,1.053242
0.0,6,1.053853
0.0,7,1.054283
0.0,19,1.057518
0.0,1,1.057751
0.0,20,1.060756
0.0,16,1.06157
1.0,52,1.065977
0.0,7,1.066368
0.0,34,1.070381
0.0,11,1.073343
1.0,36,1.077302
1.0,14,1.078085
0.0,66,1.083536
1.0,10,1.087689
0.0,3,1.087918
1.0,23,1.089017
1.0,12,1.091738
1.0,25,1.093075
0.0,8,1.093491
1.0,13,1.096328
0.0,5,1.097903
0.0,27,1.099404
0.0,43,1.106928
0.0,12,1.107651
0.0,8,1.10807
0.0,8,1.108484
1.0,11,1.109037
0.0,13,1.112012
0.0,2,1.112408
1.0,13,1.113163
0.0,19,1.116563
1.0,21,1.122004
0.0,11,1.122682
0.0,20,1.123631
0.0,22,1.124661
0.0,18,1.125508
0.0,3,1.128137
0.0,1,1.128504
1.0,14,1.129337
0.0,3,1.131838
0.0,10,1.132534
0.0,6,1.132893
0.0,7,1.133277
0.0,9,1.137029
1.0,10,1.13767
0.0,4,1.137913
1.0,34,1.14171
0.0,11,1.142584
0.0,26,1.146552
1.0,21,1.149895
1.0,9,1.150385
0.0,46,1.156814
1.0,12,1.157551
0.0,13,1.158208
0.0,8,1.158642
0.0,26,1.159842
0.0,24,1.164149
1.0,7,1.164656
0.0,11,1.165217
0.0,13,1.169073
0.0,8,1.169599
0.0,42,1.173721
1.0,24,1.17716
0.0,21,1.178298
0.0,2,1.178476
0.0,16,1.179273
0.0,8,1.179718
0.0,7,1.180108
1.0,13,1.182954
0.0,29,1.184389
1.0,17,1.187455
0.0,21,1.190798
0.0,9,1.191342
1.0,13,1.19524
0.0,4,1.195598
0.0,8,1.196052
0.0,19,1.19806
0.0,47,1.202579
0.0,12,1.203275
0.0,16,1.206156
0.0,54,1.212243
0.0,19,1.215316
1.0,8,1.215794
1.0,30,1.219248
0.0,21,1.220294
0.0,7,1.222789
0.0,38,1.224657
0.0,18,1.225561
0.0,18,1.228514
0.0,10,1.229071
1.0,10,1.229572
0.0,8,1.232107
0.0,2,1.232301
1.0,20,1.239397
0.0,7,1.239898
0.0,30,1.247236
0.0,54,1.253201
0.0,13,1.25659
0.0,6,1.257282
0.0,14,1.260691
0.0,16,1.261482
0.0,20,1.264494
0.0,5,1.264819
0.0,18,1.270113
0.0,7,1.270545
0.0,11,1.271795
0.0,1,1.271904
0.0,14,1.272578
0.0,11,1.276161
0.0,3,1.276375
0.0,50,1.284777
1.0,35,1.290418
1.0,24,1.291954
0.0,24,1.295785
0.0,9,1.296268
0.0,63,1.30549
0.0,20,1.31021
1.0,16,1.312003
0.0,3,1.312202
1.0,24,1.315717
1.0,10,1.316228
0.0,9,1.319354
0.0,6,1.319697
0.0,32,1.322271
0.0,1,1.32239
0.0,19,1.334105
0.0,25,1.335549
0.0,18,1.336539
0.0,10,1.337074
1.0,16,1.337841
0.0,13,1.338466
0.0,3,1.33868
0.0,7,1.339054
1.0,19,1.339955
1.0,21,1.342961
1.0,16,1.343773
0.0,4,1.344028
0.0,2,1.344189
0.0,8,1.346649
0.0,26,1.348059
0.0,13,1.351192
0.0,4,1.351686
1.0,22,1.354742
1.0,12,1.355343
1.0,8,1.355766
0.0,2,1.35592
1.0,15,1.357655
0.0,7,1.358042
0.0,17,1.358875
1.0,18,1.361792
0.0,6,1.362204
0.0,23,1.363433
0.0,8,1.366336
0.0,3,1.367733
0.0,2,1.367897
0.0,22,1.368929
0.0,20,1.371904
0.0,21,1.37294
1.0,15,1.3757
1.0,16,1.376488
1.0,26,1.379033
1.0,19,1.382333
0.0,24,1.383546
1.0,21,1.386552
1.0,22,1.388637
0.0,1,1.388753
0.0,10,1.389271
1.0,34,1.393025
0.0,5,1.393488
0.0,9,1.396319
0.0,14,1.399183
0.0,3,1.399399
0.0,56,1.403997
0.0,13,1.40671
0.0,30,1.408296
0.0,6,1.411187
0.0,80,1.424198
0.0,7,1.426465
0.0,26,1.430978
1.0,22,1.432089
0.0,12,1.436891
0.0,7,1.437389
1.0,22,1.439549
1.0,38,1.444627
0.0,28,1.451118
1.0,7,1.451524
0.0,7,1.454955
0.0,20,1.458419
0.0,12,1.459095
1.0,13,1.462929
0.0,2,1.4631
1.0,28,1.467516
0.0,22,1.471982
1.0,26,1.475454
0.0,17,1.476274
1.0,18,1.484368
0.0,12,1.486246
0.0,9,1.488093
0.0,5,1.488387
1.0,10,1.491041
0.0,3,1.491244
1.0,27,1.492512
0.0,11,1.495786
0.0,4,1.496041
0.0,7,1.496418
1.0,27,1.504488
1.0,29,1.507959
0.0,2,1.508129
0.0,2,1.508287
0.0,4,1.508535
1.0,48,1.517756
0.0,19,1.518804
0.0,23,1.519882
0.0,8,1.520301
0.0,6,1.522666
1.0,21,1.523766
0.0,16,1.5246
0.0,1,1.526955
0.0,21,1.527977
1.0,23,1.529639
0.0,12,1.530257
1.0,14,1.53297
0.0,7,1.533383
0.0,1,1.533495
1.0,11,1.534052
1.0,8,1.534467
0.0,3,1.534675
1.0,25,1.539951
0.0,12,1.540716
0.0,1,1.540834
1.0,31,1.542291
0.0,18,1.545231
1.0,12,1.545908
0.0,4,1.546172
1.0,17,1.549057
0.0,33,1.550601
0.0,20,1.553568
0.0,10,1.554078
1.0,11,1.556648
0.0,46,1.560822
0.0,4,1.561084
0.0,3,1.561288
1.0,39,1.565095
0.0,5,1.565395
1.0,23,1.56646
1.0,30,1.569856
0.0,14,1.57054
0.0,14,1.573261
0.0,10,1.573795
0.0,22,1.576876
0.0,4,1.577128
1.0,14,1.577816
0.0,10,1.578317
0.0,14,1.581048
0.0,1,1.581277
0.0,9,1.581802
0.0,4,1.582047
0.0,10,1.582547
0.0,11,1.583098
0.0,8,1.583509
0.0,14,1.587477
0.0,4,1.587832
0.0,3,1.588036
0.0,15,1.590953
1.0,36,1.59514
0.0,1,1.59547
0.0,3,1.595726
0.0,23,1.599079
1.0,11,1.599736
0.0,38,1.603661
0.0,10,1.604276
0.0,14,1.607318
0.0,22,1.611
0.0,30,1.614764
1.0,31,1.61743
0.0,3,1.620891
0.0,12,1.621584
1.0,18,1.622553
0.0,2,1.62285
0.0,6,1.623215
0.0,9,1.62375
1.0,46,1.628112
1.0,24,1.632553
0.0,25,1.636035
0.0,24,1.639952
0.0,3,1.640473
0.0,8,1.64097
1.0,6,1.641353
1.0,7,1.645006
0.0,5,1.645439
1.0,45,1.64752
1.0,16,1.648325
1.0,21,1.652869
0.0,19,1.656452
0.0,17,1.657469
0.0,2,1.65979
0.0,8,1.660392
0.0,9,1.660872
1.0,14,1.66155
0.0,16,1.665519
0.0,5,1.665904
0.0,4,1.666158
0.0,6,1.6665
1.0,12,1.667164
1.0,33,1.671167
1.0,14,1.672093
0.0,3,1.672295
0.0,13,1.675104
0.0,1,1.675294
0.0,2,1.675448
1.0,10,1.675963
1.0,20,1.680087
0.0,6,1.680506
1.0,36,1.684632
0.0,12,1.685489
0.0,18,1.687456
1.0,27,1.69092
0.0,29,1.695535
0.0,12,1.696233
0.0,1,1.696347
0.0,21,1.697449
0.0,38,1.701743
0.0,11,1.702403
0.0,17,1.705372
0.0,6,1.705791
0.0,18,1.70981
0.0,3,1.710116
0.0,12,1.710758
0.0,15,1.711568
0.0,38,1.715569
1.0,9,1.71721
0.0,8,1.720175
0.0,6,1.720813
0.0,1,1.720958
0.0,3,1.721176
0.0,5,1.721497
0.0,4,1.725567
0.0,2,1.725801
0.0,1,1.725914
0.0,11,1.726474
0.0,27,1.727769
0.0,3,1.727971
0.0,15,1.730755
0.0,11,1.731352
0.0,6,1.731697
0.0,20,1.735062
0.0,20,1.736367
1.0,19,1.739738
0.0,7,1.740163
0.0,9,1.742688
0.0,7,1.743119
0.0,1,1.743228
0.0,4,1.743468
0.0,1,1.743577
0.0,11,1.744128
0.0,14,1.746949
0.0,18,1.74804
1.0,10,1.751024
1.0,48,1.755565
1.0,31,1.759132
0.0,28,1.760473
0.0,2,1.762823
0.0,35,1.766972
0.0,15,1.767814
0.0,3,1.76802
0.0,22,1.771143
0.0,29,1.772533
0.0,2,1.774756
0.0,9,1.775245
0.0,39,1.779406
0.0,7,1.78002
0.0,3,1.78027
0.0,10,1.782954
0.0,3,1.783231
1.0,18,1.784113
1.0,16,1.786927
0.0,33,1.788444
0.0,3,1.790661
0.0,2,1.790823
0.0,7,1.791193
0.0,22,1.792298
1.0,18,1.795685
1.0,18,1.799836
1.0,9,1.800557
0.0,2,1.800732
1.0,13,1.801384
1.0,11,1.803955
0.0,14,1.804656
1.0,10,1.805162
0.0,7,1.805534
0.0,7,1.806934
1.0,42,1.811957
1.0,6,1.812362
0.0,2,1.812519
0.0,15,1.813276
0.0,3,1.813481
1.0,12,1.814109
0.0,1,1.814221
0.0,9,1.82215
1.0,19,1.825354
1.0,23,1.826544
0.0,4,1.830678
1.0,23,1.834039
0.0,9,1.834515
0.0,12,1.835115
0.0,5,1.8354
0.0,43,1.841648
0.0,3,1.845856
1.0,57,1.855634
1.0,31,1.859265
1.0,52,1.867796
0.0,6,1.868233
0.0,15,1.87148
0.0,1,1.871671
0.0,15,1.87242
1.0,11,1.876039
0.0,20,1.880013
1.0,26,1.883988
0.0,18,1.887976
0.0,14,1.891279
1.0,11,1.891886
0.0,3,1.892129
1.0,11,1.895493
0.0,11,1.896213
0.0,21,1.900259
0.0,20,1.90382
0.0,4,1.904077
1.0,23,1.905157
0.0,18,1.91038
1.0,14,1.91138
1.0,26,1.914741
1.0,7,1.915148
0.0,11,1.915718
0.0,17,1.916544
0.0,5,1.91885
1.0,11,1.919405
1.0,34,1.920956
0.0,10,1.921464
0.0,15,1.926595
0.0,1,1.92696
0.0,9,1.927432
0.0,3,1.929668
0.0,5,1.92998
0.0,1,1.930094
1.0,42,1.935074
1.0,18,1.935966
1.0,7,1.936337
1.0,32,1.93797
1.0,13,1.941178
0.0,33,1.945008
1.0,15,1.94579
1.0,20,1.948769
0.0,2,1.948945
0.0,14,1.949628
0.0,5,1.949911
1.0,47,1.954407
0.0,9,1.957379
0.0,22,1.960536
0.0,1,1.960686
1.0,18,1.961555
1.0,41,1.965431
1.0,14,1.9672
1.0,53,1.977623
0.0,18,1.978564
0.0,9,1.979042
0.0,5,1.97933
0.0,6,1.979671
1.0,7,1.980043
0.0,18,1.980903
0.0,1,1.981013
1.0,13,1.981654
0.0,11,1.982271
0.0,14,1.985369
0.0,33,1.989271
1.0,25,1.990528
0.0,1,1.992664
0.0,28,1.993965
1.0,6,1.994299
0.0,3,1.994496
0.0,25,1.997772
1.0,21,2.001327
0.0,4,2.001788
0.0,3,2.001994
0.0,12,2.002594
0.0,12,2.010494
0.0,6,2.013398
1.0,15,2.014432
1.0,11,2.017952
0.0,14,2.022036
1.0,17,2.026453
0.0,24,2.028715
0.0,12,2.029331
0.0,5,2.032425
0.0,11,2.03322
1.0,24,2.037597
0.0,14,2.042432
0.0,16,2.04323
1.0,14,2.045182
0.0,6,2.045526
0.0,15,2.050212
1.0,33,2.055165
0.0,9,2.056411
0.0,17,2.058288
0.0,4,2.058546
0.0,11,2.059109
0.0,1,2.059222
0.0,1,2.059335
0.0,5,2.062947
0.0,4,2.063281
0.0,56,2.069735
0.0,14,2.070493
0.0,5,2.076917
0.0,30,2.079313
0.0,26,2.08284
0.0,22,2.087766
0.0,6,2.08812
1.0,13,2.091212
1.0,10,2.091742
1.0,7,2.092112
1.0,45,2.103765
0.0,6,2.104245
1.0,10,2.10481
1.0,18,2.10569
0.0,12,2.106294
0.0,17,2.107136
0.0,21,2.108126
1.0,21,2.10912
1.0,22,2.110146
1.0,21,2.113315
0.0,26,2.114631
0.0,1,2.114745
0.0,29,2.121283
0.0,18,2.122254
1.0,13,2.1229
0.0,20,2.126022
0.0,11,2.126703
0.0,15,2.127424
1.0,14,2.13132
1.0,23,2.132507
0.0,6,2.132871
0.0,6,2.133209
0.0,8,2.133641
0.0,1,2.133756
1.0,17,2.134583
0.0,7,2.13722
0.0,3,2.137449
0.0,17,2.138275
0.0,15,2.139014
0.0,2,2.139173
0.0,9,2.141778
0.0,24,2.144137
1.0,19,2.145099
0.0,5,2.145385
1.0,13,2.148229
0.0,15,2.149075
1.0,33,2.153847
0.0,1,2.154069
0.0,15,2.154799
0.0,9,2.155261
0.0,17,2.158256
0.0,18,2.159214
1.0,21,2.162538
0.0,4,2.162903
0.0,4,2.163151
0.0,5,2.163462
0.0,18,2.164349
1.0,12,2.169201
0.0,11,2.169916
1.0,20,2.170872
0.0,2,2.171029
0.0,5,2.171314
0.0,25,2.175724
0.0,10,2.176325
0.0,20,2.180475
1.0,9,2.181048
1.0,44,2.183061
0.0,13,2.186418
0.0,11,2.188174
0.0,18,2.18909
0.0,12,2.191908
0.0,66,2.198324
1.0,9,2.202089
0.0,7,2.202559
0.0,23,2.203656
0.0,4,2.203901
0.0,11,2.204447
0.0,19,2.207618
0.0,19,2.208652
0.0,8,2.209085
1.0,12,2.209698
0.0,7,2.210083
0.0,5,2.210372
0.0,5,2.213863
0.0,8,2.214375
1.0,47,2.2198
0.0,33,2.221386
1.0,20,2.222354
1.0,36,2.228573
0.0,17,2.231681
0.0,19,2.23282
0.0,21,2.235863
0.0,2,2.236057
0.0,9,2.236512
0.0,8,2.238013
0.0,6,2.238363
0.0,17,2.239202
0.0,5,2.239496
0.0,26,2.242987
0.0,3,2.243379
0.0,5,2.246038
0.0,24,2.248427
0.0,5,2.248766
0.0,9,2.249227
1.0,24,2.25244
0.0,10,2.253011
0.0,2,2.253171
0.0,29,2.257637
1.0,18,2.261253
0.0,5,2.261765
0.0,17,2.262575
1.0,11,2.265482
1.0,46,2.269719
0.0,12,2.270359
0.0,7,2.272988
1.0,18,2.274126
0.0,5,2.27451
0.0,4,2.276958
0.0,30,2.278442
0.0,1,2.278571
0.0,15,2.281311
0.0,24,2.282458
1.0,18,2.285358
0.0,9,2.286061
1.0,13,2.289023
0.0,24,2.29047
0.0,6,2.293032
0.0,14,2.293782
0.0,17,2.294587
0.0,6,2.296966
1.0,28,2.298295
1.0,16,2.301107
1.0,39,2.305423
0.0,7,2.306127
0.0,1,2.30627
0.0,27,2.309567
0.0,1,2.309709
0.0,11,2.310255
0.0,17,2.313104
0.0,38,2.316961
0.0,20,2.318085
1.0,10,2.321084
0.0,6,2.321675
0.0,8,2.322101
0.0,18,2.324973
1.0,60,2.329746
0.0,1,2.32988
0.0,10,2.330392
0.0,12,2.333244
0.0,13,2.334154
0.0,13,2.337045
0.0,4,2.337419
1.0,15,2.338151
0.0,16,2.340941
1.0,29,2.34235
1.0,23,2.345482
1.0,36,2.350602
0.0,40,2.352713
1.0,19,2.355657
1.0,22,2.357717
0.0,33,2.359269
0.0,7,2.361691
1.0,8,2.362161
0.0,6,2.362538
0.0,22,2.365971
0.0,14,2.367927
0.0,20,2.368896
0.0,7,2.369277
0.0,12,2.371891
0.0,23,2.373018
0.0,1,2.373134
0.0,9,2.375618
0.0,11,2.376201
0.0,5,2.376492
1.0,6,2.37801
0.0,7,2.378547
0.0,36,2.382525
0.0,41,2.387886
1.0,22,2.391257
0.0,5,2.391571
0.0,28,2.39534
0.0,8,2.396013
1.0,29,2.39992
0.0,29,2.408357
0.0,4,2.411726
1.0,19,2.416071
0.0,11,2.417703
0.0,11,2.41827
0.0,19,2.4217
1.0,63,2.429623
0.0,13,2.430385
1.0,10,2.435417
1.0,31,2.441035
0.0,1,2.441318
1.0,41,2.451416
0.0,2,2.452237
1.0,23,2.45349
0.0,19,2.45749
0.0,7,2.462213
1.0,8,2.462703
0.0,14,2.463397
0.0,3,2.463602
1.0,15,2.467396
0.0,17,2.47083
1.0,65,2.482282
1.0,11,2.485354
0.0,4,2.48586
0.0,2,2.486035
1.0,57,2.49387
0.0,23,2.499383
0.0,17,2.500512
1.0,25,2.503894
0.0,26,2.505164
0.0,4,2.50541
1.0,13,2.508083
0.0,13,2.508756
1.0,15,2.509494
0.0,5,2.511833
0.0,8,2.512304
1.0,13,2.513017
0.0,5,2.513352
1.0,18,2.517626
0.0,40,2.521559
1.0,9,2.522065
1.0,12,2.5247
0.0,4,2.524964
0.0,15,2.525705
0.0,7,2.526088
0.0,1,2.526201
0.0,17,2.529434
0.0,5,2.529963
1.0,32,2.533667
0.0,11,2.534491
0.0,25,2.537681
0.0,12,2.538302
0.0,12,2.538914
1.0,10,2.539431
0.0,6,2.541819
0.0,22,2.543028
0.0,31,2.548017
0.0,3,2.54831
0.0,13,2.550982
0.0,13,2.551634
0.0,32,2.555159
0.0,4,2.555427
0.0,3,2.555642
0.0,13,2.556291
0.0,13,2.559148
1.0,12,2.559901
0.0,15,2.562743
1.0,41,2.566694
0.0,3,2.566923
0.0,49,2.571342
1.0,21,2.572474
1.0,8,2.57517
0.0,3,2.57549
0.0,7,2.575917
1.0,16,2.578906
0.0,1,2.579102
0.0,7,2.579493
0.0,14,2.580185
0.0,24,2.581303
1.0,22,2.584536
0.0,24,2.587985
0.0,20,2.589129
1.0,14,2.592052
0.0,8,2.592574
1.0,9,2.59305
0.0,20,2.596179
0.0,3,2.596463
0.0,5,2.596777
1.0,35,2.60743
1.0,28,2.609153
1.0,44,2.616347
0.0,1,2.616535
0.0,28,2.6244
1.0,16,2.625877
0.0,19,2.629085
1.0,13,2.62978
0.0,43,2.638381
0.0,8,2.639488
0.0,3,2.641068
0.0,16,2.641904
1.0,16,2.646214
0.0,5,2.649074
0.0,12,2.649881
0.0,1,2.649995
0.0,7,2.650368
0.0,7,2.653031
1.0,7,2.653449
0.0,1,2.65356
0.0,30,2.658512
1.0,17,2.663747
1.0,7,2.664172
0.0,9,2.666005
1.0,8,2.666422
1.0,23,2.669956
0.0,3,2.670244
0.0,19,2.673576
0.0,24,2.678254
1.0,13,2.68138
0.0,6,2.681808
0.0,6,2.682162
0.0,1,2.682274
0.0,32,2.686221
1.0,31,2.692061
0.0,6,2.692494
1.0,31,2.696134
0.0,16,2.700175
0.0,12,2.700891
0.0,22,2.701948
0.0,22,2.702982
0.0,17,2.707006
0.0,5,2.707405
1.0,11,2.707966
0.0,11,2.708516
1.0,15,2.711439
1.0,14,2.71224
0.0,31,2.716911
0.0,13,2.717663
0.0,1,2.717779
1.0,13,2.718428
0.0,10,2.718954
0.0,9,2.719424
1.0,44,2.728591
0.0,3,2.728886
0.0,5,2.729184
1.0,56,2.733772
0.0,1,2.733926
0.0,2,2.734086
0.0,8,2.734511
1.0,19,2.737495
0.0,14,2.738216
0.0,10,2.740775
1.0,52,2.745428
0.0,10,2.745993
0.0,2,2.746151
0.0,6,2.746481
0.0,3,2.748745
0.0,17,2.74962
0.0,3,2.749825
1.0,18,2.752772
0.0,1,2.752916
0.0,4,2.75316
1.0,17,2.75398
0.0,19,2.756933
0.0,3,2.757173
0.0,6,2.757504
0.0,50,2.762869
0.0,11,2.763506
1.0,6,2.763858
1.0,17,2.766769
0.0,14,2.767489
1.0,11,2.768044
1.0,18,2.770958
1.0,14,2.771683
0.0,10,2.772188
0.0,8,2.772601
0.0,26,2.775885
0.0,7,2.776257
0.0,1,2.776366
0.0,3,2.776564
1.0,45,2.78677
0.0,18,2.787717
1.0,9,2.788183
0.0,12,2.78878
0.0,37,2.790473
0.0,17,2.791288
0.0,19,2.792204
0.0,10,2.792735
0.0,1,2.792848
0.0,13,2.793496
1.0,32,2.798038
1.0,15,2.800792
0.0,19,2.801704
0.0,7,2.802081
1.0,12,2.804685
0.0,11,2.805237
0.0,7,2.805616
1.0,16,2.806381
0.0,15,2.80814
1.0,48,2.812362
0.0,19,2.813274
0.0,14,2.815967
1.0,7,2.816346
1.0,20,2.818302
0.0,9,2.818777
0.0,2,2.818935
0.0,12,2.819524
0.0,41,2.823442
0.0,5,2.825775
0.0,3,2.825992
0.0,10,2.82651
1.0,21,2.82851
1.0,24,2.831651
0.0,33,2.833171
0.0,29,2.836521
0.0,14,2.838251
0.0,22,2.839319
0.0,4,2.839568
1.0,12,2.8424
0.0,4,2.842667
0.0,2,2.842821
0.0,25,2.845989
1.0,21,2.84799
0.0,3,2.848212
1.0,28,2.85191
0.0,24,2.85318
1.0,26,2.856448
0.0,19,2.858388
1.0,6,2.858735
0.0,2,2.858891
0.0,3,2.85909
0.0,30,2.862597
1.0,15,2.863556
0.0,2,2.86622
0.0,13,2.868007
0.0,7,2.868406
0.0,2,2.868564
0.0,29,2.871955
0.0,19,2.872869
0.0,28,2.876172
0.0,5,2.876466
1.0,10,2.878212
1.0,32,2.882163
1.0,10,2.882788
0.0,30,2.884208
0.0,5,2.884504
1.0,96,2.892954
0.0,10,2.897794
0.0,1,2.898034
1.0,14,2.900772
0.0,20,2.901762
0.0,23,2.904848
0.0,7,2.905232
1.0,10,2.905742
0.0,9,2.906203
0.0,26,2.909832
1.0,19,2.913069
0.0,8,2.913584
1.0,28,2.916949
0.0,3,2.917167
0.0,15,2.917965
1.0,15,2.921093
0.0,12,2.921952
0.0,8,2.922477
0.0,5,2.925191
1.0,11,2.926064
1.0,26,2.929395
0.0,2,2.929579
0.0,2,2.929745
0.0,8,2.930171
1.0,12,2.932978
0.0,6,2.933476
0.0,26,2.93712
1.0,11,2.937899
0.0,7,2.93836
0.0,7,2.941122
1.0,12,2.942064
1.0,8,2.944752
0.0,11,2.945336
0.0,4,2.945585
0.0,9,2.946064
0.0,16,2.949183
0.0,17,2.950276
0.0,17,2.953583
1.0,19,2.956991
0.0,5,2.957372
1.0,17,2.958213
0.0,14,2.960957
1.0,15,2.961733
1.0,29,2.965534
0.0,18,2.968986
0.0,6,2.969538
0.0,1,2.969699
0.0,4,2.969989
0.0,33,2.973989
1.0,11,2.975286
0.0,36,2.979346
0.0,7,2.979951
0.0,12,2.982717
0.0,13,2.988162
0.0,33,2.99003
0.0,21,2.998082
1.0,17,3.001822
0.0,7,3.002457
1.0,11,3.006314
0.0,10,3.009779
0.0,13,3.013405
0.0,5,3.013956
0.0,6,3.014331
1.0,16,3.018526
0.0,12,3.02335
0.0,7,3.023771
0.0,22,3.024805
0.0,5,3.025094
1.0,37,3.034187
0.0,3,3.034476
0.0,3,3.035215
1.0,27,3.036498
0.0,12,3.043667
0.0,9,3.044365
1.0,18,3.048921
0.0,3,3.049199
0.0,20,3.05106
1.0,8,3.051492
0.0,12,3.055161
0.0,7,3.05817
1.0,10,3.058762
0.0,3,3.058972
0.0,17,3.05982
1.0,35,3.068033
1.0,15,3.071883
1.0,34,3.078257
0.0,5,3.080814
0.0,10,3.081656
0.0,3,3.081891
0.0,1,3.082015
0.0,8,3.08248
0.0,2,3.084995
0.0,6,3.085588
0.0,4,3.085909
0.0,43,3.091233
0.0,2,3.091502
0.0,7,3.091901
1.0,13,3.09255
0.0,4,3.09499
1.0,10,3.095581
1.0,21,3.096596
0.0,33,3.09832
0.0,15,3.101442
1.0,37,3.105532
1.0,23,3.109881
0.0,14,3.110691
0.0,7,3.111079
1.0,13,3.113964
1.0,27,3.115441
0.0,11,3.117146
0.0,14,3.121086
0.0,9,3.121653
0.0,6,3.121999
1.0,9,3.122468
0.0,3,3.122694
0.0,6,3.123031
1.0,13,3.123689
1.0,14,3.124385
0.0,1,3.124498
0.0,36,3.128526
0.0,3,3.136114
1.0,56,3.138796
0.0,15,3.139545
1.0,19,3.140468
0.0,4,3.140733
0.0,1,3.140848
0.0,21,3.141869
0.0,10,3.142416
0.0,4,3.144942
0.0,10,3.145651
0.0,13,3.146337
0.0,8,3.148995
1.0,8,3.149518
0.0,8,3.149956
1.0,12,3.150564
1.0,12,3.153368
0.0,3,3.153666
0.0,5,3.153962
0.0,10,3.15448
1.0,27,3.158067
0.0,8,3.158576
0.0,3,3.160983
1.0,12,3.161662
0.0,12,3.162256
1.0,84,3.176424
0.0,3,3.176764
0.0,12,3.177354
0.0,15,3.178086
0.0,5,3.178376
0.0,5,3.178679
1.0,10,3.179182
0.0,4,3.179422
1.0,15,3.180155
0.0,31,3.181565
0.0,1,3.185099
0.0,6,3.190089
0.0,8,3.190574
0.0,5,3.190867
1.0,17,3.195067
0.0,9,3.19563
0.0,6,3.195976
0.0,7,3.196347
0.0,19,3.199864
0.0,11,3.200499
1.0,26,3.207342
0.0,18,3.210632
0.0,20,3.21406
0.0,5,3.21437
0.0,27,3.221407
0.0,7,3.222276
0.0,3,3.222477
0.0,20,3.223421
0.0,9,3.226584
0.0,1,3.22709
0.0,54,3.236386
0.0,24,3.239594
0.0,6,3.239941
0.0,24,3.243499
0.0,7,3.243923
0.0,29,3.247973
0.0,28,3.252285
0.0,4,3.25256
1.0,13,3.255631
0.0,3,3.25585
0.0,29,3.259921
1.0,14,3.263646
0.0,9,3.264143
0.0,10,3.267082
0.0,4,3.267347
0.0,12,3.267951
1.0,26,3.271864
0.0,4,3.272139
0.0,22,3.276232
0.0,3,3.276462
1.0,16,3.27928
0.0,23,3.28038
0.0,2,3.280538
0.0,3,3.282802
1.0,15,3.283549
0.0,12,3.284151
0.0,1,3.284261
0.0,22,3.285293
0.0,6,3.289673
0.0,3,3.289952
1.0,15,3.290707
1.0,15,3.291448
0.0,12,3.292053
1.0,8,3.29247
0.0,7,3.294861
0.0,9,3.29533
1.0,17,3.296362
0.0,14,3.299063
0.0,15,3.299798
0.0,21,3.302801
0.0,8,3.303239
0.0,5,3.303532
0.0,2,3.303701
0.0,59,3.308386
0.0,16,3.311188
1.0,25,3.312356
0.0,2,3.312513
1.0,12,3.315115
0.0,9,3.315579
0.0,41,3.31948
0.0,8,3.319931
0.0,7,3.320315
0.0,76,3.327752
1.0,14,3.328478
0.0,2,3.33065
0.0,29,3.331995
0.0,12,3.332602
0.0,6,3.334974
0.0,22,3.336034
0.0,6,3.33637
0.0,5,3.338683
0.0,12,3.339281
0.0,2,3.339436
1.0,10,3.339949
0.0,30,3.343338
0.0,19,3.344247
0.0,1,3.344358
0.0,40,3.348233
1.0,31,3.351721
0.0,8,3.352152
0.0,8,3.352567
1.0,11,3.355129
0.0,20,3.356077
0.0,33,3.3596
0.0,8,3.360032
0.0,3,3.360229
0.0,1,3.360337
0.0,6,3.36269
0.0,10,3.363213
0.0,11,3.363783
0.0,1,3.363897
1.0,14,3.364584
0.0,12,3.367202
1.0,40,3.371029
0.0,17,3.371849
0.0,4,3.372095
0.0,1,3.372205
0.0,4,3.372445
0.0,11,3.376018
0.0,33,3.377564
1.0,14,3.378278
0.0,19,3.379202
0.0,14,3.381918
0.0,3,3.382123
1.0,25,3.383281
0.0,34,3.387856
0.0,26,3.391095
0.0,24,3.392243
0.0,1,3.392359
0.0,21,3.395388
0.0,3,3.395792
0.0,4,3.396043
0.0,7,3.396428
0.0,20,3.39939
0.0,2,3.399557
0.0,4,3.399828
1.0,29,3.403177
0.0,11,3.40374
0.0,19,3.406656
0.0,1,3.406783
0.0,26,3.408018
0.0,3,3.408224
0.0,15,3.410987
0.0,18,3.41187
0.0,2,3.412026
0.0,6,3.412353
1.0,76,3.424877
1.0,54,3.427442
0.0,17,3.428264
0.0,26,3.429464
0.0,2,3.42964
0.0,18,3.430482
0.0,3,3.430693
1.0,19,3.431577
0.0,5,3.433879
0.0,19,3.434798
1.0,31,3.438262
1.0,18,3.439155
0.0,14,3.441864
1.0,9,3.442334
1.0,32,3.445823
0.0,14,3.446509
0.0,39,3.449303
0.0,3,3.449508
0.0,5,3.449802
1.0,25,3.455119
0.0,5,3.455503
0.0,46,3.458651
0.0,7,3.459037
0.0,1,3.459148
0.0,31,3.46305
0.0,2,3.463402
0.0,22,3.467886
0.0,1,3.46809
0.0,29,3.471483
0.0,22,3.474913
0.0,3,3.475402
1.0,15,3.47624
0.0,1,3.476432
0.0,6,3.479146
0.0,15,3.480151
0.0,7,3.482753
0.0,3,3.483047
0.0,9,3.48352
0.0,17,3.484359
0.0,6,3.48676
1.0,26,3.488158
1.0,9,3.491114
0.0,10,3.491885
0.0,6,3.492285
0.0,7,3.495027
1.0,15,3.496026
1.0,18,3.499518
0.0,5,3.499852
0.0,8,3.500279
0.0,3,3.500481
1.0,42,3.507004
0.0,13,3.507792
1.0,18,3.508674
1.0,24,3.511865
0.0,2,3.512081
0.0,7,3.512497
0.0,14,3.513272
0.0,6,3.515998
0.0,4,3.516442
0.0,66,3.523031
0.0,1,3.523239
0.0,9,3.525745
0.0,9,3.526233
0.0,21,3.5285
0.0,3,3.528931
0.0,15,3.532122
1.0,25,3.535896
0.0,6,3.537635
0.0,6,3.538
1.0,18,3.538885
0.0,6,3.539233
0.0,12,3.542004
1.0,30,3.545846
0.0,3,3.546371
0.0,12,3.548138
0.0,8,3.548776
1.0,12,3.549453
0.0,5,3.552009
0.0,12,3.552731
1.0,14,3.553424
0.0,1,3.553539
0.0,10,3.557404
0.0,6,3.558001
1.0,10,3.560942
1.0,21,3.56224
0.0,20,3.565693
0.0,16,3.572468
0.0,14,3.573345
1.0,15,3.578222
0.0,33,3.587712
0.0,24,3.591428
0.0,14,3.592353
1.0,11,3.596386
0.0,3,3.600488
0.0,13,3.601242
0.0,11,3.60349
1.0,23,3.605544
1.0,20,3.612314
1.0,12,3.615244
0.0,1,3.61543
1.0,17,3.616273
0.0,18,3.621157
0.0,20,3.62513
0.0,38,3.631474
0.0,5,3.632025
0.0,13,3.638917
0.0,12,3.643099
0.0,57,3.649193
0.0,6,3.65459
0.0,6,3.655283
0.0,5,3.657897
1.0,19,3.658973
0.0,43,3.663451
0.0,30,3.668529
0.0,31,3.672378
0.0,5,3.672799
0.0,10,3.673319
1.0,14,3.676209
0.0,29,3.67884
1.0,7,3.67933
1.0,21,3.682632
0.0,29,3.687403
0.0,7,3.687909
0.0,5,3.688209
0.0,19,3.689135
0.0,18,3.69226
0.0,3,3.692595
1.0,44,3.698044
0.0,2,3.698319
0.0,51,3.703975
1.0,17,3.707154
0.0,1,3.707378
1.0,13,3.708094
0.0,13,3.711016
0.0,12,3.711798
0.0,39,3.715866
0.0,3,3.71618
0.0,3,3.716388
1.0,24,3.718622
0.0,6,3.719005
0.0,29,3.722647
0.0,28,3.726293
0.0,20,3.728533
0.0,12,3.729219
1.0,19,3.735773
0.0,31,3.73936
0.0,7,3.739787
0.0,9,3.740252
1.0,7,3.742696
0.0,36,3.744476
0.0,7,3.746963
0.0,6,3.747351
0.0,11,3.747925
0.0,8,3.748356
0.0,17,3.75126
0.0,16,3.752076
0.0,1,3.752189
0.0,14,3.752877
0.0,14,3.75355
1.0,60,3.766629
0.0,14,3.767417
0.0,1,3.76753
0.0,9,3.768014
0.0,1,3.768126
1.0,13,3.768765
1.0,14,3.76944
1.0,16,3.770219
0.0,22,3.771246
1.0,11,3.77181
1.0,12,3.772412
0.0,1,3.772525
1.0,15,3.773268
0.0,34,3.782413
0.0,10,3.785872
0.0,4,3.786137
0.0,8,3.786555
1.0,20,3.790352
0.0,1,3.790526
0.0,11,3.793534
1.0,27,3.797707
1.0,10,3.798219
1.0,26,3.802156
1.0,7,3.802552
1.0,47,3.811095
0.0,6,3.811467
1.0,17,3.813412
1.0,27,3.818285
0.0,7,3.821022
0.0,62,3.825941
0.0,2,3.826114
0.0,6,3.826442
0.0,7,3.830739
0.0,6,3.831081
0.0,15,3.834517
0.0,27,3.838146
0.0,5,3.838442
1.0,11,3.838999
0.0,33,3.840499
0.0,16,3.847479
0.0,3,3.848641
1.0,16,3.849422
0.0,23,3.853207
0.0,39,3.858455
1.0,24,3.863523
0.0,2,3.864395
1.0,18,3.865277
0.0,2,3.865435
0.0,16,3.868232
0.0,7,3.868623
1.0,8,3.86904
0.0,1,3.871698
1.0,29,3.873048
0.0,16,3.87583
0.0,4,3.876077
0.0,10,3.87658
0.0,3,3.8768
0.0,9,3.877269
0.0,29,3.880654
0.0,23,3.883774
0.0,8,3.884196
0.0,14,3.884879
0.0,4,3.885122
0.0,13,3.886768
0.0,6,3.887102
0.0,41,3.890974
0.0,21,3.893999
0.0,6,3.894342
0.0,1,3.894456
0.0,24,3.89662
0.0,78,3.907204
0.0,13,3.907946
0.0,14,3.908644
0.0,6,3.908978
0.0,3,3.909192
0.0,48,3.911417
0.0,11,3.913995
0.0,5,3.91429
0.0,54,3.919745
0.0,8,3.920208
0.0,2,3.920364
0.0,4,3.920618
1.0,16,3.921379
1.0,23,3.922464
0.0,8,3.925008
0.0,3,3.925223
0.0,5,3.925512
1.0,45,3.929587
0.0,15,3.930333
0.0,11,3.932894
0.0,15,3.933625
0.0,4,3.933869
1.0,11,3.934409
0.0,1,3.934519
0.0,14,3.937238
0.0,25,3.938437
0.0,2,3.938599
0.0,7,3.94101
0.0,19,3.941949
1.0,10,3.942457
0.0,1,3.942566
0.0,67,3.955707
1.0,13,3.956444
0.0,8,3.956895
0.0,9,3.957359
0.0,25,3.958518
0.0,23,3.959588
0.0,4,3.959846
0.0,33,3.961345
0.0,47,3.96548
0.0,4,3.966763
1.0,45,3.970914
0.0,12,3.973726
0.0,15,3.974461
0.0,19,3.975363
1.0,26,3.977579
1.0,15,3.980319
1.0,14,3.981007
0.0,29,3.98236
0.0,1,3.982479
0.0,7,3.984887
1.0,28,3.986218
1.0,12,3.988841
0.0,22,3.989877
0.0,19,3.992793
0.0,4,3.993041
0.0,4,3.99328
0.0,14,3.993962
0.0,2,3.994117
0.0,6,3.994444
1.0,16,3.997267
1.0,16,3.998068
0.0,4,3.998319
0.0,32,4.001848
0.0,25,4.005033
0.0,1,4.005151
0.0,4,4.005391
1.0,19,4.006319
0.0,40,4.01015
0.0,26,4.013405
1.0,18,4.014296
0.0,28,4.017627
0.0,15,4.018353
0.0,8,4.020782
0.0,2,4.020945
0.0,16,4.021713
0.0,11,4.022258
0.0,14,4.024956
1.0,20,4.025902
1.0,13,4.026533
1.0,20,4.02952
0.0,75,4.037008
0.0,1,4.037225
0.0,13,4.040237
1.0,18,4.041388
0.0,17,4.044346
0.0,19,4.045266
0.0,6,4.045593
1.0,22,4.048645
1.0,27,4.049977
0.0,25,4.053448
1.0,20,4.056838
0.0,49,4.061173
0.0,37,4.06493
0.0,13,4.065591
1.0,44,4.070141
0.0,6,4.072873
0.0,12,4.073776
0.0,7,4.074154
0.0,3,4.074352
0.0,3,4.074551
0.0,2,4.076972
0.0,1,4.07717
0.0,2,4.077328
0.0,16,4.078127
0.0,9,4.078603
0.0,5,4.082418
0.0,3,4.082712
0.0,6,4.083083
0.0,11,4.083737
0.0,28,4.085234
0.0,2,4.085526
0.0,41,4.097049
0.0,4,4.097523
1.0,24,4.098826
0.0,25,4.100267
1.0,13,4.101109
0.0,7,4.101558
0.0,28,4.103054
1.0,23,4.107721
0.0,7,4.108208
0.0,8,4.110791
0.0,18,4.111803
0.0,4,4.112083
1.0,21,4.11549
1.0,13,4.116412
1.0,15,4.119562
1.0,20,4.122971
0.0,26,4.12432
0.0,4,4.124576
1.0,48,4.129444
0.0,59,4.139466
0.0,44,4.152372
0.0,4,4.152917
0.0,4,4.153198
0.0,14,4.153971
0.0,27,4.167471
0.0,3,4.168028
0.0,29,4.176049
0.0,20,4.180747
0.0,5,4.181152
1.0,22,4.18788
0.0,8,4.188397
0.0,3,4.193726
1.0,17,4.194772
1.0,29,4.204035
1.0,13,4.207168
0.0,8,4.207671
0.0,25,4.214536
1.0,28,4.221829
0.0,10,4.225533
0.0,15,4.226372
0.0,1,4.226487
1.0,18,4.235691
1.0,26,4.243298
0.0,20,4.244406
0.0,31,4.245945
0.0,29,4.252593
0.0,3,4.252934
1.0,27,4.254256
0.0,6,4.254615
0.0,17,4.255442
1.0,29,4.267012
0.0,5,4.267393
0.0,6,4.267762
0.0,1,4.267872
0.0,37,4.269554
0.0,1,4.269679
0.0,8,4.270097
1.0,10,4.270597
0.0,6,4.270934
1.0,12,4.271521
0.0,16,4.282596
0.0,38,4.284449
0.0,6,4.284795
1.0,8,4.285211
0.0,23,4.286279
1.0,17,4.297413
1.0,26,4.298994
1.0,17,4.30006
0.0,9,4.300705
0.0,54,4.305595
0.0,9,4.314324
0.0,22,4.315374
1.0,8,4.315803
0.0,36,4.317463
0.0,1,4.317576
0.0,19,4.318476
0.0,11,4.319037
0.0,17,4.319863
1.0,28,4.323426
1.0,12,4.324278
0.0,18,4.327293
0.0,17,4.328154
0.0,5,4.328445
0.0,41,4.332533
0.0,18,4.333482
1.0,35,4.338219
0.0,2,4.340889
1.0,27,4.342244
0.0,2,4.342441
0.0,6,4.344959
0.0,48,4.350327
0.0,6,4.350752
0.0,19,4.35166
0.0,4,4.351918
1.0,18,4.352803
0.0,5,4.353113
0.0,4,4.353355
0.0,10,4.355876
0.0,19,4.357812
0.0,11,4.358374
1.0,13,4.359025
1.0,22,4.363142
1.0,27,4.364449
0.0,1,4.364559
0.0,14,4.367388
0.0,18,4.368341
1.0,15,4.37109
0.0,10,4.371613
0.0,3,4.371814
0.0,36,4.375595
1.0,43,4.3787
1.0,31,4.382295
0.0,50,4.387709
1.0,16,4.388562
0.0,23,4.39172
0.0,5,4.392027
0.0,29,4.39543
1.0,19,4.396376
1.0,48,4.403746
1.0,18,4.408831
0.0,8,4.409353
0.0,12,4.413129
0.0,16,4.414019
0.0,26,4.417318
0.0,1,4.417479
0.0,19,4.422544
0.0,52,4.433321
0.0,10,4.436027
0.0,6,4.436403
1.0,20,4.437375
0.0,4,4.440726
0.0,10,4.441341
0.0,9,4.442034
0.0,66,4.457233
0.0,4,4.457564
0.0,13,4.458215
0.0,18,4.459072
0.0,10,4.459577
0.0,10,4.460091
0.0,5,4.460378
0.0,17,4.46119
0.0,14,4.466007
0.0,35,4.469804
0.0,6,4.470188
0.0,29,4.4757
1.0,13,4.476407
1.0,15,4.481266
0.0,13,4.484014
0.0,19,4.484948
0.0,1,4.485064
1.0,25,4.490356
1.0,21,4.491421
0.0,2,4.491579
1.0,23,4.494671
0.0,9,4.495144
1.0,8,4.495557
0.0,3,4.495762
1.0,39,4.499575
1.0,41,4.503487
0.0,19,4.504402
0.0,63,4.516356
0.0,3,4.516663
0.0,2,4.516822
0.0,13,4.517456
0.0,18,4.518318
0.0,35,4.519923
0.0,20,4.520878
0.0,28,4.522166
1.0,28,4.525465
0.0,13,4.526112
0.0,10,4.528634
1.0,15,4.529387
1.0,24,4.530545
1.0,71,4.537807
0.0,23,4.540933
0.0,5,4.541229
0.0,11,4.541782
0.0,7,4.542157
0.0,23,4.545671
0.0,18,4.546528
1.0,25,4.549752
0.0,15,4.550494
0.0,3,4.552721
0.0,10,4.553232
1.0,12,4.553828
0.0,8,4.554245
0.0,29,4.557596
1.0,50,4.56189
0.0,11,4.562469
0.0,5,4.564787
1.0,24,4.565938
0.0,2,4.566099
0.0,8,4.566523
1.0,22,4.569559
0.0,33,4.573095
0.0,4,4.573349
1.0,42,4.577289
0.0,9,4.577789
0.0,15,4.578526
0.0,15,4.581283
0.0,13,4.58197
0.0,3,4.582171
0.0,8,4.582585
0.0,25,4.585958
0.0,10,4.586513
1.0,17,4.589348
0.0,1,4.589464
1.0,6,4.589803
1.0,15,4.590524
0.0,15,4.593535
0.0,9,4.594226
0.0,9,4.596895
0.0,9,4.597435
0.0,4,4.5977
0.0,39,4.601534
0.0,19,4.602453
0.0,4,4.604724
0.0,12,4.605321
0.0,23,4.606395
0.0,4,4.608922
0.0,1,4.609308
1.0,6,4.609712
0.0,11,4.610347
0.0,2,4.610562
0.0,1,4.61281
0.0,16,4.613661
1.0,29,4.617059
0.0,29,4.618407
0.0,7,4.62081
1.0,25,4.62202
0.0,10,4.6247
1.0,12,4.625808
1.0,18,4.62991
0.0,2,4.630157
0.0,12,4.630798
0.0,9,4.631272
0.0,20,4.632305
0.0,14,4.633154
0.0,36,4.638357
0.0,1,4.638564
1.0,20,4.641741
0.0,16,4.645999
0.0,14,4.647215
0.0,26,4.648455
0.0,18,4.649321
0.0,8,4.65207
0.0,9,4.652796
0.0,7,4.653243
1.0,21,4.657661
0.0,3,4.658022
0.0,7,4.65841
1.0,21,4.661601
0.0,27,4.666158
0.0,1,4.666366
0.0,7,4.666781
0.0,13,4.667495
1.0,31,4.669173
0.0,24,4.672733
0.0,2,4.672981
0.0,12,4.673588
1.0,8,4.674023
1.0,18,4.67809
0.0,1,4.678323
0.0,3,4.678527
0.0,22,4.679567
0.0,25,4.68326
0.0,3,4.686002
0.0,12,4.687931
0.0,13,4.688641
0.0,16,4.689425
1.0,36,4.694327
1.0,24,4.698045
0.0,47,4.707114
0.0,27,4.708519
0.0,8,4.708948
0.0,1,4.709059
1.0,34,4.710629
0.0,4,4.710872
0.0,14,4.711545
0.0,5,4.714182
1.0,38,4.718374
0.0,10,4.719007
0.0,17,4.722025
0.0,18,4.722969
0.0,14,4.72606
0.0,7,4.727887
0.0,11,4.728666
1.0,19,4.732042
0.0,7,4.732749
0.0,42,4.741053
0.0,47,4.745353
0.0,1,4.745521
0.0,45,4.759861
1.0,17,4.760978
0.0,8,4.7614
1.0,14,4.767878
0.0,18,4.768825
1.0,30,4.775634
0.0,4,4.775966
0.0,19,4.780157
0.0,7,4.780639
0.0,8,4.78106
0.0,20,4.782145
1.0,15,4.783025
0.0,3,4.783231
1.0,44,4.794421
0.0,4,4.794867
0.0,11,4.795498
0.0,12,4.798542
0.0,30,4.802304
0.0,25,4.807355
0.0,5,4.807722
0.0,4,4.807987
0.0,26,4.809227
0.0,9,4.8132
0.0,9,4.816935
1.0,9,4.817567
0.0,4,4.81909
0.0,4,4.819349
0.0,17,4.822311
0.0,21,4.823408
0.0,27,4.828089
0.0,30,4.832436
0.0,2,4.832691
1.0,16,4.833477
0.0,6,4.835892
0.0,3,4.836147
1.0,20,4.840377
1.0,9,4.841019
1.0,20,4.84646
0.0,20,4.847703
0.0,15,4.84845
0.0,14,4.849156
0.0,9,4.853158
0.0,23,4.856666
0.0,11,4.857478
1.0,18,4.862485
0.0,27,4.865894
0.0,5,4.866219
0.0,11,4.867835
0.0,29,4.869219
1.0,31,4.876493
0.0,8,4.877278
1.0,15,4.880061
0.0,10,4.880599
0.0,13,4.881258
0.0,6,4.881593
0.0,2,4.884048
0.0,7,4.884476
0.0,5,4.884828
1.0,7,4.885243
0.0,8,4.88783
0.0,29,4.889245
0.0,20,4.896081
0.0,1,4.89629
1.0,20,4.897267
1.0,16,4.898044
0.0,4,4.898287
0.0,13,4.900946
1.0,32,4.903854
1.0,14,4.904579
0.0,11,4.905145
1.0,23,4.909806
0.0,20,4.915182
1.0,24,4.916393
0.0,1,4.916507
1.0,8,4.918962
0.0,1,4.919086
0.0,11,4.919658
0.0,1,4.919773
0.0,43,4.936
0.0,8,4.93651
0.0,4,4.936808
1.0,20,4.94025
0.0,14,4.9413
0.0,23,4.944531
1.0,10,4.945085
0.0,9,4.945559
0.0,21,4.947566
0.0,25,4.950752
1.0,9,4.951222
0.0,17,4.954412
0.0,10,4.955166
0.0,12,4.956982
0.0,18,4.960212
0.0,4,4.960656
0.0,22,4.96397
0.0,3,4.96433
0.0,22,4.965398
0.0,1,4.965528
1.0,37,4.969248
0.0,6,4.969587
0.0,27,4.972897
0.0,10,4.973486
0.0,27,4.976915
0.0,15,4.979944
0.0,7,4.980336
0.0,27,4.981587
0.0,9,4.98431
0.0,14,4.985054
0.0,18,4.986943
0.0,16,4.98974
0.0,14,4.990518
0.0,11,4.991215
1.0,15,4.994047
1.0,17,4.994904
0.0,14,4.995581
0.0,13,4.997296
0.0,16,5.000236
0.0,29,5.003708
0.0,8,5.004141
0.0,10,5.00471
0.0,3,5.004961
0.0,9,5.005485
1.0,42,5.010552
0.0,2,5.010778
0.0,35,5.014642
1.0,7,5.015102
0.0,18,5.016989
0.0,10,5.0175
0.0,35,5.02131
0.0,22,5.022521
1.0,27,5.025804
0.0,5,5.026103
1.0,48,5.030339
0.0,20,5.0333
0.0,3,5.033504
1.0,24,5.038781
0.0,31,5.045424
1.0,12,5.046093
0.0,3,5.04629
0.0,14,5.050055
0.0,29,5.051475
0.0,1,5.05159
1.0,29,5.06327
1.0,15,5.064044
0.0,5,5.064341
0.0,10,5.064869
0.0,2,5.06503
0.0,18,5.065912
1.0,18,5.07698
0.0,26,5.07831
0.0,14,5.079006
1.0,19,5.079911
1.0,10,5.080629
1.0,43,5.0826
0.0,9,5.083083
1.0,12,5.083694
0.0,7,5.084065
0.0,5,5.084348
0.0,9,5.097071
0.0,4,5.09742
1.0,20,5.098436
0.0,20,5.099405
0.0,8,5.099851
1.0,19,5.100781
0.0,31,5.112395
0.0,33,5.114066
1.0,26,5.115301
1.0,8,5.115744
0.0,7,5.116126
1.0,8,5.116551
0.0,19,5.127612
0.0,7,5.128054
1.0,19,5.128957
1.0,20,5.1299
1.0,16,5.130673
0.0,10,5.131188
0.0,55,5.143829
1.0,11,5.144452
1.0,13,5.145117
0.0,3,5.145322
0.0,11,5.145894
0.0,3,5.1461
0.0,8,5.146524
1.0,25,5.158125
0.0,5,5.158653
0.0,8,5.159144
0.0,1,5.159286
0.0,21,5.160408
0.0,36,5.172394
0.0,2,5.172668
1.0,14,5.173429
1.0,24,5.174761
0.0,9,5.175385
1.0,11,5.187272
0.0,8,5.187819
0.0,4,5.188075
1.0,22,5.189136
0.0,15,5.189888
0.0,30,5.191312
0.0,59,5.204638
0.0,9,5.205226
1.0,25,5.216938
0.0,2,5.217264
0.0,31,5.218901
0.0,21,5.220172
0.0,8,5.220721
0.0,4,5.220994
0.0,8,5.221456
0.0,15,5.23259
1.0,25,5.234087
0.0,2,5.23429
0.0,24,5.235435
1.0,14,5.236147
0.0,5,5.236439
1.0,9,5.247213
0.0,18,5.248213
0.0,4,5.248481
0.0,53,5.25095
1.0,16,5.261945
0.0,2,5.26219
0.0,13,5.262855
1.0,12,5.264115
0.0,4,5.264513
1.0,10,5.265064
0.0,1,5.265176
0.0,9,5.265963
0.0,4,5.266232
1.0,12,5.277061
1.0,21,5.278169
0.0,11,5.278787
0.0,9,5.279358
1.0,27,5.280701
0.0,22,5.291947
1.0,7,5.292426
0.0,4,5.292699
1.0,45,5.294734
0.0,25,5.296006
1.0,7,5.296506
0.0,22,5.307772
0.0,1,5.307975
1.0,15,5.308724
1.0,43,5.310783
1.0,7,5.311183
0.0,17,5.322234
0.0,28,5.323657
0.0,11,5.324217
1.0,27,5.325566
0.0,13,5.326433
1.0,32,5.328017
0.0,15,5.328827
1.0,14,5.329505
1.0,25,5.330689
0.0,46,5.344018
0.0,36,5.345786
0.0,13,5.346437
0.0,13,5.356277
1.0,30,5.36298
1.0,32,5.364542
0.0,40,5.366356
1.0,8,5.377109
1.0,15,5.377963
0.0,17,5.378809
0.0,6,5.37915
0.0,27,5.380435
0.0,6,5.380788
0.0,5,5.381083
0.0,15,5.397014
0.0,23,5.39822
0.0,6,5.398555
0.0,2,5.398721
0.0,11,5.399271
0.0,9,5.399747
0.0,18,5.400626
1.0,8,5.401046
0.0,12,5.41181
0.0,4,5.412268
1.0,25,5.41347
0.0,3,5.413682
1.0,15,5.414401
0.0,11,5.414959
1.0,13,5.415593
0.0,7,5.41598
0.0,5,5.416267
0.0,1,5.416375
1.0,6,5.42693
0.0,25,5.428239
0.0,7,5.428632
0.0,38,5.430358
0.0,11,5.430921
1.0,18,5.443497
1.0,15,5.444337
0.0,5,5.446295
0.0,11,5.450096
0.0,2,5.450462
0.0,20,5.451444
0.0,13,5.460562
0.0,15,5.461382
1.0,38,5.47043
0.0,10,5.471069
0.0,24,5.487524
0.0,16,5.48842
0.0,37,5.490162
1.0,19,5.495305
0.0,13,5.499185
0.0,1,5.499373
1.0,26,5.500596
1.0,12,5.505499
0.0,20,5.507528
0.0,14,5.512474
1.0,26,5.513797
0.0,32,5.520503
1.0,34,5.52648
1.0,34,5.530177
1.0,45,5.532255
1.0,18,5.533116
1.0,18,5.547193
0.0,10,5.547815
0.0,3,5.548018
0.0,8,5.548432
0.0,31,5.549868
0.0,4,5.550114
0.0,20,5.551062
0.0,3,5.551261
1.0,12,5.562157
0.0,17,5.563132
0.0,33,5.566712
0.0,36,5.568371
1.0,35,5.578191
1.0,16,5.579071
0.0,29,5.580412
0.0,20,5.581381
0.0,4,5.591869
0.0,22,5.593072
0.0,10,5.593838
1.0,24,5.594986
1.0,19,5.595906
0.0,30,5.607485
0.0,20,5.608511
0.0,10,5.609028
0.0,5,5.609313
0.0,25,5.610495
0.0,3,5.610714
0.0,10,5.611232
1.0,19,5.622642
1.0,19,5.623863
0.0,22,5.624971
0.0,6,5.625311
1.0,8,5.625753
1.0,27,5.637355
1.0,21,5.638495
1.0,29,5.639911
0.0,20,5.641021
0.0,22,5.642256
1.0,15,5.652323
0.0,26,5.653777
0.0,7,5.654313
0.0,20,5.655399
1.0,42,5.669063
0.0,27,5.670677
1.0,42,5.683232
0.0,1,5.683595
0.0,28,5.68498
0.0,1,5.685099
0.0,41,5.697311
0.0,3,5.697721
0.0,4,5.697996
0.0,10,5.698565
0.0,2,5.698772
0.0,45,5.701062
1.0,23,5.712512
0.0,8,5.71303
0.0,1,5.713247
0.0,6,5.71358
0.0,2,5.71375
1.0,29,5.715096
0.0,21,5.716089
0.0,13,5.726936
1.0,19,5.727944
0.0,9,5.728411
0.0,20,5.729358
0.0,72,5.742789
0.0,8,5.743304
1.0,27,5.744565
0.0,14,5.745246
0.0,38,5.75428
0.0,8,5.754813
1.0,17,5.755634
0.0,11,5.756181
0.0,5,5.756469
1.0,9,5.769245
0.0,18,5.770219
0.0,17,5.775464
0.0,1,5.775664
1.0,21,5.780771
0.0,2,5.781205
0.0,37,5.793372
0.0,4,5.793809
0.0,6,5.794144
0.0,11,5.796937
0.0,1,5.797054
0.0,52,5.80554
0.0,27,5.817311
0.0,20,5.818368
0.0,5,5.823917
0.0,21,5.825202
0.0,19,5.83194
0.0,22,5.837992
0.0,2,5.841666
0.0,1,5.841867
0.0,11,5.84242
0.0,4,5.842685
1.0,14,5.843433
0.0,25,5.854885
0.0,1,5.855098
1.0,21,5.856159
0.0,22,5.862482
0.0,24,5.863721
0.0,1,5.863854
0.0,31,5.865423
0.0,4,5.865828
0.0,11,5.866377
1.0,19,5.877688
1.0,29,5.879282
0.0,8,5.879745
1.0,45,5.892079
0.0,29,5.893663
0.0,7,5.894192
0.0,15,5.895047
1.0,35,5.907984
0.0,10,5.908578
0.0,8,5.909009
0.0,3,5.909209
0.0,46,5.911291
1.0,21,5.922548
0.0,3,5.922929
0.0,5,5.923234
0.0,1,5.923353
1.0,8,5.923804
0.0,18,5.924673
0.0,1,5.924786
0.0,22,5.92583
1.0,11,5.926388
0.0,10,5.937187
0.0,17,5.93816
1.0,20,5.939285
1.0,16,5.940114
0.0,25,5.941325
0.0,31,5.952231
0.0,3,5.952647
0.0,26,5.95392
0.0,11,5.954498
1.0,8,5.954947
0.0,12,5.955543
0.0,17,5.956357
0.0,20,5.967658
0.0,4,5.968051
1.0,9,5.968572
0.0,9,5.969121
0.0,19,5.970144
0.0,5,5.970525
0.0,11,5.971144
0.0,5,5.971481
0.0,4,5.982029
0.0,2,5.982419
0.0,2,5.982594
0.0,19,5.983541
1.0,51,5.999653
0.0,4,5.999977
0.0,1,6.000088
0.0,17,6.000926
1.0,23,6.007267
1.0,33,6.008914
0.0,8,6.009357
0.0,23,6.019991
0.0,34,6.028023
0.0,46,6.037901
0.0,3,6.038193
0.0,17,6.04468
1.0,8,6.045187
0.0,7,6.048459
0.0,3,6.04883
0.0,15,6.049569
0.0,6,6.055744
1.0,18,6.062
1.0,28,6.063431
0.0,3,6.069829
0.0,3,6.070109
0.0,12,6.070723
0.0,10,6.071246
1.0,12,6.077821
0.0,8,6.07832
1.0,7,6.078712
0.0,41,6.097003
1.0,37,6.098821
0.0,2,6.098981
1.0,33,6.100485
0.0,1,6.100601
0.0,17,6.101427
1.0,11,6.112163
0.0,14,6.112972
0.0,14,6.113664
0.0,1,6.113776
0.0,11,6.114323
1.0,13,6.114967
0.0,9,6.115426
0.0,70,6.128753
1.0,11,6.129383
0.0,3,6.12958
0.0,1,6.129707
0.0,2,6.129862
0.0,19,6.13076
1.0,11,6.131309
0.0,8,6.141883
0.0,7,6.14234
1.0,22,6.143388
0.0,3,6.143592
1.0,21,6.144582
1.0,14,6.145268
0.0,11,6.145936
0.0,20,6.157046
0.0,3,6.157328
0.0,16,6.15811
0.0,15,6.158847
0.0,17,6.159662
0.0,10,6.160166
0.0,1,6.160277
0.0,11,6.160831
0.0,30,6.172418
0.0,21,6.173517
0.0,4,6.173775
0.0,2,6.173931
0.0,8,6.174346
0.0,6,6.17469
0.0,8,6.175108
0.0,16,6.175884
0.0,31,6.187521
0.0,4,6.187862
0.0,4,6.188108
0.0,12,6.188717
0.0,3,6.188915
0.0,20,6.189861
0.0,15,6.190576
0.0,5,6.19087
0.0,21,6.202034
0.0,12,6.202759
0.0,29,6.204093
1.0,23,6.205175
0.0,5,6.205463
0.0,4,6.205717
0.0,12,6.206306
0.0,7,6.216915
1.0,30,6.218422
1.0,17,6.219262
1.0,10,6.219779
0.0,18,6.220641
0.0,3,6.220844
1.0,19,6.231919
0.0,14,6.232742
1.0,31,6.234362
0.0,14,6.235298
0.0,30,6.246206
0.0,4,6.246844
0.0,6,6.247182
0.0,1,6.247293
0.0,49,6.249509
0.0,23,6.250589
0.0,2,6.250757
0.0,9,6.25121
1.0,18,6.26256
1.0,26,6.264147
0.0,2,6.264331
1.0,15,6.265069
1.0,19,6.265977
0.0,17,6.277307
0.0,11,6.278192
1.0,30,6.279792
1.0,12,6.280432
0.0,8,6.280862
1.0,18,6.291947
1.0,37,6.293921
0.0,9,6.294595
0.0,15,6.295493
1.0,9,6.29607
0.0,38,6.308381
0.0,2,6.308769
0.0,6,6.309139
1.0,12,6.309816
0.0,21,6.310925
0.0,33,6.322994
0.0,33,6.324785
0.0,10,6.325308
0.0,8,6.325736
1.0,18,6.326589
0.0,1,6.337255
0.0,40,6.339435
0.0,9,6.340138
0.0,7,6.340596
0.0,38,6.352667
0.0,3,6.352973
1.0,8,6.353513
1.0,55,6.356189
0.0,3,6.356546
1.0,6,6.367399
0.0,17,6.368528
0.0,19,6.369638
0.0,5,6.370027
1.0,15,6.37084
0.0,23,6.382347
0.0,26,6.383902
0.0,76,6.39829
0.0,6,6.398929
0.0,9,6.399456
0.0,5,6.399804
1.0,6,6.400172
0.0,15,6.400988
1.0,54,6.414208
0.0,3,6.414711
1.0,12,6.415351
1.0,13,6.416036
0.0,13,6.425915
0.0,5,6.426321
0.0,33,6.432266
1.0,8,6.437068
0.0,5,6.437442
0.0,15,6.43826
0.0,7,6.444391
0.0,4,6.444741
0.0,1,6.444866
0.0,22,6.446028
0.0,12,6.455657
0.0,5,6.456167
0.0,26,6.461454
0.0,9,6.462015
0.0,9,6.462557
0.0,43,6.475812
1.0,26,6.481864
1.0,19,6.482867
1.0,40,6.489379
1.0,6,6.497151
0.0,6,6.49759
1.0,9,6.498072
1.0,9,6.498532
0.0,3,6.504773
0.0,3,6.505062
0.0,10,6.505589
1.0,48,6.513944
0.0,1,6.51416
0.0,4,6.514415
0.0,8,6.522031
1.0,12,6.522767
0.0,1,6.522882
1.0,15,6.523602
1.0,23,6.524691
0.0,6,6.525024
1.0,33,6.526533
0.0,9,6.537176
0.0,20,6.538216
0.0,9,6.538687
0.0,11,6.539231
1.0,18,6.540093
1.0,11,6.54065
0.0,21,6.551711
0.0,4,6.55211
0.0,15,6.552855
0.0,5,6.553153
0.0,10,6.55367
1.0,25,6.554835
0.0,7,6.555208
1.0,30,6.568114
0.0,1,6.568301
0.0,3,6.568503
1.0,51,6.57082
0.0,22,6.581995
1.0,11,6.58266
0.0,4,6.582908
1.0,22,6.584054
0.0,4,6.5843
0.0,49,6.586512
0.0,3,6.59687
1.0,27,6.598226
0.0,3,6.598428
0.0,7,6.59881
0.0,9,6.599275
0.0,23,6.600356
0.0,38,6.612257
0.0,16,6.613123
1.0,19,6.614029
0.0,21,6.615019
1.0,20,6.615964
0.0,2,6.616121
0.0,3,6.616317
0.0,4,6.61656
0.0,34,6.628292
0.0,18,6.62923
0.0,4,6.629477
0.0,44,6.631468
1.0,14,6.642308
0.0,4,6.642647
0.0,9,6.643109
1.0,18,6.643985
0.0,1,6.644097
0.0,14,6.64479
0.0,8,6.645206
1.0,43,6.660672
0.0,3,6.660954
0.0,5,6.661244
0.0,11,6.66688
1.0,12,6.667503
1.0,21,6.668532
0.0,21,6.675544
1.0,47,6.684463
1.0,18,6.691114
1.0,8,6.691596
0.0,39,6.707707
1.0,16,6.708483
0.0,10,6.709002
0.0,8,6.709415
0.0,18,6.710274
0.0,13,6.715069
0.0,15,6.71803
0.0,16,6.718917
0.0,2,6.719079
0.0,10,6.719596
0.0,8,6.724321
0.0,13,6.729161
0.0,12,6.729868
0.0,5,6.730184
0.0,17,6.731026
0.0,2,6.731186
1.0,18,6.737282
0.0,11,6.739999
0.0,30,6.741395
0.0,26,6.742631
0.0,9,6.743105
0.0,3,6.74331
1.0,22,6.744354
0.0,18,6.756502
0.0,3,6.756893
0.0,4,6.757144
0.0,3,6.757351
0.0,14,6.758071
1.0,18,6.758959
1.0,9,6.759434
0.0,13,6.760096
0.0,19,6.761028
1.0,8,6.761453
0.0,27,6.773171
1.0,9,6.773913
0.0,14,6.774632
1.0,18,6.775508
0.0,3,6.775726
1.0,13,6.77638
0.0,8,6.787102
0.0,8,6.797456
0.0,26,6.799024
1.0,9,6.799685
0.0,23,6.800959
0.0,22,6.812638
0.0,7,6.813254
1.0,23,6.81449
0.0,30,6.816152
0.0,15,6.826884
0.0,5,6.827274
0.0,5,6.827564
0.0,10,6.82809
0.0,14,6.828791
1.0,13,6.829432
0.0,13,6.830138
0.0,3,6.830397
0.0,45,6.84308
1.0,24,6.844536
0.0,32,6.846126
0.0,12,6.857175
0.0,22,6.85862
0.0,24,6.859961
0.0,10,6.860537
0.0,32,6.872412
0.0,6,6.873008
0.0,23,6.874222
0.0,9,6.874857
0.0,22,6.887575
1.0,19,6.888877
0.0,26,6.890309
0.0,6,6.8908
0.0,10,6.891309
0.0,25,6.903094
0.0,2,6.903499
0.0,3,6.903754
1.0,19,6.904664
0.0,11,6.905213
0.0,19,6.906121
1.0,13,6.912424
1.0,25,6.913679
1.0,12,6.914272
0.0,10,6.914805
0.0,1,6.91494
0.0,36,6.924916
0.0,18,6.925906
0.0,3,6.926157
0.0,10,6.936946
1.0,28,6.938388
1.0,13,6.939066
0.0,3,6.939273
0.0,6,6.939625
1.0,18,6.940479
0.0,5,6.940778
0.0,14,6.941457
0.0,33,6.953211
0.0,11,6.95389
0.0,1,6.954009
0.0,27,6.955306
1.0,23,6.956439
0.0,13,6.967411
0.0,24,6.968717
0.0,8,6.969168
0.0,9,6.969665
0.0,7,6.970057
0.0,15,6.970825
1.0,35,6.982699
1.0,24,6.983946
0.0,30,6.98539
1.0,8,6.985849
0.0,7,6.986225
0.0,28,6.997818
0.0,19,6.998849
1.0,25,7.000022
1.0,6,7.000357
0.0,15,7.001091
0.0,8,7.001508
0.0,7,7.012134
0.0,10,7.012935
0.0,13,7.013582
0.0,3,7.013794
0.0,5,7.014083
1.0,20,7.015038
0.0,1,7.015149
0.0,3,7.015347
0.0,13,7.015988
1.0,19,7.027159
1.0,32,7.028771
1.0,19,7.029701
0.0,23,7.030782
0.0,5,7.031073
0.0,8,7.031485
1.0,9,7.037032
0.0,10,7.037624
0.0,6,7.037958
0.0,22,7.03899
1.0,15,7.039725
0.0,16,7.040497
0.0,10,7.041013
0.0,10,7.041517
0.0,21,7.058569
1.0,14,7.059335
0.0,26,7.067821
1.0,6,7.068208
0.0,4,7.068449
1.0,13,7.074868
0.0,10,7.07541
0.0,3,7.075623
0.0,20,7.07656
0.0,29,7.088072
0.0,26,7.089345
1.0,10,7.08986
0.0,10,7.090361
0.0,2,7.090516
0.0,8,7.090944
1.0,22,7.102118
1.0,28,7.103491
0.0,7,7.103877
0.0,14,7.104553
0.0,15,7.10528
0.0,16,7.106055
0.0,19,7.117096
0.0,3,7.11748
1.0,18,7.118349
0.0,1,7.118459
0.0,20,7.119403
1.0,9,7.119878
0.0,19,7.120778
0.0,3,7.120979
0.0,1,7.121087
1.0,32,7.132708
1.0,6,7.133105
0.0,3,7.133305
0.0,8,7.133742
0.0,11,7.134287
0.0,23,7.135362
0.0,4,7.135624
0.0,14,7.1363
0.0,17,7.147269
0.0,30,7.148761
0.0,15,7.149487
0.0,4,7.149743
0.0,20,7.150687
0.0,12,7.151277
1.0,21,7.162454
0.0,28,7.163905
0.0,9,7.164369
0.0,11,7.164929
1.0,39,7.176975
0.0,56,7.18
1.0,19,7.181207
0.0,4,7.181561
1.0,21,7.192765
1.0,10,7.193343
1.0,25,7.194588
0.0,8,7.19518
0.0,26,7.207672
0.0,36,7.20941
0.0,3,7.209624
0.0,4,7.209865
0.0,5,7.210151
0.0,4,7.210395
0.0,18,7.211324
0.0,20,7.222564
1.0,11,7.223393
1.0,7,7.223871
1.0,20,7.224951
0.0,3,7.225243
0.0,17,7.226157
0.0,39,7.238701
0.0,13,7.239648
0.0,10,7.240283
0.0,4,7.240586
0.0,24,7.252062
0.0,10,7.252784
0.0,32,7.254371
0.0,23,7.255574
0.0,1,7.255692
0.0,2,7.255861
0.0,5,7.256182
0.0,17,7.266406
1.0,9,7.267075
0.0,16,7.267851
0.0,1,7.267962
0.0,1,7.268072
1.0,19,7.269053
1.0,18,7.270052
0.0,10,7.275981
1.0,35,7.281088
0.0,17,7.282121
0.0,10,7.286944
0.0,22,7.290266
0.0,39,7.301671
0.0,8,7.302501
0.0,9,7.305122
1.0,8,7.305739
0.0,6,7.306147
0.0,1,7.306284
0.0,17,7.30946
0.0,35,7.31668
1.0,13,7.317432
1.0,11,7.321103
0.0,26,7.322377
1.0,36,7.326394
1.0,10,7.331415
0.0,1,7.331774
0.0,18,7.336833
0.0,4,7.337185
1.0,18,7.342446
1.0,18,7.343523
1.0,19,7.352726
0.0,35,7.354567
1.0,13,7.355419
0.0,1,7.355582
0.0,33,7.3675
0.0,19,7.36855
0.0,6,7.368927
0.0,39,7.370782
0.0,9,7.371286
0.0,6,7.381928
1.0,23,7.383409
1.0,10,7.383978
0.0,18,7.384857
0.0,14,7.385539
0.0,14,7.386226
1.0,13,7.397094
0.0,3,7.397394
0.0,12,7.398013
0.0,10,7.398523
1.0,9,7.398998
0.0,10,7.399502
0.0,6,7.399853
0.0,37,7.401545
1.0,11,7.412332
0.0,3,7.412636
1.0,21,7.413661
1.0,24,7.41483
1.0,9,7.415311
0.0,5,7.415625
0.0,1,7.41574
0.0,2,7.4159
0.0,9,7.416379
1.0,22,7.427696
0.0,20,7.428915
0.0,5,7.429234
1.0,27,7.430527
0.0,1,7.43067
1.0,12,7.431284
0.0,3,7.431503
1.0,19,7.432443
0.0,7,7.442039
0.0,1,7.442248
0.0,15,7.443007
0.0,16,7.443819
0.0,16,7.444627
0.0,2,7.444792
0.0,8,7.445224
0.0,52,7.457897
0.0,30,7.459394
0.0,7,7.459785
0.0,18,7.460651
0.0,4,7.460897
0.0,12,7.461486
0.0,7,7.47211
0.0,25,7.473404
0.0,10,7.473924
1.0,23,7.475011
0.0,12,7.475614
0.0,7,7.475989
0.0,6,7.47632
0.0,15,7.48731
1.0,27,7.488695
1.0,24,7.489821
0.0,31,7.49125
1.0,49,7.503687
1.0,48,7.505952
0.0,5,7.506249
0.0,2,7.506404
0.0,12,7.517215
0.0,24,7.518443
0.0,12,7.519052
1.0,21,7.520047
0.0,4,7.520293
1.0,17,7.521109
0.0,13,7.531942
1.0,22,7.533224
0.0,20,7.534169
0.0,11,7.53473
1.0,6,7.535058
1.0,11,7.546628
0.0,26,7.548131
0.0,10,7.548647
1.0,6,7.548975
0.0,11,7.54952
0.0,8,7.549945
1.0,30,7.551316
1.0,10,7.562051
0.0,3,7.56236
1.0,19,7.563326
1.0,34,7.564894
0.0,3,7.565094
0.0,27,7.566342
0.0,5,7.576799
0.0,12,7.577568
1.0,11,7.57815
0.0,12,7.578756
1.0,7,7.579133
0.0,1,7.579241
1.0,48,7.581413
1.0,19,7.590593
0.0,37,7.597483
1.0,11,7.598092
0.0,6,7.598424
0.0,5,7.598721
1.0,15,7.599438
0.0,14,7.600137
0.0,17,7.600975
1.0,22,7.61215
0.0,5,7.612528
0.0,2,7.612705
0.0,9,7.613166
1.0,12,7.613764
0.0,46,7.615834
0.0,20,7.627182
1.0,7,7.629928
0.0,58,7.636792
0.0,22,7.638631
0.0,12,7.639222
0.0,23,7.644342
1.0,15,7.649143
1.0,27,7.65042
0.0,26,7.655644
0.0,12,7.65628
0.0,22,7.661354
0.0,14,7.662071
1.0,14,7.662761
0.0,27,7.668041
0.0,14,7.67302
0.0,13,7.673913
1.0,11,7.674473
0.0,9,7.674942
0.0,35,7.686027
0.0,10,7.689817
0.0,8,7.690279
1.0,36,7.691982
0.0,6,7.692375
0.0,15,7.693223
0.0,4,7.693552
0.0,3,7.697821
0.0,26,7.703267
0.0,7,7.703744
0.0,3,7.703946
0.0,23,7.705019
1.0,11,7.705589
0.0,7,7.715226
0.0,3,7.715454
0.0,23,7.716546
0.0,6,7.718006
0.0,5,7.718393
0.0,30,7.725042
0.0,33,7.732207
0.0,41,7.734591
0.0,3,7.73497
1.0,17,7.747181
0.0,7,7.747814
0.0,13,7.748541
1.0,10,7.749316
0.0,7,7.749768
1.0,31,7.751373
1.0,12,7.752167
0.0,22,7.753374
0.0,1,7.753572
1.0,36,7.768767
1.0,8,7.769405
1.0,18,7.770402
0.0,31,7.782498
0.0,2,7.782917
0.0,14,7.783716
0.0,30,7.785317
0.0,13,7.786186
0.0,19,7.797563
0.0,43,7.799973
0.0,17,7.801086
0.0,43,7.813662
0.0,4,7.814018
0.0,3,7.814216
0.0,8,7.814657
1.0,28,7.815953
1.0,34,7.828118
1.0,16,7.829144
0.0,11,7.829729
0.0,30,7.833332
0.0,9,7.83389
1.0,16,7.838825
0.0,6,7.839249
0.0,17,7.844299
0.0,4,7.844665
0.0,29,7.846001
0.0,60,7.862382
0.0,7,7.86305
1.0,13,7.865849
0.0,4,7.866139
0.0,15,7.866898
0.0,21,7.870234
1.0,27,7.876885
0.0,11,7.87772
0.0,1,7.8779
0.0,5,7.878221
0.0,10,7.878771
0.0,40,7.891647
0.0,28,7.893231
0.0,20,7.894179
0.0,4,7.894422
1.0,23,7.89758
0.0,1,7.897722
0.0,4,7.897969
1.0,17,7.903996
1.0,10,7.904591
0.0,12,7.90725
1.0,15,7.908014
0.0,31,7.909495
0.0,9,7.915173
1.0,30,7.925075
0.0,10,7.925755
1.0,21,7.931853
0.0,1,7.932009
0.0,7,7.932391
0.0,5,7.9327
1.0,24,7.933867
1.0,21,7.934896
0.0,18,7.935757
1.0,23,7.947088
0.0,2,7.947351
0.0,12,7.947968
0.0,6,7.948303
0.0,13,7.948951
0.0,4,7.949198
0.0,6,7.949531
0.0,4,7.949786
1.0,7,7.95016
1.0,14,7.950848
1.0,8,7.951264
0.0,2,7.951418
0.0,13,7.962297
1.0,9,7.962899
0.0,2,7.96306
0.0,3,7.963261
0.0,6,7.963591
0.0,3,7.963801
0.0,6,7.964133
0.0,17,7.964953
0.0,5,7.96524
0.0,23,7.96631
0.0,4,7.966553
0.0,27,7.978077
0.0,13,7.978941
0.0,10,7.979446
1.0,15,7.980174
0.0,4,7.980414
1.0,43,7.982359
0.0,14,7.992268
0.0,7,7.992796
0.0,2,7.992956
0.0,24,7.994079
1.0,12,7.994687
0.0,10,7.995198
1.0,23,7.99627
0.0,10,8.006974
0.0,28,8.00839
1.0,37,8.010086
0.0,9,8.010546
0.0,19,8.01144
0.0,37,8.023372
1.0,26,8.024685
0.0,19,8.025583
0.0,6,8.025925
0.0,8,8.02634
1.0,12,8.03714
0.0,11,8.037812
0.0,9,8.038276
1.0,25,8.03944
0.0,36,8.041084
0.0,1,8.041197
0.0,9,8.051836
0.0,15,8.052689
0.0,36,8.054332
0.0,5,8.054635
1.0,21,8.055619
1.0,11,8.056161
0.0,14,8.067052
0.0,37,8.068847
0.0,3,8.06905
0.0,5,8.069334
0.0,35,8.070942
0.0,43,8.083119
0.0,8,8.087187
1.0,6,8.087587
0.0,17,8.088409
0.0,6,8.088751
0.0,17,8.08956
0.0,7,8.089944
0.0,15,8.090674
0.0,9,8.091135
1.0,22,8.102412
0.0,10,8.103057
1.0,13,8.103703
1.0,19,8.104595
0.0,51,8.117082
0.0,3,8.117368
0.0,27,8.118646
0.0,6,8.118976
0.0,78,8.132619
0.0,23,8.133795
0.0,5,8.134086
0.0,1,8.134197
0.0,17,8.13502
0.0,25,8.136183
1.0,20,8.147287
1.0,11,8.147942
0.0,14,8.148636
0.0,2,8.148792
0.0,1,8.148902
0.0,10,8.149404
0.0,7,8.14979
0.0,34,8.151444
0.0,39,8.163539
0.0,30,8.165214
0.0,1,8.165479
0.0,7,8.176257
0.0,23,8.177547
0.0,21,8.178547
0.0,25,8.179732
0.0,52,8.192484
0.0,3,8.192924
0.0,1,8.193058
0.0,5,8.197225
0.0,12,8.198025
0.0,4,8.198335
0.0,10,8.198924
0.0,8,8.199394
0.0,6,8.199775
0.0,27,8.201192
0.0,22,8.212904
0.0,9,8.213679
0.0,21,8.214811
0.0,9,8.215397
0.0,12,8.216109
0.0,16,8.227392
0.0,13,8.231477
0.0,31,8.233218
0.0,17,8.234244
0.0,9,8.239036
0.0,14,8.244076
0.0,24,8.245307
0.0,3,8.245509
1.0,18,8.24645
1.0,7,8.251465
0.0,4,8.251978
0.0,6,8.252357
0.0,6,8.256945
0.0,4,8.257309
0.0,3,8.257514
0.0,36,8.263654
0.0,5,8.264049
0.0,16,8.269089
0.0,6,8.269588
0.0,6,8.274194
1.0,39,8.276068
0.0,12,8.281091
1.0,29,8.2871
0.0,1,8.287299
0.0,39,8.293636
0.0,6,8.294063
0.0,33,8.300015
0.0,10,8.305279
0.0,24,8.308578
1.0,16,8.309511
0.0,20,8.316734
0.0,12,8.317394
1.0,25,8.323878
1.0,28,8.325582
0.0,4,8.326014
1.0,14,8.337301
0.0,28,8.339068
1.0,7,8.339679
1.0,16,8.340553
1.0,17,8.341509
1.0,15,8.352458
0.0,5,8.352892
0.0,11,8.35346
0.0,9,8.353979
1.0,29,8.355376
0.0,6,8.355751
0.0,20,8.367037
0.0,1,8.367305
1.0,11,8.367908
0.0,7,8.3683
0.0,40,8.370132
1.0,17,8.370954
0.0,4,8.3712
0.0,6,8.371529
0.0,12,8.38238
1.0,36,8.384206
1.0,32,8.385695
0.0,3,8.385896
0.0,2,8.386054
0.0,1,8.386162
0.0,4,8.386402
1.0,23,8.397735
0.0,4,8.398083
0.0,72,8.401394
0.0,46,8.41368
0.0,5,8.414154
0.0,29,8.415491
1.0,11,8.416049
0.0,8,8.416465
0.0,6,8.427033
0.0,5,8.427423
0.0,5,8.427733
0.0,18,8.428588
0.0,10,8.429102
0.0,20,8.430053
0.0,21,8.431039
0.0,40,8.443074
1.0,12,8.443774
0.0,2,8.443929
0.0,9,8.44439
1.0,32,8.445857
0.0,52,8.458473
1.0,23,8.459653
0.0,7,8.460028
0.0,5,8.460314
0.0,2,8.46047
0.0,10,8.460988
0.0,18,8.472063
1.0,31,8.473619
1.0,16,8.47438
1.0,20,8.475322
0.0,5,8.475622
0.0,54,8.488334
0.0,2,8.488676
0.0,14,8.489395
1.0,6,8.489737
0.0,6,8.490075
1.0,79,8.503925
1.0,15,8.504773
0.0,1,8.504884
0.0,4,8.505129
1.0,12,8.505735
1.0,14,8.506411
1.0,15,8.517423
1.0,18,8.518563
1.0,12,8.519165
1.0,17,8.519988
1.0,7,8.52036
0.0,16,8.521133
0.0,3,8.521334
0.0,1,8.521442
0.0,5,8.521739
1.0,8,8.522152
0.0,1,8.522261
0.0,19,8.532388
0.0,3,8.532712
0.0,1,8.532824
0.0,11,8.533375
1.0,24,8.534497
1.0,32,8.535974
0.0,10,8.536475
0.0,8,8.547115
1.0,17,8.548041
1.0,20,8.549007
0.0,3,8.54921
0.0,7,8.549579
1.0,21,8.550567
1.0,17,8.551381
0.0,11,8.562157
1.0,15,8.563009
1.0,11,8.56356
0.0,6,8.563897
0.0,5,8.564183
1.0,8,8.564599
1.0,9,8.56507
1.0,22,8.566106
0.0,23,8.57742
0.0,5,8.577826
1.0,13,8.578466
0.0,4,8.578722
0.0,8,8.579142
0.0,3,8.57934
1.0,9,8.57981
0.0,4,8.580055
0.0,12,8.580658
0.0,2,8.580816
0.0,22,8.592071
0.0,6,8.592515
1.0,7,8.592915
0.0,14,8.593611
1.0,10,8.594119
0.0,9,8.59458
0.0,9,8.595051
0.0,1,8.595162
1.0,53,8.607854
0.0,8,8.608388
0.0,28,8.609713
1.0,16,8.610483
0.0,1,8.610593
1.0,40,8.622683
1.0,17,8.623794
0.0,19,8.624706
0.0,8,8.625121
0.0,10,8.625635
0.0,59,8.638496
0.0,5,8.638885
1.0,14,8.639565
0.0,3,8.639778
0.0,9,8.640238
0.0,35,8.652148
0.0,19,8.653298
1.0,17,8.654129
1.0,14,8.654816
1.0,52,8.667558
0.0,12,8.668447
0.0,4,8.668819
0.0,33,8.670518
1.0,37,8.682914
0.0,5,8.683399
0.0,12,8.684109
0.0,36,8.686037
0.0,3,8.686405
0.0,15,8.697548
0.0,4,8.698009
0.0,12,8.698718
0.0,10,8.69931
0.0,3,8.699548
0.0,10,8.700126
0.0,5,8.700464
1.0,16,8.701336
0.0,9,8.712271
0.0,11,8.713139
0.0,1,8.713334
0.0,14,8.714102
1.0,27,8.715538
1.0,15,8.716444
0.0,38,8.728907
1.0,6,8.729507
0.0,9,8.730076
1.0,6,8.730457
0.0,1,8.730581
1.0,28,8.732032
0.0,1,8.742032
0.0,17,8.743208
0.0,3,8.743505
0.0,37,8.745459
1.0,23,8.757216
0.0,5,8.757749
0.0,10,8.75832
0.0,13,8.759072
1.0,35,8.760917
0.0,26,8.772821
0.0,20,8.774119
1.0,24,8.775489
0.0,26,8.787246
0.0,5,8.78774
1.0,28,8.789236
0.0,10,8.789958
1.0,32,8.791476
0.0,42,8.803744
0.0,9,8.804362
0.0,12,8.805011
0.0,35,8.812852
0.0,14,8.813647
1.0,8,8.814082
0.0,30,8.815507
0.0,3,8.815727
0.0,1,8.81584
0.0,7,8.816226
0.0,18,8.827337
0.0,12,8.828065
0.0,1,8.828177
0.0,1,8.82829
1.0,10,8.828801
0.0,10,8.829303
1.0,19,8.830247
0.0,22,8.831465
0.0,31,8.844179
0.0,4,8.844497
0.0,30,8.845893
0.0,27,8.857378
1.0,18,8.858351
1.0,24,8.859504
1.0,10,8.865154
1.0,11,8.86575
0.0,3,8.865949
0.0,11,8.8665
1.0,10,8.87209
0.0,14,8.872838
0.0,17,8.873656
0.0,4,8.8739
0.0,17,8.874714
1.0,15,8.875443
1.0,16,8.876234
0.0,7,8.886699
0.0,3,8.88702
0.0,30,8.888446
0.0,23,8.889552
0.0,2,8.889723
0.0,23,8.890801
0.0,1,8.890911
0.0,15,8.90175
0.0,1,8.901973
0.0,4,8.902217
1.0,19,8.903129
0.0,3,8.903327
0.0,7,8.903709
1.0,23,8.904783
0.0,64,8.917851
0.0,12,8.918512
0.0,6,8.918856
1.0,22,8.919895
0.0,67,8.931548
1.0,13,8.932302
0.0,30,8.933739
0.0,36,8.947669
0.0,12,8.948388
0.0,1,8.948503
1.0,17,8.949353
0.0,7,8.949749
1.0,27,8.951033
0.0,4,8.951283
0.0,3,8.951487
0.0,6,8.961997
0.0,20,8.963365
1.0,18,8.964403
1.0,16,8.965354
1.0,18,8.966373
0.0,42,8.982366
1.0,27,8.984019
0.0,12,8.984684
0.0,6,8.985059
0.0,14,8.98577
0.0,4,8.98602
0.0,33,8.997767
1.0,19,8.998889
1.0,22,8.999962
0.0,1,9.000077
0.0,18,9.000948
0.0,4,9.001212
0.0,4,9.001486
0.0,10,9.012481
1.0,29,9.013997
0.0,39,9.01581
1.0,17,9.026845
0.0,9,9.027404
1.0,10,9.027924
1.0,13,9.028572
1.0,9,9.02905
1.0,20,9.030014
0.0,1,9.030126
0.0,25,9.031388
0.0,26,9.043936
0.0,5,9.044414
0.0,28,9.045764
0.0,4,9.046024
1.0,17,9.052063
0.0,20,9.053148
0.0,16,9.054001
0.0,14,9.054838
0.0,9,9.055337
0.0,2,9.055496
0.0,8,9.055934
0.0,7,9.056315
1.0,18,9.067377
1.0,35,9.074484
1.0,21,9.075661
0.0,2,9.075834
1.0,19,9.081873
0.0,33,9.083528
1.0,28,9.084886
1.0,10,9.08543
0.0,17,9.086311
1.0,9,9.095019
1.0,34,9.097746
1.0,15,9.098492
0.0,3,9.098701
0.0,1,9.098815
1.0,8,9.099229
0.0,16,9.100004
0.0,7,9.10038
0.0,3,9.100579
1.0,14,9.101256
0.0,14,9.112142
0.0,16,9.113057
0.0,25,9.114226
1.0,33,9.115747
0.0,4,9.115991
0.0,11,9.116539
0.0,3,9.126909
0.0,15,9.127746
1.0,22,9.128784
0.0,7,9.129162
0.0,21,9.130157
0.0,6,9.130491
0.0,13,9.131138
0.0,3,9.131337
0.0,3,9.131534
1.0,10,9.142205
0.0,1,9.142391
1.0,9,9.142874
0.0,18,9.143737
0.0,22,9.14477
1.0,28,9.146066
0.0,4,9.146311
0.0,1,9.146422
1.0,82,9.160272
1.0,10,9.160876
1.0,20,9.171975
0.0,6,9.17713
1.0,17,9.178109
1.0,18,9.179116
1.0,11,9.179833
0.0,5,9.180211
1.0,14,9.180977
0.0,12,9.181575
0.0,20,9.193094
0.0,18,9.194235
0.0,15,9.195168
0.0,7,9.195659
1.0,9,9.196191
0.0,5,9.196518
0.0,3,9.207127
0.0,5,9.207681
0.0,22,9.208852
0.0,8,9.20939
0.0,2,9.209596
0.0,29,9.211089
0.0,6,9.211572
0.0,3,9.22242
1.0,16,9.223449
0.0,1,9.223647
0.0,12,9.224292
0.0,13,9.225064
0.0,9,9.231753
0.0,14,9.233068
0.0,1,9.233253
1.0,21,9.234364
0.0,5,9.234777
0.0,18,9.235739
0.0,34,9.247977
0.0,8,9.248677
0.0,4,9.248968
0.0,34,9.250738
0.0,15,9.262116
0.0,12,9.267441
0.0,17,9.268544
0.0,5,9.268954
1.0,19,9.269962
1.0,6,9.270388
0.0,5,9.270727
0.0,33,9.282779
0.0,8,9.283637
1.0,19,9.284699
1.0,52,9.297817
0.0,29,9.299571
0.0,1,9.299852
1.0,41,9.311998
0.0,6,9.31243
0.0,15,9.313198
1.0,14,9.313899
0.0,4,9.314147
1.0,24,9.315305
0.0,12,9.315945
0.0,6,9.316292
0.0,5,9.31659
0.0,9,9.327529
1.0,13,9.328254
0.0,7,9.32866
0.0,19,9.329633
1.0,34,9.331274
0.0,13,9.34224
0.0,8,9.342843
1.0,14,9.343559
1.0,27,9.344895
0.0,15,9.345672
1.0,28,9.357334
1.0,31,9.35899
1.0,14,9.359737
0.0,20,9.360693
1.0,16,9.361461
0.0,12,9.372246
0.0,15,9.373078
0.0,25,9.374243
0.0,11,9.374806
1.0,21,9.375797
0.0,21,9.385913
0.0,2,9.386157
0.0,5,9.386446
0.0,20,9.387408
0.0,14,9.388101
1.0,21,9.389092
1.0,15,9.400063
0.0,3,9.400329
1.0,40,9.410731
0.0,30,9.417258
1.0,9,9.417768
1.0,8,9.418185
1.0,13,9.424452
1.0,26,9.42571
0.0,5,9.425997
0.0,1,9.426108
0.0,13,9.432839
0.0,13,9.433515
0.0,24,9.4402
0.0,9,9.440793
0.0,3,9.440995
0.0,7,9.441366
0.0,7,9.446952
1.0,7,9.447421
1.0,13,9.448074
0.0,11,9.448651
0.0,13,9.449286
0.0,19,9.450187
0.0,11,9.450744
0.0,12,9.451333
0.0,6,9.461853
0.0,9,9.462434
1.0,16,9.463217
1.0,10,9.463743
1.0,32,9.46521
0.0,2,9.465368
0.0,21,9.466359
0.0,3,9.466563
0.0,25,9.477962
1.0,27,9.479315
0.0,3,9.479514
1.0,16,9.480293
0.0,12,9.480896
1.0,7,9.481268
0.0,22,9.492513
0.0,7,9.497025
1.0,23,9.498144
0.0,34,9.499707
0.0,1,9.49982
0.0,13,9.500448
0.0,4,9.500702
1.0,10,9.501201
1.0,18,9.51228
0.0,11,9.512951
0.0,21,9.513948
0.0,14,9.514641
1.0,7,9.515012
0.0,1,9.51512
0.0,10,9.51563
1.0,15,9.516348
0.0,7,9.526968
1.0,21,9.528085
0.0,5,9.528377
0.0,16,9.529151
1.0,10,9.529666
0.0,15,9.530388
0.0,6,9.530728
1.0,16,9.531493
0.0,25,9.540956
1.0,20,9.54204
0.0,9,9.542502
0.0,2,9.542675
1.0,27,9.543927
0.0,11,9.544472
0.0,4,9.55693
0.0,20,9.558009
0.0,14,9.558705
0.0,13,9.559341
0.0,4,9.559582
0.0,12,9.560183
0.0,25,9.561354
0.0,13,9.572195
1.0,22,9.573337
1.0,49,9.575563
1.0,46,9.587877
0.0,9,9.588428
0.0,41,9.590292
0.0,5,9.590583
1.0,18,9.591438
0.0,10,9.602164
0.0,3,9.602581
0.0,17,9.603436
0.0,3,9.603646
0.0,5,9.603951
0.0,12,9.604543
0.0,22,9.605587
0.0,11,9.606141
1.0,12,9.616954
0.0,16,9.617854
0.0,36,9.619601
0.0,6,9.619999
0.0,51,9.63283
0.0,31,9.634354
0.0,29,9.635698
0.0,14,9.63638
0.0,23,9.647759
1.0,16,9.650728
0.0,4,9.651092
0.0,1,9.651226
0.0,43,9.657453
0.0,8,9.663392
0.0,27,9.667216
0.0,14,9.670301
1.0,13,9.671146
1.0,25,9.677799
1.0,25,9.679316
0.0,17,9.680341
1.0,11,9.681037
0.0,29,9.693053
0.0,38,9.695241
0.0,22,9.696558
1.0,43,9.709257
0.0,7,9.70991
0.0,8,9.710382
1.0,10,9.710968
0.0,33,9.723089
0.0,15,9.724117
0.0,26,9.725528
0.0,7,9.726064
0.0,34,9.738155
0.0,32,9.744845
0.0,3,9.745276
0.0,38,9.757631
0.0,24,9.759109
0.0,8,9.759717
0.0,5,9.760064
1.0,21,9.761205
0.0,38,9.773325
1.0,35,9.775229
0.0,36,9.787697
1.0,14,9.78875
0.0,18,9.789814
1.0,48,9.802469
0.0,12,9.803202
0.0,17,9.804061
1.0,11,9.804642
0.0,30,9.806076
0.0,7,9.80648
0.0,1,9.806597
0.0,10,9.817565
0.0,17,9.818452
0.0,28,9.819844
1.0,7,9.820252
0.0,3,9.820457
0.0,15,9.82122
1.0,11,9.832036
0.0,53,9.834617
1.0,20,9.835577
1.0,18,9.836432
0.0,1,9.836542
0.0,3,9.846953
0.0,5,9.847349
0.0,3,9.847557
0.0,30,9.849028
1.0,9,9.849526
1.0,11,9.850107
0.0,5,9.850415
0.0,19,9.855541
0.0,28,9.867059
0.0,32,9.868617
0.0,13,9.869254
0.0,13,9.869899
0.0,40,9.881855
0.0,13,9.882576
1.0,30,9.883983
0.0,3,9.884183
0.0,12,9.884783
0.0,1,9.884894
1.0,16,9.885665
1.0,12,9.886248
1.0,21,9.897407
1.0,49,9.899715
0.0,7,9.900093
0.0,10,9.900595
0.0,7,9.900975
0.0,9,9.90143
0.0,20,9.907473
0.0,29,9.908868
0.0,2,9.909025
1.0,23,9.910104
0.0,10,9.910619
0.0,1,9.91073
1.0,10,9.911235
0.0,40,9.923223
0.0,6,9.923647
0.0,5,9.923936
0.0,13,9.924567
0.0,4,9.924819
0.0,13,9.92545
0.0,31,9.93703
0.0,8,9.937527
0.0,38,9.939291
1.0,11,9.939853
1.0,31,9.941271
1.0,21,9.952423
0.0,4,9.952873
0.0,3,9.953076
1.0,6,9.953407
0.0,26,9.954613
1.0,12,9.955202
0.0,1,9.95531
0.0,13,9.955955
0.0,41,9.968141
0.0,9,9.975885
1.0,20,9.983997
0.0,5,9.984516
1.0,21,9.985581
0.0,8,9.990811
0.0,7,9.991235
0.0,13,9.991896
0.0,26,10.000477
1.0,22,10.006448
0.0,1,10.00903
0.0,2,10.009346
1.0,11,10.009929
0.0,2,10.010092
1.0,7,10.010472
0.0,21,10.019771
1.0,70,10.035369
0.0,18,10.036393
0.0,37,10.04433
0.0,8,10.052199
0.0,7,10.05269
0.0,31,10.062388
1.0,15,10.063214
0.0,9,10.063688
0.0,7,10.06407
1.0,14,10.064771
1.0,26,10.066
0.0,29,10.077823
0.0,7,10.0784
1.0,7,10.084354
0.0,17,10.085336
1.0,9,10.085835
0.0,13,10.086486
1.0,9,10.092185
0.0,16,10.093141
0.0,15,10.093898
0.0,7,10.09428
0.0,9,10.094767
0.0,7,10.095174
0.0,21,10.096246
0.0,18,10.107442
0.0,4,10.107884
0.0,1,10.108023
1.0,15,10.108855
0.0,45,10.111167
0.0,27,10.122743
0.0,11,10.123397
0.0,7,10.123798
0.0,3,10.123999
0.0,25,10.125153
0.0,20,10.126098
0.0,6,10.126431
0.0,32,10.138146
1.0,31,10.139687
0.0,14,10.140385
0.0,4,10.140646
0.0,6,10.140977
0.0,3,10.141176
1.0,23,10.152433
1.0,25,10.153708
0.0,13,10.154351
0.0,17,10.155164
0.0,6,10.1555
0.0,6,10.155841
0.0,15,10.156558
1.0,13,10.167403
1.0,33,10.169012
0.0,2,10.16919
0.0,39,10.170986
0.0,19,10.182143
0.0,12,10.18315
1.0,71,10.186328
0.0,16,10.192177
0.0,8,10.192655
0.0,13,10.193288
0.0,1,10.193398
0.0,23,10.194471
0.0,23,10.195539
0.0,9,10.196015
0.0,14,10.206988
0.0,24,10.208257
0.0,65,10.211241
0.0,48,10.223639
1.0,15,10.224495
0.0,11,10.225079
0.0,27,10.226358
0.0,7,10.237001
0.0,11,10.246938
1.0,28,10.2484
1.0,28,10.249748
0.0,46,10.26207
1.0,48,10.264407
0.0,10,10.264948
0.0,13,10.265597
0.0,9,10.266079
1.0,13,10.276939
0.0,8,10.277469
0.0,11,10.27804
0.0,24,10.279164
0.0,4,10.279406
0.0,2,10.279562
0.0,3,10.279773
0.0,7,10.280147
0.0,4,10.28039
1.0,28,10.291892
1.0,14,10.2927
1.0,8,10.29335
0.0,25,10.294541
1.0,9,10.295023
0.0,4,10.295273
0.0,24,10.29642
0.0,28,10.308418
0.0,1,10.30864
0.0,12,10.309231
1.0,33,10.310745
0.0,15,10.311462
0.0,42,10.318652
0.0,2,10.3189
0.0,14,10.31959
0.0,5,10.319896
0.0,1,10.320005
0.0,12,10.320589
0.0,8,10.321011
1.0,25,10.332377
0.0,3,10.332707
1.0,11,10.333271
0.0,10,10.33381
0.0,22,10.334864
0.0,31,10.336319
0.0,7,10.346905
0.0,11,10.34757
1.0,18,10.348436
0.0,34,10.350001
0.0,1,10.350116
0.0,7,10.350486
0.0,3,10.350696
1.0,10,10.351203
0.0,3,10.351401
1.0,32,10.363099
1.0,12,10.363828
0.0,6,10.364215
1.0,12,10.364904
1.0,16,10.365844
0.0,22,10.382239
1.0,35,10.384015
1.0,29,10.385458
0.0,14,10.386168
0.0,6,10.386499
0.0,14,10.397437
0.0,7,10.398066
1.0,12,10.398672
0.0,6,10.399006
0.0,19,10.399917
0.0,13,10.400555
0.0,27,10.401812
1.0,23,10.412115
0.0,9,10.412723
0.0,17,10.413566
1.0,16,10.414374
0.0,7,10.41478
0.0,34,10.416392
0.0,4,10.426967
0.0,19,10.428037
0.0,11,10.428599
0.0,17,10.429413
0.0,19,10.430323
0.0,10,10.430844
1.0,8,10.431261
0.0,9,10.445109
0.0,30,10.453648
1.0,18,10.454658
0.0,11,10.455212
0.0,6,10.455544
1.0,31,10.463969
0.0,3,10.464283
1.0,49,10.478789
0.0,8,10.47932
0.0,3,10.479525
0.0,9,10.484345
1.0,20,10.489542
0.0,3,10.489789
0.0,4,10.490034
1.0,19,10.49099
0.0,10,10.49158
0.0,4,10.496041
1.0,10,10.496577
1.0,15,10.501758
0.0,17,10.502638
0.0,11,10.503202
0.0,3,10.503406
0.0,7,10.507963
0.0,10,10.508575
0.0,8,10.513434
0.0,1,10.513702
0.0,8,10.514124
0.0,9,10.514583
0.0,1,10.514702
1.0,7,10.515073
0.0,23,10.525493
0.0,1,10.525829
1.0,17,10.531914
1.0,18,10.532921
1.0,32,10.534587
1.0,42,10.546823
0.0,6,10.547356
0.0,11,10.547974
1.0,17,10.548866
0.0,8,10.549329
0.0,3,10.549543
1.0,9,10.550058
1.0,14,10.550799
1.0,25,10.56221
0.0,5,10.562633
0.0,10,10.563182
0.0,2,10.563353
0.0,2,10.56352
0.0,2,10.563699
0.0,5,10.564006
1.0,19,10.564976
1.0,30,10.56643
0.0,7,10.577002
0.0,4,10.577339
0.0,7,10.577737
0.0,10,10.578258
1.0,25,10.579452
0.0,6,10.579807
0.0,8,10.580238
0.0,17,10.581078
0.0,12,10.591844
0.0,4,10.592176
0.0,15,10.592919
0.0,4,10.593171
1.0,13,10.593835
0.0,10,10.594352
1.0,11,10.594922
1.0,16,10.595716
0.0,1,10.595829
0.0,1,10.595941
0.0,3,10.596143
1.0,16,10.607081
0.0,9,10.607856
0.0,4,10.608106
0.0,26,10.609338
1.0,35,10.610942
0.0,3,10.611142
0.0,17,10.622077
1.0,20,10.623096
1.0,30,10.624473
0.0,5,10.624776
1.0,7,10.625153
0.0,12,10.625766
0.0,16,10.62655
0.0,15,10.637413
0.0,30,10.638919
1.0,17,10.639756
1.0,21,10.64074
0.0,6,10.641076
0.0,10,10.641579
1.0,17,10.64239
0.0,23,10.652594
0.0,7,10.653035
1.0,11,10.653579
0.0,13,10.654217
0.0,10,10.654727
0.0,8,10.655145
0.0,5,10.655427
0.0,3,10.655636
1.0,7,10.656007
0.0,27,10.667399
0.0,1,10.667579
0.0,34,10.669168
0.0,21,10.670168
0.0,27,10.67141
0.0,6,10.681859
0.0,12,10.682529
0.0,5,10.682842
0.0,2,10.682999
0.0,1,10.683108
0.0,27,10.684347
0.0,18,10.685206
0.0,5,10.685502
1.0,27,10.697009
1.0,11,10.697709
1.0,11,10.698276
1.0,24,10.699424
1.0,13,10.700084
0.0,9,10.700557
0.0,13,10.701217
0.0,5,10.701511
0.0,11,10.712256
0.0,26,10.718036
0.0,3,10.718314
0.0,26,10.719547
1.0,21,10.720561
0.0,9,10.721037
0.0,40,10.733077
1.0,18,10.734048
0.0,43,10.736001
0.0,29,10.747552
0.0,7,10.74803
1.0,8,10.748447
0.0,17,10.74927
0.0,19,10.750166
1.0,16,10.750949
0.0,20,10.767169
0.0,27,10.768587
0.0,20,10.769546
0.0,14,10.770297
0.0,25,10.771675
0.0,5,10.772096
0.0,8,10.772565
1.0,62,10.785049
0.0,21,10.786115
1.0,15,10.797118
0.0,3,10.797437
0.0,4,10.797721
0.0,25,10.798914
0.0,34,10.800507
0.0,9,10.801
0.0,1,10.801114
0.0,7,10.801493
0.0,41,10.813909
0.0,3,10.814206
0.0,17,10.815054
1.0,32,10.816553
1.0,26,10.833234
0.0,5,10.833765
0.0,20,10.834872
1.0,16,10.835842
0.0,36,10.848325
0.0,23,10.849834
0.0,5,10.850287
1.0,16,10.85107
1.0,13,10.857486
1.0,35,10.859241
1.0,10,10.85978
0.0,1,10.859892
0.0,12,10.8605
0.0,18,10.861472
0.0,10,10.872335
0.0,5,10.872768
1.0,18,10.873752
1.0,15,10.874637
1.0,9,10.875178
1.0,23,10.876396
0.0,4,10.887183
1.0,9,10.887938
0.0,1,10.888097
0.0,10,10.888693
0.0,21,10.889827
0.0,4,10.890176
0.0,12,10.89084
0.0,4,10.891141
0.0,2,10.891313
1.0,23,10.902712
1.0,20,10.903853
0.0,39,10.905893
0.0,8,10.90657
0.0,27,10.918385
0.0,27,10.919731
0.0,15,10.920554
0.0,16,10.921501
0.0,8,10.933276
1.0,19,10.934332
1.0,12,10.934937
0.0,1,10.935053
1.0,18,10.935919
0.0,9,10.936381
1.0,15,10.947558
0.0,11,10.948287
1.0,35,10.949933
1.0,15,10.950676
0.0,6,10.951025
0.0,11,10.951597
0.0,13,10.96651
0.0,15,10.968094
0.0,35,10.977132
1.0,8,10.977683
0.0,18,10.978536
1.0,9,10.984812
0.0,2,10.98509
0.0,16,10.985896
1.0,22,10.995574
0.0,18,10.996526
0.0,14,11.001204
0.0,13,11.001943
0.0,1,11.002058
0.0,17,11.010257
0.0,57,11.021865
1.0,13,11.022593
1.0,34,11.030566
0.0,2,11.030815
0.0,2,11.030972
0.0,9,11.031432
0.0,3,11.037784
0.0,12,11.038529
0.0,3,11.038742
1.0,8,11.039162
0.0,15,11.045666
0.0,31,11.049219
0.0,1,11.049349
0.0,32,11.053085
0.0,11,11.053874
0.0,39,11.0579
0.0,4,11.058223
0.0,24,11.061374
0.0,40,11.06545
1.0,29,11.069007
0.0,13,11.069716
1.0,39,11.073525
0.0,1,11.073662
0.0,16,11.074422
0.0,7,11.076856
0.0,2,11.077149
0.0,6,11.077509
0.0,16,11.07829
0.0,27,11.079536
0.0,2,11.081732
0.0,15,11.08252
0.0,12,11.083168
0.0,5,11.083481
0.0,22,11.087735
1.0,54,11.092285
1.0,13,11.094977
0.0,4,11.095234
0.0,7,11.095619
0.0,1,11.09573
1.0,11,11.096277
1.0,14,11.099082
0.0,10,11.099719
1.0,17,11.100594
1.0,31,11.104122
0.0,27,11.107426
0.0,25,11.108603
0.0,12,11.111237
0.0,16,11.112099
0.0,28,11.115428
1.0,20,11.116392
0.0,45,11.121486
1.0,45,11.132146
0.0,2,11.132388
1.0,11,11.133893
0.0,1,11.134007
0.0,13,11.13574
1.0,47,11.139924
1.0,21,11.14093
0.0,27,11.147248
0.0,6,11.15056
1.0,41,11.152459
0.0,24,11.157717
0.0,9,11.158201
0.0,21,11.162225
0.0,8,11.165626
0.0,12,11.166233
0.0,16,11.17011
1.0,31,11.171554
0.0,2,11.171722
0.0,3,11.171924
0.0,18,11.177772
0.0,31,11.180027
0.0,11,11.180578
1.0,18,11.187193
1.0,59,11.192218
0.0,33,11.200519
0.0,45,11.206958
0.0,8,11.207421
0.0,12,11.208912
0.0,4,11.209314
1.0,7,11.212586
1.0,30,11.216874
1.0,11,11.217437
0.0,6,11.219809
1.0,24,11.220957
0.0,2,11.221117
0.0,1,11.221226
0.0,12,11.22418
0.0,9,11.224895
0.0,15,11.226848
0.0,3,11.227129
0.0,5,11.227419
0.0,8,11.229871
0.0,8,11.230304
1.0,18,11.231175
0.0,8,11.231591
0.0,12,11.234225
0.0,23,11.235308
0.0,21,11.237427
1.0,14,11.240251
0.0,5,11.240552
0.0,18,11.241414
0.0,3,11.243708
0.0,1,11.244049
0.0,11,11.244684
0.0,13,11.245403
0.0,27,11.249863
0.0,3,11.25013
1.0,24,11.25127
0.0,6,11.251599
0.0,24,11.255102
0.0,32,11.258858
1.0,25,11.260067
0.0,22,11.263142
0.0,1,11.263267
0.0,13,11.263914
0.0,15,11.266678
0.0,5,11.26702
0.0,17,11.267932
1.0,16,11.274021
0.0,3,11.274356
0.0,6,11.274716
0.0,7,11.275137
0.0,23,11.276352
0.0,3,11.281933
0.0,36,11.288835
0.0,17,11.289938
0.0,7,11.29033
0.0,14,11.291023
0.0,4,11.29127
1.0,44,11.303524
0.0,26,11.305052
1.0,31,11.307943
0.0,18,11.309067
0.0,8,11.309625
1.0,10,11.310147
0.0,17,11.310966
0.0,10,11.311469
0.0,9,11.322362
0.0,13,11.323239
0.0,8,11.323671
0.0,15,11.324393
0.0,10,11.324912
1.0,28,11.326207
0.0,4,11.326452
1.0,31,11.338459
0.0,28,11.340166
1.0,14,11.341071
1.0,11,11.351931
0.0,76,11.36702
0.0,26,11.368465
1.0,17,11.369347
0.0,30,11.372863
0.0,7,11.373287
0.0,4,11.373529
0.0,37,11.377299
0.0,18,11.380319
0.0,1,11.380493
0.0,2,11.38067
1.0,10,11.381194
0.0,5,11.381497
1.0,26,11.384768
0.0,16,11.385549
0.0,13,11.387288
0.0,77,11.398544
1.0,10,11.399169
0.0,4,11.399415
0.0,6,11.399781
0.0,4,11.400024
0.0,6,11.400475
0.0,22,11.403852
0.0,1,11.404292
0.0,37,11.407123
0.0,11,11.409826
1.0,46,11.414412
1.0,43,11.420156
0.0,1,11.42046
0.0,17,11.421438
1.0,14,11.422249
0.0,12,11.425937
0.0,14,11.426682
0.0,4,11.426955
1.0,23,11.430415
0.0,5,11.430945
0.0,1,11.431087
0.0,4,11.431352
0.0,5,11.433959
0.0,14,11.434944
0.0,15,11.436927
0.0,5,11.437295
1.0,58,11.447643
1.0,38,11.449799
1.0,29,11.451478
0.0,14,11.452295
1.0,7,11.454711
0.0,21,11.455726
0.0,2,11.455883
0.0,6,11.456209
1.0,21,11.467142
0.0,13,11.468783
0.0,19,11.470811
0.0,38,11.475034
0.0,7,11.478878
1.0,26,11.486716
0.0,20,11.489083
0.0,12,11.489772
0.0,14,11.490455
1.0,25,11.496067
0.0,6,11.500026
1.0,8,11.503647
1.0,23,11.507033
0.0,37,11.513238
1.0,22,11.518247
0.0,27,11.521728
1.0,31,11.527464
1.0,12,11.528978
1.0,18,11.533509
1.0,22,11.538753
0.0,19,11.540976
1.0,24,11.545122
0.0,32,11.549158
1.0,24,11.553852
0.0,29,11.557493
1.0,6,11.558074
0.0,43,11.562516
0.0,10,11.567228
1.0,13,11.567935
1.0,29,11.56932
0.0,3,11.569532
0.0,4,11.569793
1.0,34,11.571343
0.0,5,11.573847
0.0,38,11.578144
0.0,4,11.578476
0.0,18,11.579341
0.0,6,11.582714
1.0,50,11.587093
0.0,17,11.588121
0.0,23,11.58942
0.0,4,11.596991
0.0,10,11.597643
0.0,1,11.597758
1.0,7,11.598132
0.0,21,11.59913
0.0,48,11.601423
0.0,1,11.601596
1.0,13,11.612528
0.0,6,11.612902
0.0,9,11.613401
0.0,23,11.614564
0.0,11,11.615179
0.0,24,11.616385
0.0,55,11.62929
0.0,3,11.629567
0.0,41,11.631432
0.0,17,11.642335
0.0,8,11.642847
0.0,26,11.644053
0.0,29,11.645384
0.0,3,11.645587
0.0,16,11.660639
1.0,33,11.666231
1.0,8,11.667692
0.0,10,11.6682
1.0,18,11.669066
0.0,10,11.66957
0.0,33,11.680192
0.0,1,11.680361
0.0,1,11.68047
1.0,25,11.686705
0.0,15,11.687491
0.0,9,11.687964
0.0,45,11.690004
1.0,19,11.690914
0.0,13,11.691548
0.0,1,11.701771
1.0,25,11.703046
0.0,3,11.703248
0.0,8,11.703674
1.0,14,11.704364
0.0,7,11.704752
0.0,20,11.705701
0.0,8,11.70612
0.0,7,11.706491
0.0,21,11.717641
0.0,3,11.717901
0.0,18,11.718771
0.0,30,11.720156
0.0,27,11.721412
0.0,58,11.734182
0.0,24,11.735382
0.0,3,11.735585
1.0,11,11.747281
0.0,25,11.748531
0.0,1,11.748656
1.0,10,11.74916
0.0,1,11.749272
1.0,8,11.749703
0.0,24,11.750836
1.0,18,11.761828
0.0,37,11.76364
0.0,13,11.764278
0.0,29,11.765623
0.0,4,11.765867
0.0,9,11.766328
1.0,10,11.777005
0.0,5,11.777374
1.0,33,11.778903
0.0,1,11.779019
0.0,6,11.779351
1.0,52,11.791895
0.0,9,11.792481
0.0,7,11.792885
0.0,1,11.792997
0.0,25,11.794169
0.0,1,11.794283
0.0,7,11.794668
0.0,37,11.796362
0.0,3,11.796562
0.0,26,11.808022
0.0,8,11.808522
0.0,37,11.810221
0.0,5,11.810512
0.0,21,11.811503
1.0,60,11.819309
0.0,15,11.822194
1.0,33,11.827177
1.0,15,11.828008
1.0,19,11.830943
0.0,16,11.831743
0.0,4,11.831991
0.0,12,11.832583
0.0,32,11.836098
0.0,20,11.839539
0.0,22,11.84302
1.0,18,11.843993
1.0,11,11.844543
1.0,86,11.857939
0.0,1,11.858166
0.0,31,11.85962
0.0,11,11.860197
0.0,34,11.86194
0.0,11,11.862547
1.0,41,11.868013
0.0,7,11.870863
0.0,7,11.871572
0.0,30,11.873157
0.0,16,11.876444
1.0,7,11.878263
1.0,16,11.881517
0.0,1,11.881803
0.0,15,11.884716
0.0,10,11.885777
0.0,6,11.886178
0.0,8,11.88891
0.0,2,11.889286
0.0,31,11.893212
0.0,11,11.894039
0.0,22,11.89751
1.0,60,11.907293
0.0,18,11.908473
0.0,7,11.909004
0.0,1,11.909146
1.0,16,11.910024
0.0,4,11.910357
0.0,5,11.910752
0.0,31,11.912364
0.0,4,11.912767
0.0,33,11.914451
0.0,1,11.927191
1.0,9,11.927982
0.0,6,11.928387
0.0,10,11.934347
1.0,10,11.935141
1.0,15,11.935986
0.0,4,11.936316
1.0,24,11.943318
0.0,14,11.944305
0.0,4,11.94462
0.0,10,11.945184
0.0,3,11.945418
0.0,13,11.946146
0.0,25,11.962873
0.0,10,11.963719
0.0,3,11.963986
0.0,2,11.964163
1.0,28,11.965639
0.0,6,11.966145
1.0,45,11.978827
0.0,2,11.979169
0.0,11,11.979821
0.0,4,11.980147
1.0,6,11.980511
1.0,16,11.981379
0.0,6,11.992195
0.0,15,11.993258
1.0,18,11.994286
1.0,33,11.997277
0.0,1,11.997569
1.0,29,11.999114
0.0,21,12.000384
1.0,42,12.021236
1.0,20,12.023885
0.0,1,12.02405
1.0,14,12.024746
0.0,5,12.025032
0.0,20,12.035681
0.0,13,12.03649
0.0,31,12.041708
0.0,20,12.051092
0.0,11,12.051801
0.0,8,12.052235
0.0,30,12.06016
0.0,10,12.066127
0.0,3,12.066435
0.0,16,12.068124
0.0,5,12.068469
0.0,14,12.075137
0.0,6,12.07556
0.0,7,12.075967
0.0,14,12.082502
0.0,8,12.083043
1.0,14,12.083763
1.0,11,12.084323
0.0,2,12.084482
0.0,16,12.0928
0.0,16,12.098879
1.0,18,12.099819
0.0,1,12.099941
0.0,11,12.100492
1.0,32,12.118267
0.0,11,12.119014
1.0,9,12.119512
0.0,4,12.11978
1.0,17,12.120631
0.0,2,12.12079
0.0,17,12.121633
0.0,5,12.121921
0.0,5,12.122204
0.0,25,12.123365
0.0,9,12.137023
0.0,10,12.137639
1.0,17,12.138451
0.0,91,12.152676
0.0,7,12.153131
1.0,13,12.153785
0.0,46,12.155864
1.0,34,12.166892
0.0,33,12.168554
1.0,16,12.169324
0.0,10,12.16984
0.0,15,12.170557
1.0,16,12.171324
1.0,35,12.183121
0.0,10,12.183724
1.0,35,12.193281
0.0,15,12.194054
0.0,1,12.194165
0.0,45,12.196199
0.0,5,12.196487
0.0,3,12.206812
1.0,16,12.207659
1.0,14,12.208338
0.0,34,12.209913
1.0,11,12.210458
1.0,6,12.210797
0.0,28,12.222209
1.0,11,12.222844
0.0,1,12.222956
0.0,2,12.223123
0.0,19,12.224027
1.0,16,12.224801
1.0,29,12.226135
0.0,8,12.226551
1.0,22,12.237736
0.0,25,12.238957
1.0,15,12.239686
0.0,7,12.240058
1.0,19,12.24096
0.0,9,12.241421
0.0,21,12.252543
0.0,12,12.253206
0.0,3,12.253407
1.0,9,12.253885
0.0,11,12.254439
0.0,19,12.255339
0.0,1,12.25545
1.0,21,12.256437
0.0,9,12.267068
0.0,36,12.268839
0.0,10,12.269344
1.0,17,12.270158
0.0,12,12.27076
1.0,11,12.271308
0.0,33,12.283004
0.0,6,12.283416
0.0,13,12.284075
0.0,40,12.288404
1.0,20,12.289373
0.0,5,12.289671
0.0,7,12.290042
0.0,10,12.29054
0.0,27,12.301941
0.0,4,12.302275
0.0,11,12.302843
0.0,7,12.303218
1.0,18,12.304075
1.0,16,12.304848
0.0,27,12.306102
1.0,17,12.317085
1.0,23,12.318248
1.0,18,12.319106
1.0,10,12.319622
0.0,25,12.320786
1.0,31,12.337412
0.0,6,12.337862
1.0,14,12.338547
0.0,26,12.339774
1.0,20,12.340749
1.0,6,12.34109
0.0,22,12.35233
0.0,8,12.352866
0.0,5,12.353157
0.0,21,12.354153
0.0,8,12.354571
0.0,10,12.355084
0.0,3,12.355288
0.0,3,12.355485
1.0,26,12.366879
0.0,44,12.369035
0.0,15,12.369792
0.0,15,12.370512
1.0,12,12.371115
0.0,12,12.381893
0.0,16,12.382788
0.0,50,12.38532
0.0,3,12.392455
0.0,2,12.392778
0.0,9,12.393292
0.0,14,12.394082
0.0,20,12.395061
0.0,7,12.395442
1.0,18,12.396392
0.0,1,12.396582
0.0,14,12.407654
0.0,4,12.407942
0.0,44,12.409986
0.0,9,12.410461
0.0,5,12.410768
0.0,11,12.411329
1.0,9,12.422023
1.0,22,12.423231
0.0,2,12.423459
0.0,3,12.423712
0.0,21,12.424836
0.0,13,12.425601
0.0,25,12.429354
0.0,5,12.429931
0.0,21,12.433355
0.0,1,12.43368
0.0,10,12.434263
1.0,19,12.437706
0.0,6,12.438296
0.0,15,12.441484
0.0,9,12.442182
1.0,13,12.44499
0.0,14,12.445786
0.0,4,12.446041
1.0,26,12.449715
0.0,26,12.453546
0.0,1,12.453893
0.0,23,12.457326
0.0,1,12.457536
1.0,15,12.458291
0.0,16,12.461267
0.0,4,12.461602
1.0,16,12.462466
1.0,8,12.46527
0.0,11,12.466103
0.0,24,12.469773
0.0,18,12.473072
0.0,7,12.473544
1.0,17,12.474388
0.0,29,12.47818
0.0,14,12.479156
1.0,45,12.487041
0.0,27,12.48864
0.0,58,12.49706
0.0,7,12.497737
1.0,25,12.499067
1.0,12,12.502035
0.0,7,12.502527
0.0,4,12.502798
0.0,5,12.503095
0.0,1,12.503207
1.0,35,12.512587
0.0,1,12.512903
0.0,38,12.52215
1.0,17,12.525579
0.0,31,12.532711
0.0,21,12.536383
0.0,3,12.537302
0.0,14,12.540861
0.0,13,12.544276
0.0,10,12.545066
0.0,7,12.545524
1.0,31,12.551885
0.0,19,12.558133
1.0,35,12.567492
0.0,40,12.571893
0.0,9,12.576449
0.0,2,12.578076
0.0,7,12.578513
0.0,6,12.578866
0.0,11,12.579431
1.0,13,12.583428
0.0,20,12.588338
0.0,8,12.592391
0.0,27,12.594487
1.0,13,12.596462
0.0,28,12.601096
0.0,32,12.602697
1.0,50,12.608359
0.0,9,12.612125
0.0,26,12.613427
0.0,3,12.613644
0.0,4,12.613887
0.0,31,12.615307
0.0,22,12.618888
0.0,25,12.623362
1.0,21,12.624492
1.0,42,12.628625
0.0,7,12.629083
0.0,4,12.629327
0.0,2,12.62948
1.0,28,12.632981
0.0,35,12.640862
0.0,38,12.644776
0.0,17,12.645662
1.0,8,12.646079
0.0,25,12.650473
1.0,13,12.651265
0.0,7,12.651676
1.0,42,12.655706
0.0,2,12.65591
0.0,1,12.656024
1.0,38,12.659833
1.0,19,12.662886
1.0,7,12.663332
1.0,10,12.663869
1.0,28,12.665308
0.0,42,12.671444
0.0,5,12.67388
0.0,33,12.675434
0.0,11,12.67704
0.0,6,12.677386
0.0,14,12.68012
0.0,23,12.681237
1.0,19,12.684198
0.0,7,12.684615
0.0,1,12.684737
0.0,6,12.685071
0.0,3,12.685273
0.0,11,12.686854
0.0,67,12.696957
0.0,14,12.697753
0.0,4,12.698007
0.0,16,12.698797
0.0,54,12.701286
0.0,12,12.703939
0.0,29,12.705285
0.0,3,12.705495
0.0,12,12.707111
0.0,4,12.707356
0.0,4,12.7076
1.0,12,12.710216
1.0,11,12.710769
0.0,29,12.717376
0.0,3,12.721023
0.0,28,12.722372
0.0,4,12.722639
0.0,12,12.723232
0.0,24,12.728233
0.0,14,12.728941
0.0,11,12.729483
1.0,31,12.73595
1.0,19,12.741096
0.0,29,12.742455
0.0,12,12.743058
1.0,6,12.743389
0.0,19,12.749176
1.0,29,12.750519
1.0,34,12.76031
0.0,7,12.76075
0.0,30,12.762116
0.0,6,12.762443
0.0,9,12.767813
0.0,10,12.76833
1.0,23,12.769428
0.0,1,12.769542
0.0,41,12.776456
1.0,49,12.782972
0.0,17,12.787731
1.0,21,12.788744
0.0,9,12.789223
0.0,13,12.794876
1.0,12,12.795502
0.0,19,12.796411
0.0,10,12.801142
0.0,8,12.801579
1.0,21,12.802569
0.0,2,12.802733
0.0,4,12.802975
0.0,4,12.803216
0.0,26,12.807448
1.0,6,12.809819
0.0,8,12.810242
0.0,14,12.810926
0.0,1,12.811037
1.0,22,12.81408
0.0,21,12.815072
1.0,10,12.815576
0.0,2,12.816753
0.0,3,12.81696
0.0,3,12.817165
0.0,14,12.819884
0.0,7,12.820491
0.0,24,12.823662
1.0,35,12.825265
1.0,17,12.827094
0.0,27,12.830358
0.0,10,12.830882
0.0,4,12.831123
1.0,20,12.832075
0.0,7,12.832454
1.0,10,12.834996
0.0,10,12.83552
0.0,23,12.838636
0.0,4,12.838895
0.0,29,12.84023
0.0,12,12.842841
0.0,11,12.843391
0.0,6,12.843735
1.0,70,12.856028
0.0,7,12.856486
0.0,16,12.85728
0.0,3,12.857483
0.0,3,12.857692
1.0,27,12.858937
0.0,28,12.86023
0.0,1,12.860343
0.0,11,12.860906
0.0,22,12.861952
1.0,17,12.864808
0.0,12,12.865417
0.0,4,12.865681
0.0,2,12.86584
0.0,5,12.866131
1.0,31,12.869584
0.0,53,12.873989
0.0,17,12.876838
0.0,9,12.877331
0.0,11,12.877902
1.0,22,12.880982
0.0,10,12.881512
0.0,3,12.881727
0.0,5,12.882016
0.0,1,12.882127
0.0,8,12.882542
0.0,7,12.884934
0.0,3,12.88514
1.0,17,12.885959
0.0,16,12.88874
0.0,6,12.88908
0.0,2,12.889235
1.0,18,12.890096
1.0,55,12.89666
0.0,31,12.900124
0.0,11,12.900689
0.0,7,12.901064
0.0,15,12.903798
1.0,14,12.904487
0.0,12,12.905089
0.0,22,12.907158
0.0,14,12.909883
1.0,9,12.910363
0.0,14,12.911064
0.0,18,12.914241
1.0,33,12.9172
0.0,1,12.917398
0.0,33,12.920939
0.0,1,12.921697
0.0,3,12.921908
1.0,34,12.9235
0.0,28,12.928045
1.0,15,12.931088
1.0,21,12.932152
0.0,15,12.934901
0.0,1,12.93503
0.0,17,12.935871
0.0,9,12.936345
0.0,2,12.936506
1.0,14,12.939601
0.0,3,12.940009
0.0,6,12.940392
0.0,7,12.942914
0.0,10,12.9435
0.0,5,12.943805
0.0,8,12.944232
1.0,12,12.946879
1.0,23,12.947962
1.0,37,12.951678
1.0,11,12.952304
0.0,27,12.956021
0.0,16,12.958935
0.0,5,12.959248
1.0,12,12.959865
1.0,15,12.960598
0.0,1,12.962743
0.0,14,12.963436
1.0,14,12.964127
0.0,4,12.96437
1.0,15,12.967134
0.0,4,12.96739
1.0,23,12.968493
1.0,21,12.977724
1.0,44,12.979856
0.0,5,12.980153
0.0,5,12.980445
0.0,6,12.980791
0.0,18,12.99183
0.0,15,12.992771
0.0,7,12.993151
0.0,15,12.993883
0.0,9,12.994346
1.0,9,12.994818
0.0,21,12.995808
0.0,17,12.999793
0.0,10,13.000771
0.0,13,13.001571
0.0,32,13.005336
0.0,1,13.005479
0.0,2,13.008931
0.0,17,13.01014
0.0,12,13.013169
0.0,9,13.013916
0.0,27,13.017643
0.0,15,13.020721
0.0,14,13.022199
0.0,31,13.026914
1.0,23,13.028312
0.0,28,13.032141
0.0,10,13.032876
1.0,16,13.037015
0.0,14,13.03784
0.0,4,13.038108
0.0,6,13.038448
0.0,11,13.041242
0.0,5,13.041656
0.0,26,13.045373
0.0,71,13.05803
0.0,18,13.059245
0.0,2,13.059509
0.0,9,13.060034
0.0,13,13.060776
1.0,20,13.061872
0.0,6,13.062312
1.0,9,13.065207
1.0,10,13.066044
0.0,10,13.068796
0.0,29,13.070313
1.0,21,13.074807
0.0,24,13.076293
1.0,10,13.078117
0.0,16,13.079124
1.0,21,13.08247
0.0,39,13.09339
1.0,16,13.094503
0.0,8,13.101262
0.0,20,13.102333
0.0,6,13.107072
0.0,14,13.108591
0.0,1,13.108723
0.0,1,13.108851
1.0,20,13.11252
1.0,9,13.113215
0.0,17,13.117478
1.0,14,13.122798
1.0,17,13.125222
0.0,30,13.130647
1.0,19,13.134652
0.0,16,13.140411
1.0,14,13.141909
0.0,3,13.142143
0.0,8,13.142572
0.0,3,13.145369
1.0,58,13.155292
0.0,35,13.16076
0.0,6,13.161176
0.0,17,13.164891
0.0,3,13.169098
0.0,6,13.169588
0.0,7,13.170016
0.0,3,13.170269
0.0,16,13.174015
0.0,7,13.174455
0.0,22,13.178083
0.0,12,13.18122
1.0,12,13.182066
0.0,2,13.182228
1.0,36,13.187397
1.0,23,13.190667
1.0,10,13.191226
0.0,39,13.19555
0.0,24,13.199959
1.0,47,13.204236
0.0,11,13.204841
0.0,1,13.204952
1.0,44,13.210473
0.0,4,13.210969
1.0,9,13.211499
0.0,11,13.214176
1.0,8,13.214651
0.0,7,13.215034
0.0,5,13.215326
0.0,3,13.215528
0.0,27,13.219864
0.0,14,13.2206
0.0,12,13.221203
0.0,28,13.222523
0.0,15,13.22642
0.0,8,13.226976
0.0,10,13.227483
0.0,15,13.228225
0.0,35,13.231946
0.0,13,13.234681
0.0,13,13.235362
0.0,8,13.235788
0.0,9,13.236249
1.0,7,13.238662
0.0,17,13.239566
1.0,11,13.240147
1.0,6,13.240495
0.0,16,13.241297
0.0,3,13.241511
0.0,6,13.244875
0.0,11,13.245438
0.0,15,13.246166
0.0,17,13.249019
0.0,2,13.249192
1.0,23,13.250296
0.0,16,13.253149
0.0,3,13.253393
1.0,50,13.259817
0.0,7,13.260271
0.0,25,13.26143
0.0,16,13.264261
1.0,23,13.265386
1.0,11,13.267167
0.0,8,13.270632
0.0,10,13.27132
0.0,15,13.272072
0.0,17,13.272893
0.0,6,13.273224
1.0,18,13.274079
0.0,2,13.274233
1.0,22,13.27731
0.0,11,13.277894
0.0,40,13.288357
1.0,24,13.291588
0.0,4,13.291888
0.0,9,13.292418
1.0,18,13.30005
1.0,28,13.302402
0.0,3,13.303653
0.0,11,13.304202
0.0,26,13.307874
0.0,10,13.308403
0.0,3,13.311168
0.0,14,13.311883
0.0,15,13.315656
0.0,5,13.315959
0.0,2,13.316116
0.0,7,13.316489
0.0,5,13.319215
1.0,24,13.32034
1.0,22,13.323962
0.0,16,13.327808
0.0,52,13.332589
1.0,30,13.339136
0.0,9,13.341169
0.0,5,13.341468
0.0,34,13.345081
0.0,11,13.348079
0.0,17,13.348903
0.0,1,13.349015
0.0,13,13.353226
0.0,21,13.356297
1.0,17,13.358149
1.0,17,13.358968
0.0,3,13.359169
1.0,24,13.367332
0.0,8,13.368272
1.0,16,13.369071
1.0,7,13.369451
0.0,1,13.369564
1.0,16,13.373933
1.0,46,13.376051
0.0,12,13.378664
1.0,19,13.379763
0.0,11,13.380309
1.0,17,13.383153
0.0,35,13.386824
0.0,11,13.387381
0.0,5,13.387675
0.0,10,13.388176
1.0,25,13.392353
0.0,3,13.392564
1.0,23,13.395654
0.0,4,13.395909
0.0,4,13.396152
0.0,16,13.396936
0.0,23,13.400057
1.0,17,13.400903
1.0,42,13.404837
0.0,13,13.405485
0.0,14,13.407178
1.0,16,13.409966
1.0,10,13.410473
1.0,20,13.411418
0.0,5,13.413734
1.0,14,13.414433
0.0,3,13.414646
0.0,23,13.416769
0.0,18,13.419636
0.0,6,13.419975
0.0,4,13.420215
0.0,14,13.420904
0.0,1,13.421014
0.0,8,13.42143
1.0,11,13.423995
1.0,30,13.425386
0.0,4,13.426651
0.0,12,13.427262
0.0,8,13.429709
1.0,10,13.430229
1.0,17,13.431066
1.0,17,13.433905
0.0,46,13.437017
0.0,10,13.437529
1.0,17,13.440357
0.0,19,13.441263
0.0,19,13.444197
0.0,12,13.444821
0.0,4,13.445068
0.0,17,13.446913
0.0,10,13.447418
1.0,17,13.45024
0.0,10,13.450757
0.0,6,13.451085
0.0,7,13.451462
0.0,15,13.454201
0.0,49,13.457435
0.0,2,13.45963
0.0,15,13.460385
0.0,39,13.464211
0.0,5,13.464512
0.0,1,13.464632
1.0,23,13.46672
0.0,11,13.467271
0.0,35,13.470885
0.0,25,13.474083
0.0,8,13.474522
0.0,18,13.475402
1.0,35,13.480037
0.0,1,13.480356
0.0,33,13.481911
0.0,25,13.485412
0.0,4,13.485855
0.0,9,13.486335
0.0,53,13.496979
1.0,13,13.497856
0.0,9,13.498438
0.0,3,13.498709
0.0,3,13.498933
0.0,5,13.499262
1.0,6,13.499666
0.0,6,13.500052
0.0,9,13.500572
1.0,15,13.501427
0.0,13,13.504165
0.0,40,13.50705
0.0,32,13.510531
0.0,10,13.511057
1.0,11,13.51368
1.0,23,13.515353
1.0,14,13.517213
0.0,8,13.519781
1.0,31,13.521312
1.0,42,13.526844
0.0,12,13.527542
0.0,2,13.529903
0.0,35,13.531585
1.0,11,13.534384
0.0,26,13.536838
0.0,3,13.537177
1.0,11,13.537831
0.0,14,13.540786
0.0,2,13.541307
1.0,60,13.54409
0.0,1,13.544219
0.0,7,13.544592
0.0,1,13.544716
1.0,12,13.5453
0.0,13,13.55729
0.0,8,13.557929
0.0,16,13.55883
0.0,16,13.559762
1.0,27,13.561193
0.0,34,13.573169
1.0,8,13.573735
0.0,7,13.574153
0.0,3,13.574386
0.0,29,13.580262
0.0,9,13.581017
0.0,5,13.581385
1.0,7,13.581804
0.0,5,13.58209
0.0,1,13.5822
1.0,11,13.585311
0.0,5,13.585693
0.0,16,13.586457
1.0,54,13.592233
0.0,3,13.59495
0.0,13,13.595962
0.0,20,13.600149
1.0,7,13.600647
1.0,19,13.601591
0.0,7,13.60199
0.0,40,13.606026
1.0,18,13.608173
0.0,22,13.609493
1.0,17,13.612741
0.0,16,13.613598
1.0,37,13.622213
1.0,20,13.62352
1.0,55,13.628473
0.0,1,13.628694
1.0,15,13.629433
0.0,28,13.632939
0.0,4,13.633319
0.0,20,13.637874
0.0,9,13.638576
0.0,1,13.64115
0.0,12,13.641883
0.0,22,13.645138
0.0,1,13.645333
0.0,6,13.645685
0.0,3,13.645891
0.0,27,13.650592
0.0,43,13.653
0.0,11,13.656084
0.0,5,13.656584
1.0,12,13.658363
0.0,1,13.658485
1.0,20,13.65945
1.0,16,13.662587
0.0,40,13.668237
0.0,1,13.668575
0.0,3,13.671242
0.0,6,13.671728
0.0,13,13.677115
1.0,15,13.680889
0.0,22,13.685031
0.0,19,13.690401
0.0,9,13.691979
0.0,1,13.692144
0.0,3,13.69236
0.0,34,13.703599
0.0,29,13.70752
0.0,1,13.707813
1.0,11,13.708435
1.0,11,13.71144
0.0,19,13.715973
0.0,26,13.719751
0.0,17,13.726305
0.0,29,13.728499
0.0,7,13.732463
0.0,10,13.735531
0.0,33,13.741347
0.0,3,13.744332
0.0,4,13.744708
0.0,2,13.744871
0.0,6,13.745209
0.0,72,13.758759
0.0,16,13.762156
1.0,14,13.762967
1.0,13,13.765672
1.0,10,13.766244
0.0,4,13.766496
0.0,6,13.768087
0.0,37,13.772371
0.0,1,13.772664
0.0,5,13.772966
1.0,10,13.773484
0.0,26,13.778012
0.0,3,13.778308
1.0,30,13.781834
1.0,20,13.785324
0.0,15,13.786318
0.0,17,13.790402
1.0,24,13.791626
0.0,30,13.794053
0.0,5,13.794383
1.0,21,13.795396
0.0,12,13.798282
1.0,15,13.799272
1.0,12,13.802203
0.0,45,13.806426
1.0,23,13.808576
0.0,14,13.809296
1.0,19,13.812325
0.0,2,13.81259
0.0,29,13.816442
0.0,17,13.818404
1.0,8,13.818851
0.0,28,13.822196
0.0,26,13.823456
0.0,3,13.825689
1.0,27,13.827992
0.0,14,13.828699
0.0,5,13.828997
0.0,1,13.829107
0.0,24,13.833855
0.0,10,13.834425
1.0,29,13.837871
0.0,8,13.838318
0.0,6,13.840677
0.0,1,13.840802
0.0,26,13.842038
1.0,19,13.845034
1.0,10,13.845598
0.0,48,13.848874
0.0,33,13.852474
1.0,15,13.853248
0.0,2,13.853411
0.0,46,13.858601
0.0,17,13.8595
0.0,1,13.862675
1.0,21,13.863778
1.0,22,13.869134
0.0,5,13.869506
0.0,23,13.875828
1.0,8,13.87633
0.0,4,13.87658
1.0,8,13.882277
0.0,8,13.882769
1.0,9,13.883258
1.0,11,13.890372
1.0,7,13.890851
0.0,9,13.891323
0.0,17,13.895709
1.0,8,13.896159
1.0,21,13.901299
0.0,4,13.901574
1.0,16,13.902353
0.0,10,13.902865
0.0,21,13.90831
0.0,14,13.909036
0.0,4,13.909286
0.0,18,13.910167
1.0,15,13.916454
0.0,5,13.919888
1.0,19,13.92082
0.0,3,13.921023
1.0,13,13.921667
0.0,11,13.922228
1.0,22,13.927764
0.0,4,13.92803
0.0,13,13.928694
0.0,5,13.928982
1.0,19,13.934397
1.0,54,13.939105
0.0,14,13.945396
0.0,4,13.945683
0.0,9,13.946146
0.0,42,13.952568
0.0,1,13.952725
0.0,25,13.95693
0.0,10,13.957443
1.0,7,13.957831
1.0,13,13.95848
0.0,20,13.959448
0.0,10,13.964002
1.0,13,13.964681
1.0,48,13.968932
0.0,3,13.969154
0.0,15,13.969905
0.0,8,13.970329
0.0,3,13.97053
0.0,19,13.973464
0.0,37,13.977212
0.0,10,13.977736
0.0,23,13.980821
0.0,11,13.981374
1.0,35,13.985027
1.0,6,13.985378
0.0,6,13.985723
1.0,20,13.988706
0.0,9,13.989187
0.0,1,13.9893
0.0,5,13.989594
0.0,17,13.990429
0.0,35,13.994045
0.0,12,13.994654
0.0,6,13.994987
0.0,15,13.999761
0.0,6,14.00013
0.0,1,14.000242
0.0,53,14.004996
0.0,8,14.006643
0.0,1,14.006914
1.0,8,14.007343
0.0,3,14.007544
1.0,29,14.010904
1.0,10,14.011411
1.0,19,14.014353
1.0,17,14.015182
0.0,10,14.016732
1.0,11,14.017288
1.0,14,14.019997
0.0,13,14.020651
1.0,9,14.021111
0.0,9,14.021569
0.0,7,14.023966
1.0,15,14.024707
0.0,4,14.024959
0.0,2,14.025118
1.0,8,14.025544
0.0,18,14.027414
0.0,2,14.027571
0.0,5,14.029881
0.0,3,14.030087
0.0,22,14.031165
1.0,11,14.033751
0.0,53,14.037171
0.0,13,14.040244
0.0,5,14.040547
0.0,12,14.041159
0.0,13,14.044838
1.0,10,14.045365
0.0,10,14.045893
1.0,23,14.046992
0.0,6,14.047325
0.0,3,14.047521
0.0,17,14.048347
0.0,1,14.048459
0.0,34,14.052057
0.0,20,14.055034
0.0,2,14.055194
0.0,9,14.055668
1.0,45,14.05975
0.0,5,14.060048
0.0,3,14.060253
1.0,32,14.065796
0.0,9,14.066286
0.0,3,14.066491
1.0,10,14.071065
1.0,35,14.076758
0.0,5,14.077072
0.0,29,14.082466
1.0,35,14.084112
0.0,23,14.089428
0.0,5,14.095026
0.0,1,14.095227
0.0,34,14.101871
0.0,25,14.1031
0.0,35,14.104751
1.0,23,14.105857
0.0,2,14.106016
0.0,12,14.116751
0.0,1,14.117016
0.0,7,14.117406
0.0,3,14.11763
1.0,13,14.118299
1.0,31,14.119774
0.0,2,14.119936
0.0,17,14.120774
0.0,1,14.120889
1.0,37,14.132819
0.0,25,14.134094
1.0,11,14.134661
0.0,63,14.147715
1.0,10,14.148314
0.0,9,14.148793
0.0,27,14.150052
0.0,6,14.150388
0.0,8,14.150816
1.0,14,14.157589
0.0,5,14.157989
1.0,15,14.158746
0.0,16,14.15951
0.0,6,14.159852
0.0,3,14.160054
1.0,22,14.161102
0.0,3,14.161307
0.0,5,14.161598
0.0,37,14.173759
1.0,40,14.175652
1.0,21,14.190741
0.0,13,14.191474
0.0,1,14.191587
0.0,25,14.200342
1.0,16,14.20136
1.0,19,14.206343
0.0,5,14.209855
0.0,15,14.210726
0.0,12,14.211407
0.0,8,14.218323
1.0,10,14.218982
0.0,7,14.219433
0.0,24,14.226949
0.0,1,14.227177
0.0,19,14.228122
0.0,8,14.228556
0.0,18,14.22943
0.0,3,14.234573
0.0,9,14.235183
0.0,10,14.235716
0.0,3,14.235921
0.0,5,14.236226
1.0,38,14.243585
0.0,3,14.243887
1.0,15,14.250602
0.0,1,14.251053
0.0,13,14.251781
0.0,26,14.258195
1.0,17,14.259189
1.0,30,14.266295
0.0,30,14.268881
0.0,14,14.269586
1.0,8,14.275274
0.0,6,14.275657
0.0,2,14.275819
0.0,19,14.279934
0.0,17,14.280834
0.0,10,14.281397
0.0,17,14.282341
0.0,18,14.28335
0.0,10,14.291281
0.0,12,14.292002
0.0,43,14.296556
0.0,2,14.304037
0.0,1,14.304163
0.0,22,14.30524
1.0,22,14.306315
0.0,5,14.306642
0.0,5,14.306955
0.0,48,14.309385
0.0,3,14.309785
0.0,12,14.310444
1.0,13,14.313277
0.0,12,14.313963
1.0,30,14.317473
0.0,5,14.317832
0.0,14,14.318525
0.0,4,14.32084
0.0,15,14.321625
0.0,10,14.322177
0.0,9,14.325059
1.0,14,14.325991
0.0,20,14.329051
0.0,13,14.329752
0.0,15,14.330489
1.0,30,14.334287
1.0,12,14.337313
0.0,6,14.337771
1.0,38,14.341581
0.0,35,14.345271
0.0,15,14.34604
1.0,25,14.349673
0.0,15,14.352747
0.0,14,14.353555
1.0,7,14.353949
0.0,19,14.356918
0.0,7,14.357323
1.0,7,14.357716
0.0,7,14.3581
0.0,9,14.358569
1.0,23,14.361718
0.0,2,14.361924
0.0,11,14.362539
0.0,6,14.365324
1.0,11,14.366078
0.0,18,14.368985
1.0,7,14.36938
1.0,50,14.380424
1.0,25,14.383832
0.0,4,14.386844
0.0,1,14.38698
0.0,5,14.387276
0.0,12,14.387893
0.0,10,14.388407
0.0,7,14.390837
1.0,9,14.391306
1.0,10,14.391833
0.0,21,14.397992
1.0,16,14.400929
1.0,23,14.402053
0.0,2,14.402218
0.0,23,14.406161
0.0,5,14.40647
0.0,7,14.411198
0.0,8,14.411739
0.0,4,14.411996
0.0,1,14.41211
1.0,14,14.414851
0.0,15,14.415591
0.0,3,14.415809
0.0,20,14.424167
0.0,3,14.424529
0.0,10,14.42606
1.0,12,14.427907
1.0,20,14.430943
1.0,58,14.436491
1.0,14,14.441436
0.0,22,14.443391
0.0,5,14.44372
0.0,6,14.444049
0.0,18,14.449153
0.0,1,14.449309
0.0,16,14.452155
0.0,14,14.452869
0.0,24,14.458107
0.0,6,14.458498
0.0,33,14.463017
0.0,10,14.463542
1.0,12,14.466576
0.0,11,14.467166
0.0,14,14.469866
0.0,54,14.474325
0.0,21,14.475333
0.0,15,14.477072
0.0,12,14.47969
1.0,23,14.48078
0.0,13,14.481409
0.0,30,14.484814
0.0,1,14.485109
1.0,41,14.490041
0.0,11,14.490644
1.0,8,14.491058
0.0,31,14.49247
0.0,5,14.494779
0.0,6,14.495122
1.0,24,14.496276
0.0,2,14.496437
0.0,1,14.496549
0.0,5,14.498862
0.0,24,14.499981
0.0,35,14.50362
0.0,11,14.504186
0.0,3,14.504388
0.0,19,14.507316
0.0,30,14.515803
0.0,7,14.516237
0.0,2,14.516392
0.0,16,14.522232
0.0,15,14.523022
0.0,4,14.523275
0.0,3,14.523477
0.0,15,14.524227
0.0,20,14.525185
0.0,12,14.525785
1.0,9,14.526246
0.0,13,14.535039
0.0,34,14.537692
0.0,8,14.538122
0.0,6,14.538452
0.0,6,14.538791
0.0,24,14.539918
0.0,2,14.540081
0.0,26,14.541311
0.0,6,14.554803
0.0,39,14.561742
0.0,10,14.562301
0.0,19,14.563225
1.0,16,14.564018
0.0,18,14.564891
0.0,27,14.566138
1.0,41,14.572091
0.0,15,14.574886
1.0,19,14.575826
0.0,26,14.579068
0.0,11,14.579632
0.0,5,14.579919
0.0,3,14.580121
1.0,40,14.583996
1.0,6,14.584345
0.0,32,14.587884
0.0,6,14.588357
1.0,38,14.592104
0.0,2,14.592267
1.0,22,14.595334
0.0,5,14.595652
0.0,18,14.596519
0.0,9,14.599065
0.0,15,14.599824
0.0,14,14.600516
0.0,49,14.602726
0.0,2,14.602885
1.0,18,14.619086
0.0,6,14.619514
0.0,5,14.619826
0.0,41,14.625883
0.0,7,14.626302
0.0,13,14.630713
1.0,25,14.631928
0.0,8,14.632348
0.0,7,14.637963
1.0,67,14.646176
0.0,12,14.650834
1.0,15,14.651696
1.0,9,14.652213
0.0,11,14.657266
0.0,4,14.657602
0.0,5,14.657913
0.0,4,14.65816
0.0,8,14.658584
0.0,45,14.665946
0.0,1,14.666146
1.0,27,14.672461
1.0,10,14.673084
1.0,25,14.677657
0.0,36,14.679509
1.0,13,14.685513
1.0,29,14.69186
1.0,15,14.692723
0.0,47,14.699351
0.0,60,14.706398
0.0,3,14.708745
0.0,10,14.709281
0.0,35,14.713171
0.0,4,14.713622
0.0,22,14.71705
0.0,23,14.718279
0.0,15,14.719033
0.0,5,14.719326
1.0,10,14.723907
0.0,3,14.724258
0.0,5,14.72466
0.0,14,14.725412
0.0,18,14.72642
1.0,8,14.728962
0.0,7,14.729361
0.0,4,14.729618
0.0,21,14.732652
0.0,9,14.733145
0.0,21,14.734159
1.0,24,14.737407
0.0,4,14.737794
1.0,29,14.74165
0.0,5,14.742162
0.0,2,14.742324
1.0,8,14.744789
0.0,3,14.745016
1.0,12,14.745637
1.0,8,14.746067
0.0,3,14.746269
1.0,43,14.756966
1.0,15,14.758164
0.0,3,14.758533
0.0,44,14.761263
0.0,4,14.763782
0.0,16,14.764627
0.0,1,14.764774
0.0,9,14.765307
0.0,33,14.769964
0.0,9,14.770534
0.0,5,14.770891
0.0,4,14.771199
0.0,16,14.772055
1.0,15,14.77606
0.0,9,14.776627
1.0,17,14.777451
1.0,32,14.781334
0.0,1,14.781527
0.0,5,14.785014
1.0,18,14.786001
1.0,35,14.787732
0.0,13,14.788506
0.0,25,14.791962
0.0,15,14.796137
1.0,29,14.798743
1.0,12,14.799368
1.0,15,14.807489
0.0,9,14.808926
0.0,10,14.80945
0.0,5,14.810916
1.0,22,14.814185
0.0,7,14.814649
1.0,35,14.819486
0.0,6,14.824312
1.0,12,14.825818
0.0,12,14.826435
0.0,3,14.830204
1.0,9,14.830831
1.0,6,14.831167
0.0,5,14.831451
0.0,1,14.831561
1.0,16,14.832349
0.0,5,14.837455
0.0,31,14.839439
0.0,8,14.843089
1.0,40,14.848817
0.0,1,14.849038
0.0,10,14.849556
0.0,21,14.853809
0.0,25,14.85739
0.0,5,14.857799
0.0,6,14.858141
1.0,26,14.862742
0.0,6,14.863227
1.0,10,14.863768
1.0,21,14.867054
0.0,5,14.867481
0.0,12,14.868115
0.0,16,14.868917
0.0,2,14.869078
0.0,4,14.869329
1.0,34,14.874115
0.0,17,14.877274
1.0,17,14.878238
0.0,5,14.878544
1.0,39,14.883583
0.0,33,14.887453
0.0,15,14.888315
0.0,8,14.890945
0.0,13,14.891701
0.0,9,14.892183
0.0,9,14.895884
0.0,22,14.897103
0.0,15,14.897864
0.0,1,14.897981
0.0,23,14.899084
1.0,11,14.902803
0.0,5,14.903206
0.0,16,14.904024
0.0,24,14.907412
0.0,47,14.909761
0.0,35,14.916663
0.0,21,14.917781
0.0,13,14.918443
1.0,29,14.924199
0.0,2,14.924452
0.0,41,14.92756
0.0,4,14.929928
0.0,2,14.930104
0.0,40,14.933037
0.0,4,14.933335
1.0,19,14.93427
0.0,3,14.934473
0.0,18,14.93743
1.0,11,14.940115
0.0,7,14.94053
1.0,20,14.941505
0.0,16,14.944363
0.0,24,14.945549
0.0,1,14.946697
1.0,16,14.947477
0.0,37,14.951212
0.0,10,14.953815
0.0,15,14.954589
0.0,7,14.954982
0.0,10,14.955503
0.0,14,14.964265
0.0,3,14.964548
0.0,3,14.965553
0.0,6,14.965905
0.0,28,14.968463
0.0,8,14.971301
1.0,13,14.971986
1.0,38,14.97621
0.0,31,14.984346
0.0,11,14.985643
0.0,19,14.986542
0.0,22,14.991405
0.0,25,14.993192
0.0,3,14.993397
0.0,7,14.996454
1.0,7,14.997197
0.0,18,15.000505
1.0,9,15.000992
0.0,34,15.004814
0.0,34,15.010795
0.0,4,15.011061
1.0,8,15.011487
0.0,7,15.014318
1.0,34,15.028423
1.0,19,15.029446
0.0,20,15.035982
1.0,25,15.040205
0.0,21,15.041218
0.0,39,15.048994
0.0,15,15.055024
0.0,3,15.05526
0.0,12,15.055871
0.0,10,15.05637
0.0,7,15.061293
1.0,12,15.061932
0.0,4,15.062181
0.0,1,15.062296
0.0,11,15.062866
0.0,8,15.063294
0.0,15,15.067915
1.0,17,15.068751
0.0,6,15.069089
0.0,27,15.075052
1.0,14,15.075781
1.0,23,15.081409
0.0,37,15.083124
0.0,6,15.083454
0.0,24,15.089508
0.0,1,15.089657
0.0,32,15.095802
0.0,3,15.096026
0.0,16,15.100323
1.0,12,15.10094
1.0,18,15.101819
1.0,11,15.102377
0.0,9,15.10778
0.0,14,15.108494
0.0,11,15.109067
0.0,14,15.113805
0.0,14,15.114519
0.0,19,15.115445
0.0,3,15.115664
0.0,8,15.116091
0.0,18,15.11898
1.0,37,15.122734
0.0,3,15.122966
0.0,17,15.123776
0.0,33,15.127308
0.0,1,15.127432
0.0,1,15.127546
1.0,21,15.128553
1.0,15,15.131314
0.0,5,15.131626
0.0,32,15.135156
0.0,7,15.135547
1.0,22,15.136598
0.0,37,15.140311
1.0,15,15.143064
1.0,30,15.144482
1.0,24,15.147666
0.0,1,15.147792
0.0,4,15.148043
0.0,11,15.150645
0.0,8,15.151182
1.0,24,15.152301
0.0,40,15.156151
1.0,11,15.158748
1.0,8,15.159185
0.0,10,15.159711
1.0,22,15.162786
0.0,8,15.163223
1.0,7,15.163613
0.0,10,15.164133
0.0,5,15.164425
1.0,14,15.167133
0.0,5,15.167425
0.0,14,15.168113
1.0,17,15.170933
1.0,24,15.172068
0.0,16,15.174871
0.0,28,15.176207
0.0,6,15.176551
0.0,1,15.178686
1.0,24,15.179844
0.0,19,15.182779
0.0,20,15.183727
0.0,23,15.184796
1.0,16,15.185556
0.0,4,15.189849
0.0,6,15.190213
0.0,8,15.190657
0.0,10,15.191175
0.0,7,15.196864
0.0,8,15.197374
0.0,48,15.201547
0.0,5,15.204912
0.0,7,15.205369
0.0,11,15.205944
0.0,2,15.206108
0.0,24,15.214441
1.0,15,15.216128
0.0,8,15.216546
1.0,24,15.220872
0.0,1,15.220993
1.0,8,15.221419
1.0,12,15.223025
0.0,5,15.223323
0.0,17,15.227183
0.0,39,15.231008
0.0,1,15.231134
1.0,28,15.235328
1.0,10,15.240018
0.0,34,15.242509
0.0,48,15.250865
0.0,3,15.251797
0.0,1,15.251909
0.0,1,15.252018
1.0,6,15.252353
0.0,9,15.252818
1.0,15,15.253531
0.0,4,15.257116
0.0,9,15.257596
0.0,12,15.260807
0.0,26,15.264181
1.0,8,15.264621
1.0,17,15.265444
0.0,26,15.272187
0.0,14,15.274487
0.0,20,15.275924
0.0,5,15.276218
0.0,13,15.280195
0.0,19,15.283391
1.0,19,15.284304
0.0,12,15.286929
1.0,16,15.287731
0.0,12,15.288335
0.0,17,15.291186
0.0,8,15.291636
0.0,4,15.291884
0.0,10,15.292401
0.0,1,15.292514
1.0,11,15.295198
0.0,18,15.296139
0.0,7,15.296525
1.0,13,15.29938
1.0,14,15.300159
0.0,9,15.302744
1.0,20,15.303877
0.0,17,15.306918
0.0,10,15.307525
1.0,20,15.308521
0.0,21,15.309542
0.0,22,15.313817
1.0,17,15.317078
0.0,6,15.317527
0.0,4,15.317798
0.0,6,15.318135
0.0,42,15.323301
1.0,55,15.32931
0.0,1,15.329686
0.0,23,15.330943
0.0,33,15.338983
0.0,21,15.34752
0.0,4,15.34801
1.0,14,15.35042
0.0,15,15.351539
0.0,4,15.353401
0.0,4,15.353706
1.0,8,15.354138
0.0,21,15.362222
0.0,18,15.364131
0.0,10,15.365793
0.0,6,15.366141
1.0,23,15.369972
0.0,13,15.373307
0.0,38,15.38236
0.0,17,15.383857
0.0,6,15.384206
0.0,3,15.384413
0.0,7,15.386321
0.0,13,15.389754
0.0,30,15.393725
0.0,8,15.394237
0.0,3,15.394446
0.0,26,15.403024
1.0,7,15.405365
0.0,28,15.40875
0.0,28,15.417428
0.0,1,15.418561
0.0,16,15.419508
0.0,1,15.421092
1.0,17,15.42433
0.0,3,15.424598
1.0,7,15.425005
1.0,13,15.428823
1.0,31,15.43038
0.0,9,15.433183
0.0,39,15.437535
0.0,9,15.438138
0.0,5,15.438432
0.0,2,15.438595
1.0,14,15.441555
1.0,16,15.442358
1.0,20,15.446501
0.0,13,15.447336
0.0,19,15.448423
1.0,24,15.451953
1.0,30,15.453485
0.0,24,15.458008
0.0,8,15.458522
0.0,2,15.460823
0.0,2,15.461018
0.0,4,15.461265
0.0,33,15.468045
0.0,3,15.468341
0.0,24,15.469498
0.0,4,15.473046
0.0,32,15.4746
1.0,18,15.475485
0.0,28,15.47916
0.0,4,15.479625
0.0,5,15.479998
1.0,10,15.480567
0.0,5,15.484075
0.0,9,15.484599
1.0,36,15.48734
1.0,53,15.497127
1.0,23,15.498345
1.0,16,15.499144
0.0,19,15.500116
0.0,20,15.501237
0.0,5,15.501692
1.0,26,15.512148
1.0,12,15.512899
1.0,30,15.514318
0.0,13,15.514992
1.0,16,15.51579
0.0,13,15.516438
1.0,38,15.540051
1.0,14,15.540878
0.0,24,15.547623
0.0,15,15.548484
1.0,14,15.555852
0.0,15,15.559893
0.0,10,15.56048
1.0,22,15.561558
1.0,28,15.568412
0.0,14,15.574485
0.0,30,15.582841
0.0,10,15.58341
0.0,37,15.590696
0.0,22,15.591791
0.0,28,15.598298
0.0,3,15.598533
1.0,16,15.599316
0.0,1,15.599427
1.0,40,15.607294
0.0,8,15.607765
0.0,5,15.608058
0.0,8,15.608491
1.0,37,15.621715
0.0,16,15.622558
0.0,22,15.623591
1.0,20,15.629133
0.0,2,15.632562
0.0,6,15.632912
0.0,37,15.634592
0.0,12,15.640476
0.0,6,15.640834
1.0,21,15.641848
0.0,19,15.647619
1.0,49,15.654908
0.0,1,15.655054
0.0,6,15.655398
0.0,55,15.662109
0.0,1,15.662255
0.0,8,15.662685
0.0,8,15.663119
0.0,14,15.667697
0.0,20,15.66865
0.0,45,15.675691
0.0,4,15.675972
1.0,22,15.681241
0.0,31,15.682734
0.0,23,15.688713
0.0,3,15.688941
0.0,31,15.690382
0.0,15,15.696113
0.0,8,15.696555
1.0,20,15.700728
0.0,8,15.701168
0.0,6,15.701509
1.0,24,15.703676
0.0,11,15.704238
1.0,10,15.704765
0.0,1,15.704877
0.0,22,15.707951
1.0,40,15.711862
0.0,1,15.711991
0.0,11,15.712534
0.0,6,15.712876
0.0,1,15.712987
1.0,71,15.719219
1.0,22,15.722322
0.0,8,15.722767
0.0,4,15.723019
0.0,9,15.72349
0.0,6,15.725847
1.0,22,15.727921
1.0,19,15.728827
0.0,1,15.72894
0.0,45,15.733025
1.0,8,15.736032
0.0,5,15.736339
1.0,17,15.738178
0.0,21,15.739171
1.0,20,15.74214
0.0,46,15.746289
0.0,33,15.748872
0.0,27,15.752159
0.0,5,15.752454
0.0,4,15.752711
0.0,5,15.752997
0.0,9,15.753458
0.0,11,15.756023
1.0,20,15.757996
1.0,15,15.758756
1.0,11,15.759313
1.0,10,15.761857
1.0,15,15.762598
1.0,18,15.763477
0.0,48,15.768698
0.0,6,15.769056
1.0,14,15.772772
0.0,9,15.773261
0.0,2,15.773421
1.0,17,15.774257
0.0,22,15.777336
1.0,19,15.778279
0.0,2,15.778437
0.0,6,15.780793
0.0,11,15.781361
1.0,18,15.78222
0.0,22,15.785264
0.0,28,15.786557
1.0,17,15.78941
0.0,6,15.789766
0.0,5,15.790058
0.0,26,15.797456
0.0,6,15.798775
0.0,6,15.799104
0.0,8,15.799522
0.0,23,15.803927
1.0,34,15.809444
1.0,8,15.810801
0.0,9,15.811275
1.0,9,15.814037
0.0,1,15.814154
0.0,23,15.815228
0.0,9,15.818443
0.0,17,15.819283
1.0,23,15.823538
0.0,5,15.826004
0.0,9,15.82648
0.0,16,15.828275
0.0,16,15.829045
0.0,6,15.829376
0.0,6,15.833462
0.0,24,15.83777
1.0,24,15.841222
0.0,15,15.841983
0.0,3,15.842187
0.0,12,15.845681
0.0,24,15.849714
1.0,17,15.850537
0.0,14,15.853531
1.0,18,15.854414
0.0,4,15.85754
1.0,18,15.858426
0.0,1,15.85854
0.0,11,15.870485
0.0,11,15.871144
1.0,33,15.878869
1.0,8,15.879375
1.0,20,15.887547
0.0,8,15.888073
0.0,39,15.894988
0.0,17,15.895908
1.0,30,15.9016
0.0,7,15.902074
0.0,4,15.902321
0.0,7,15.902711
0.0,71,15.916167
0.0,16,15.920356
0.0,3,15.920661
0.0,16,15.921443
0.0,15,15.922192
0.0,5,15.922484
1.0,18,15.928516
1.0,6,15.928943
1.0,40,15.934972
0.0,13,15.941024
0.0,23,15.94225
1.0,6,15.942599
0.0,11,15.943175
0.0,2,15.943336
0.0,13,15.948211
0.0,1,15.948443
0.0,2,15.948621
1.0,9,15.949096
0.0,9,15.949564
0.0,10,15.950092
0.0,6,15.950432
0.0,13,15.954369
1.0,6,15.954849
0.0,33,15.956405
1.0,55,15.96768
0.0,4,15.968037
0.0,1,15.968155
0.0,4,15.968403
0.0,7,15.968812
0.0,9,15.969285
0.0,8,15.969724
1.0,25,15.973104
0.0,10,15.973741
0.0,8,15.97417
1.0,11,15.977101
1.0,19,15.978312
0.0,22,15.9796
0.0,3,15.98212
0.0,1,15.982237
0.0,21,15.984371
0.0,16,15.985222
0.0,17,15.988232
0.0,8,15.988762
1.0,31,15.99355
0.0,10,15.994304
1.0,17,15.997418
0.0,11,15.998105
0.0,8,15.998534
0.0,1,15.998657
1.0,24,16.002993
1.0,13,16.003753
1.0,12,16.00436
0.0,4,16.006681
0.0,1,16.00718
1.0,68,16.017031
0.0,20,16.018108
1.0,16,16.018901
0.0,4,16.019149
0.0,8,16.019571
1.0,10,16.020104
0.0,11,16.020673
0.0,25,16.024203
0.0,2,16.024541
1.0,18,16.025505
1.0,14,16.028575
1.0,7,16.029033
0.0,2,16.02919
1.0,23,16.032442
1.0,32,16.037467
0.0,11,16.038174
0.0,19,16.041178
0.0,6,16.041554
0.0,35,16.045687
1.0,10,16.046469
0.0,3,16.048755
0.0,6,16.049129
1.0,13,16.049789
0.0,1,16.049913
1.0,17,16.053016
0.0,7,16.053592
0.0,6,16.054026
0.0,1,16.054157
0.0,20,16.057413
0.0,12,16.059232
1.0,12,16.059874
0.0,6,16.067206
0.0,38,16.073426
1.0,21,16.08093
0.0,20,16.082914
1.0,18,16.085527
0.0,11,16.086315
1.0,10,16.090112
0.0,20,16.093772
1.0,11,16.094362
0.0,27,16.098132
1.0,26,16.106811
0.0,36,16.109601
0.0,1,16.110914
0.0,20,16.114849
0.0,5,16.115356
0.0,8,16.118178
0.0,3,16.118447
0.0,13,16.11911
1.0,25,16.123526
0.0,4,16.126375
0.0,7,16.127285
0.0,8,16.128464
0.0,7,16.129006
0.0,35,16.137374
0.0,25,16.139473
0.0,2,16.140857
0.0,9,16.14133
0.0,4,16.141582
0.0,16,16.14619
0.0,1,16.146346
1.0,16,16.148587
0.0,6,16.148937
0.0,48,16.156998
1.0,15,16.157788
0.0,5,16.158079
0.0,15,16.158839
1.0,25,16.160012
1.0,22,16.16413
0.0,4,16.164424
0.0,20,16.165395
0.0,9,16.16689
1.0,10,16.16741
0.0,7,16.169814
0.0,3,16.174146
0.0,4,16.17454
1.0,9,16.175666
1.0,28,16.180436
1.0,19,16.184476
0.0,22,16.1856
1.0,28,16.189268
0.0,29,16.197527
0.0,22,16.200495
0.0,8,16.201119
0.0,15,16.201873
1.0,17,16.207101
0.0,2,16.207351
0.0,19,16.208284
0.0,17,16.211733
0.0,24,16.216094
0.0,8,16.216548
0.0,42,16.223938
0.0,1,16.22413
0.0,16,16.227534
0.0,3,16.22777
0.0,50,16.232268
0.0,7,16.235958
0.0,10,16.236475
0.0,8,16.239512
0.0,6,16.23988
0.0,16,16.242856
0.0,28,16.24418
0.0,10,16.247976
0.0,24,16.249101
1.0,13,16.253345
0.0,11,16.256121
0.0,25,16.258344
1.0,13,16.259011
1.0,16,16.262774
0.0,39,16.266565
0.0,31,16.270066
0.0,2,16.270248
0.0,11,16.270822
0.0,15,16.271556
0.0,23,16.274685
0.0,3,16.274899
0.0,7,16.275281
0.0,25,16.277462
0.0,6,16.279814
1.0,70,16.284996
0.0,9,16.285487
0.0,5,16.286799
1.0,41,16.290724
0.0,13,16.291379
0.0,1,16.291492
1.0,19,16.295554
1.0,11,16.296143
0.0,5,16.296438
0.0,3,16.296662
1.0,27,16.29996
1.0,11,16.300528
0.0,18,16.3014
1.0,23,16.304492
0.0,7,16.304887
1.0,10,16.305392
0.0,10,16.306922
0.0,7,16.307305
1.0,14,16.310019
1.0,7,16.310412
1.0,13,16.311067
1.0,20,16.314063
0.0,25,16.315264
0.0,6,16.316619
0.0,2,16.316788
0.0,20,16.320741
0.0,13,16.32139
0.0,12,16.322003
0.0,3,16.322209
0.0,10,16.322738
0.0,4,16.322987
1.0,30,16.324389
0.0,4,16.32667
1.0,12,16.327285
0.0,5,16.327579
1.0,32,16.331102
0.0,10,16.331637
0.0,8,16.332053
0.0,1,16.332164
0.0,15,16.334895
0.0,1,16.33501
0.0,25,16.336166
0.0,2,16.336321
1.0,20,16.3393
1.0,16,16.340098
0.0,8,16.340528
0.0,14,16.343245
0.0,5,16.343546
0.0,36,16.347262
1.0,10,16.347783
0.0,4,16.348026
0.0,11,16.34857
0.0,11,16.351133
1.0,9,16.351598
0.0,38,16.355389
0.0,11,16.362896
0.0,37,16.368285
0.0,9,16.37152
0.0,9,16.372018
0.0,8,16.372445
1.0,13,16.375262
1.0,8,16.375708
1.0,9,16.376176
0.0,7,16.376553
0.0,6,16.380152
0.0,19,16.383726
0.0,3,16.383943
0.0,12,16.384545
1.0,25,16.387895
1.0,19,16.392083
0.0,46,16.398722
1.0,14,16.399421
1.0,17,16.4033
0.0,4,16.403558
0.0,4,16.4061
0.0,5,16.406433
0.0,4,16.407473
1.0,42,16.413566
1.0,42,16.422157
0.0,48,16.426512
1.0,17,16.431295
0.0,26,16.434656
0.0,9,16.445494
0.0,26,16.452392
0.0,7,16.452903
1.0,9,16.453383
0.0,10,16.453904
0.0,2,16.454066
0.0,12,16.459966
0.0,23,16.461151
0.0,3,16.461355
0.0,34,16.467615
0.0,7,16.468078
0.0,6,16.468407
0.0,1,16.468519
0.0,13,16.469177
1.0,26,16.476001
0.0,19,16.481362
1.0,15,16.482261
1.0,49,16.488197
0.0,14,16.488965
0.0,19,16.495437
1.0,9,16.496041
0.0,9,16.496515
0.0,28,16.502229
0.0,1,16.502448
1.0,20,16.503424
0.0,10,16.50876
0.0,11,16.509433
1.0,49,16.520437
1.0,6,16.520886
1.0,55,16.527935
0.0,9,16.528485
0.0,3,16.530877
1.0,8,16.531408
1.0,21,16.532399
1.0,18,16.536451
0.0,31,16.538039
0.0,1,16.538157
0.0,3,16.538364
1.0,23,16.539465
0.0,8,16.543219
0.0,8,16.544157
0.0,6,16.544505
0.0,9,16.544993
1.0,15,16.545739
0.0,7,16.546118
0.0,12,16.54893
0.0,24,16.550147
1.0,15,16.553046
1.0,15,16.555004
1.0,31,16.55653
1.0,10,16.560336
0.0,1,16.560525
0.0,25,16.56383
0.0,5,16.564151
0.0,47,16.5698
1.0,20,16.572893
0.0,8,16.573365
0.0,18,16.574249
1.0,9,16.576792
0.0,4,16.577067
0.0,5,16.57736
0.0,4,16.5776
0.0,6,16.577946
0.0,18,16.580852
1.0,26,16.582114
0.0,6,16.582456
1.0,49,16.595026
0.0,8,16.595547
0.0,14,16.596255
1.0,8,16.596696
1.0,8,16.597124
1.0,22,16.598197
1.0,32,16.59971
0.0,7,16.6001
0.0,37,16.60389
0.0,6,16.604269
0.0,7,16.604662
0.0,18,16.605536
0.0,4,16.606827
0.0,14,16.607516
0.0,1,16.61084
0.0,32,16.612723
0.0,3,16.612958
0.0,9,16.613429
0.0,1,16.613542
0.0,30,16.617022
0.0,2,16.617212
0.0,2,16.617372
0.0,29,16.62077
0.0,3,16.620988
1.0,26,16.622282
0.0,4,16.624744
0.0,26,16.626509
0.0,40,16.637536
1.0,16,16.638532
1.0,11,16.644491
1.0,8,16.645041
0.0,4,16.645292
1.0,21,16.650396
0.0,3,16.651582
1.0,13,16.652247
0.0,11,16.655114
0.0,17,16.65596
0.0,4,16.656209
0.0,3,16.656415
0.0,1,16.656528
0.0,31,16.665236
1.0,8,16.666881
0.0,8,16.667315
0.0,18,16.670405
0.0,3,16.670632
1.0,18,16.671504
0.0,19,16.675534
0.0,19,16.681751
0.0,7,16.682172
0.0,1,16.682285
0.0,3,16.682493
0.0,35,16.686257
0.0,5,16.686562
0.0,3,16.690434
0.0,10,16.69528
1.0,13,16.695969
0.0,20,16.700789
0.0,1,16.700925
0.0,10,16.701442
0.0,30,16.707331
0.0,5,16.709917
0.0,37,16.713858
0.0,7,16.714255
1.0,12,16.714875
0.0,7,16.715257
0.0,8,16.720885
0.0,19,16.724102
0.0,21,16.725154
0.0,9,16.727667
0.0,14,16.728384
0.0,35,16.732085
0.0,16,16.732985
0.0,3,16.733262
0.0,7,16.735998
1.0,29,16.738618
0.0,50,16.748537
0.0,8,16.749178
1.0,59,16.762449
1.0,12,16.767932
0.0,5,16.768301
0.0,5,16.76859
0.0,8,16.771107
0.0,57,16.776436
0.0,19,16.784147
0.0,16,16.785999
0.0,7,16.786376
0.0,7,16.787814
1.0,26,16.791813
1.0,15,16.792577
0.0,9,16.796403
0.0,1,16.796547
0.0,2,16.797476
1.0,20,16.798681
0.0,31,16.803165
1.0,38,16.808754
0.0,6,16.809144
1.0,47,16.816397
1.0,57,16.825498
0.0,7,16.825991
0.0,23,16.831197
0.0,36,16.835703
1.0,18,16.836596
1.0,6,16.836958
0.0,6,16.837299
1.0,39,16.841242
0.0,1,16.841542
0.0,3,16.841791
0.0,4,16.842063
0.0,16,16.844964
1.0,16,16.845853
0.0,1,16.845974
0.0,5,16.846269
0.0,35,16.849949
0.0,12,16.850573
0.0,5,16.852925
0.0,6,16.853289
0.0,11,16.85387
0.0,39,16.857934
0.0,3,16.85833
1.0,26,16.8619
0.0,31,16.865476
0.0,28,16.8689
0.0,18,16.869798
1.0,18,16.87285
0.0,28,16.874479
1.0,34,16.880366
1.0,41,16.88432
0.0,16,16.887207
0.0,14,16.888066
0.0,11,16.890929
0.0,28,16.892425
1.0,35,16.896112
0.0,5,16.896424
0.0,7,16.898827
0.0,4,16.89908
0.0,51,16.903383
0.0,37,16.907131
0.0,22,16.908209
0.0,7,16.908592
0.0,1,16.910736
0.0,7,16.911123
0.0,1,16.911234
0.0,1,16.911348
0.0,18,16.912213
0.0,3,16.912414
0.0,9,16.914893
1.0,16,16.915673
0.0,3,16.915873
1.0,19,16.91893
0.0,4,16.919268
0.0,3,16.919471
0.0,9,16.919946
0.0,28,16.923439
1.0,15,16.924274
0.0,31,16.927924
0.0,22,16.931237
0.0,8,16.931759
1.0,27,16.934153
0.0,5,16.934497
0.0,15,16.937472
0.0,28,16.942104
0.0,12,16.942805
1.0,14,16.943477
0.0,49,16.947875
0.0,15,16.95091
0.0,7,16.951377
0.0,50,16.956874
0.0,9,16.957437
0.0,4,16.957696
0.0,4,16.957942
0.0,8,16.958356
0.0,7,16.958739
0.0,41,16.962858
0.0,11,16.963525
0.0,14,16.96641
1.0,27,16.96887
0.0,7,16.969285
0.0,6,16.972771
0.0,10,16.973472
1.0,11,16.974043
1.0,52,16.98566
0.0,26,16.987444
0.0,6,16.987808
0.0,8,16.98824
1.0,20,16.989218
0.0,42,16.991183
0.0,4,16.991435
0.0,49,16.996925
0.0,4,16.997369
0.0,1,16.997501
0.0,13,16.998208
0.0,39,17.000255
0.0,13,17.004226
0.0,6,17.004664
1.0,20,17.006719
1.0,31,17.008248
1.0,17,17.011262
0.0,4,17.011594
1.0,27,17.015253
0.0,5,17.015805
1.0,52,17.025389
1.0,20,17.030956
0.0,4,17.031345
1.0,9,17.03483
0.0,19,17.040133
0.0,17,17.041943
0.0,22,17.046337
0.0,3,17.047489
0.0,12,17.048267
0.0,59,17.057248
1.0,38,17.060053
1.0,8,17.060478
0.0,4,17.064915
0.0,26,17.072183
0.0,40,17.077348
0.0,1,17.077498
0.0,12,17.079044
1.0,17,17.082823
0.0,2,17.083008
0.0,36,17.090913
0.0,3,17.091195
1.0,44,17.095254
0.0,9,17.096854
0.0,13,17.097491
0.0,28,17.105831
0.0,2,17.106087
0.0,16,17.10782
1.0,31,17.110352
1.0,7,17.11372
0.0,3,17.113997
1.0,45,17.117154
1.0,21,17.120238
0.0,26,17.12148
0.0,3,17.12375
0.0,8,17.124204
1.0,31,17.12672
0.0,25,17.130406
1.0,13,17.131286
1.0,21,17.134413
1.0,40,17.137299
1.0,32,17.140846
0.0,13,17.141508
1.0,19,17.144754
0.0,5,17.145301
1.0,39,17.15023
0.0,7,17.150698
0.0,27,17.151954
0.0,4,17.152208
1.0,27,17.15551
0.0,3,17.155743
0.0,7,17.156125
0.0,15,17.159251
0.0,45,17.163689
0.0,29,17.167161
0.0,8,17.167618
0.0,18,17.168495
0.0,9,17.172078
1.0,14,17.172824
1.0,14,17.173496
0.0,1,17.173611
0.0,19,17.176545
0.0,23,17.179651
0.0,13,17.180307
0.0,5,17.18062
1.0,32,17.183251
0.0,4,17.183511
0.0,2,17.1857
0.0,2,17.18587
0.0,22,17.186936
0.0,18,17.18984
0.0,1,17.189963
0.0,9,17.190419
0.0,13,17.191062
0.0,3,17.191265
0.0,18,17.194159
0.0,2,17.194322
0.0,1,17.194434
1.0,22,17.195474
0.0,21,17.197502
0.0,16,17.200325
0.0,2,17.200496
1.0,11,17.201066
0.0,8,17.201494
0.0,1,17.203619
0.0,3,17.203833
0.0,29,17.205171
0.0,22,17.207216
0.0,19,17.210135
0.0,2,17.210299
0.0,18,17.211159
1.0,38,17.219284
0.0,24,17.222696
0.0,8,17.223121
1.0,24,17.231481
0.0,13,17.232403
0.0,12,17.233004
0.0,13,17.235471
1.0,14,17.237213
1.0,19,17.2403
0.0,15,17.241115
0.0,14,17.244878
1.0,47,17.25127
1.0,30,17.255006
0.0,23,17.261272
1.0,28,17.265221
0.0,10,17.271474
0.0,27,17.275082
0.0,12,17.275752
0.0,4,17.276
1.0,24,17.284281
0.0,28,17.287817
0.0,10,17.288453
0.0,3,17.292089
0.0,8,17.292769
0.0,3,17.293019
1.0,33,17.298992
0.0,3,17.2994
0.0,18,17.303491
0.0,12,17.306349
0.0,9,17.306898
0.0,14,17.307588
0.0,2,17.309786
0.0,27,17.311065
1.0,26,17.314675
0.0,30,17.317377
0.0,4,17.319728
0.0,6,17.320064
0.0,17,17.320889
0.0,12,17.321479
1.0,8,17.323935
0.0,19,17.324877
0.0,21,17.326936
1.0,31,17.330933
0.0,34,17.334785
0.0,17,17.336653
1.0,18,17.337542
0.0,1,17.339681
1.0,55,17.344665
0.0,30,17.347426
0.0,3,17.349727
0.0,9,17.350399
0.0,22,17.351496
0.0,13,17.352161
0.0,9,17.352641
0.0,13,17.353292
1.0,23,17.354393
1.0,29,17.368134
0.0,1,17.368418
0.0,40,17.370495
1.0,16,17.371489
0.0,1,17.381837
0.0,14,17.382704
0.0,22,17.383868
0.0,8,17.384431
1.0,18,17.385446
1.0,50,17.398523
1.0,17,17.399708
1.0,32,17.401457
0.0,3,17.412031
1.0,19,17.413054
1.0,12,17.413667
0.0,4,17.413922
0.0,32,17.415427
0.0,3,17.415647
0.0,15,17.416385
1.0,37,17.428469
1.0,17,17.429443
0.0,28,17.430813
0.0,24,17.442128
0.0,2,17.442396
0.0,9,17.442895
0.0,21,17.443932
1.0,25,17.445153
0.0,3,17.445369
1.0,19,17.446307
0.0,1,17.44643
0.0,1,17.446542
0.0,9,17.449182
1.0,20,17.450231
1.0,10,17.452949
0.0,23,17.454177
0.0,5,17.454494
0.0,13,17.455163
0.0,6,17.455508
0.0,7,17.461092
1.0,10,17.46172
1.0,20,17.462806
0.0,22,17.466045
0.0,1,17.466247
0.0,12,17.466879
0.0,5,17.467182
0.0,22,17.470479
0.0,18,17.471476
0.0,4,17.471756
0.0,9,17.472229
0.0,6,17.472564
1.0,34,17.47636
0.0,27,17.479894
0.0,4,17.480225
1.0,7,17.480596
0.0,14,17.483705
0.0,9,17.484187
0.0,1,17.484297
0.0,10,17.487118
0.0,2,17.487395
0.0,20,17.488375
0.0,17,17.489214
1.0,30,17.493859
0.0,1,17.494082
1.0,14,17.496947
1.0,14,17.499941
0.0,6,17.500396
0.0,3,17.500598
0.0,21,17.50159
0.0,3,17.504025
1.0,25,17.505256
0.0,4,17.505506
0.0,13,17.507431
0.0,13,17.510798
1.0,14,17.511714
0.0,1,17.51185
0.0,26,17.516257
1.0,14,17.517064
0.0,40,17.521113
1.0,41,17.525525
0.0,8,17.527206
0.0,3,17.527427
0.0,4,17.530863
0.0,14,17.531672
1.0,26,17.532913
0.0,1,17.533029
0.0,11,17.533592
0.0,2,17.533764
1.0,28,17.537301
0.0,9,17.541069
0.0,20,17.542127
0.0,11,17.542699
0.0,4,17.542942
0.0,45,17.547294
0.0,13,17.55045
0.0,58,17.556567
0.0,18,17.557534
0.0,7,17.561455
0.0,5,17.56179
0.0,1,17.562061
0.0,38,17.564097
1.0,10,17.567099
0.0,34,17.57811
0.0,11,17.580947
0.0,12,17.581558
0.0,27,17.585678
0.0,3,17.585901
0.0,7,17.586273
0.0,10,17.589907
0.0,16,17.592956
0.0,3,17.593189
0.0,5,17.593487
0.0,26,17.597584
0.0,9,17.598081
1.0,19,17.602073
0.0,3,17.602319
0.0,13,17.605181
0.0,35,17.609703
0.0,40,17.6168
1.0,38,17.619534
1.0,35,17.626261
0.0,20,17.630488
0.0,9,17.631004
0.0,5,17.631291
1.0,18,17.63216
1.0,17,17.637923
1.0,21,17.640988
1.0,17,17.641831
0.0,23,17.647087
1.0,47,17.651505
0.0,8,17.656188
0.0,5,17.65782
1.0,20,17.661349
1.0,37,17.665118
0.0,5,17.665431
0.0,2,17.665588
0.0,5,17.66589
0.0,1,17.666004
0.0,10,17.666518
0.0,8,17.669339
1.0,23,17.67289
0.0,3,17.673173
0.0,8,17.673587
0.0,23,17.676691
0.0,3,17.676915
0.0,3,17.677117
0.0,4,17.677368
0.0,8,17.677806
1.0,38,17.681711
0.0,3,17.681937
0.0,4,17.682183
0.0,15,17.685287
1.0,38,17.689302
0.0,11,17.689913
1.0,13,17.690549
0.0,15,17.69332
0.0,1,17.693443
0.0,34,17.69711
0.0,30,17.700638
1.0,15,17.701398
0.0,1,17.701507
0.0,4,17.701759
1.0,31,17.705195
0.0,6,17.705534
0.0,14,17.706218
0.0,7,17.706594
1.0,11,17.709196
0.0,9,17.709675
0.0,4,17.709925
1.0,31,17.713376
0.0,5,17.713685
0.0,6,17.714026
0.0,9,17.714483
0.0,10,17.717015
0.0,29,17.718357
0.0,18,17.721221
1.0,20,17.722183
0.0,2,17.722346
0.0,19,17.72529
1.0,13,17.725965
0.0,1,17.726076
1.0,9,17.726543
0.0,10,17.729075
0.0,5,17.729367
1.0,17,17.73018
0.0,15,17.73292
1.0,14,17.733612
0.0,17,17.734419
0.0,11,17.736998
0.0,42,17.740983
0.0,10,17.741518
0.0,3,17.741729
0.0,24,17.744854
0.0,10,17.745365
0.0,11,17.74592
0.0,30,17.74931
0.0,4,17.749562
1.0,50,17.753878
0.0,1,17.754009
1.0,11,17.75457
0.0,9,17.763037
1.0,41,17.76704
1.0,22,17.77055
0.0,4,17.770885
0.0,10,17.771406
0.0,53,17.781368
0.0,11,17.785943
0.0,36,17.788579
0.0,2,17.792284
0.0,22,17.793353
1.0,26,17.801158
1.0,22,17.803229
0.0,4,17.805033
0.0,11,17.805849
0.0,6,17.806191
0.0,25,17.814191
0.0,22,17.816039
0.0,4,17.81629
0.0,10,17.818196
0.0,11,17.821102
0.0,4,17.821369
0.0,8,17.821793
0.0,43,17.826252
1.0,16,17.830345
0.0,1,17.83047
0.0,9,17.833202
0.0,31,17.837136
1.0,39,17.842263
0.0,8,17.844967
0.0,2,17.845134
0.0,50,17.849387
0.0,2,17.849554
0.0,3,17.849761
0.0,1,17.849873
0.0,14,17.850547
1.0,46,17.856725
0.0,13,17.857442
0.0,16,17.860263
0.0,22,17.861337
0.0,8,17.863776
0.0,7,17.864157
0.0,34,17.86673
0.0,12,17.867393
0.0,25,17.871075
0.0,10,17.873842
1.0,45,17.876962
1.0,38,17.880721
0.0,14,17.881401
0.0,16,17.884583
1.0,33,17.887514
1.0,26,17.890887
0.0,8,17.891324
1.0,15,17.89206
1.0,25,17.895368
0.0,13,17.896202
0.0,6,17.898652
1.0,23,17.900005
1.0,9,17.900581
1.0,14,17.901362
0.0,9,17.906301
0.0,2,17.906692
0.0,20,17.90767
1.0,16,17.90845
0.0,5,17.910769
0.0,7,17.911163
0.0,1,17.911278
1.0,11,17.911858
0.0,7,17.912284
0.0,14,17.915353
0.0,12,17.916195
0.0,15,17.919385
0.0,7,17.92
0.0,3,17.920239
1.0,15,17.92316
1.0,10,17.923782
0.0,9,17.924258
0.0,12,17.927193
1.0,48,17.935438
0.0,15,17.936294
0.0,3,17.936519
0.0,2,17.936704
0.0,8,17.93713
0.0,14,17.940026
1.0,34,17.943925
0.0,10,17.94453
0.0,22,17.946657
0.0,29,17.948215
1.0,10,17.951048
0.0,11,17.951865
0.0,7,17.952335
0.0,72,17.96631
0.0,10,17.966985
0.0,10,17.967548
0.0,4,17.967837
0.0,14,17.968562
0.0,32,17.970089
0.0,3,17.970295
0.0,3,17.970497
1.0,19,17.971411
1.0,16,17.972215
0.0,3,17.97244
0.0,30,17.976059
1.0,27,17.979912
1.0,16,17.983122
1.0,42,17.98741
1.0,42,17.991731
0.0,18,17.996173
0.0,3,17.996658
1.0,9,17.997143
1.0,28,18.000683
1.0,17,18.002192
0.0,28,18.005978
0.0,9,18.007761
0.0,5,18.008111
1.0,30,18.009505
1.0,22,18.012763
0.0,16,18.016825
1.0,16,18.017926
0.0,5,18.01832
0.0,1,18.018461
0.0,1,18.01858
0.0,5,18.021187
1.0,17,18.022085
1.0,20,18.025253
1.0,19,18.026245
1.0,24,18.029563
0.0,6,18.029994
0.0,1,18.030107
0.0,1,18.030221
1.0,9,18.032878
0.0,64,18.038152
0.0,36,18.042227
0.0,3,18.04253
0.0,18,18.043413
1.0,21,18.048857
0.0,14,18.049652
0.0,9,18.050128
1.0,17,18.05096
0.0,6,18.051303
0.0,1,18.051431
0.0,29,18.055264
1.0,8,18.065573
0.0,2,18.065878
0.0,27,18.070561
0.0,15,18.071541
0.0,8,18.072064
1.0,22,18.073127
0.0,4,18.073376
0.0,5,18.076869
0.0,26,18.082697
0.0,11,18.08353
0.0,10,18.087393
1.0,26,18.095287
0.0,18,18.096497
0.0,4,18.09695
0.0,13,18.101944
0.0,8,18.102489
0.0,2,18.102681
0.0,3,18.10289
0.0,42,18.114749
1.0,29,18.11627
0.0,19,18.118231
0.0,4,18.118495
0.0,16,18.119293
1.0,17,18.122242
0.0,1,18.122441
0.0,15,18.123249
0.0,16,18.124067
0.0,8,18.124489
0.0,2,18.130834
1.0,10,18.131471
0.0,11,18.136186
0.0,12,18.136874
0.0,7,18.137249
1.0,18,18.138108
0.0,33,18.143834
1.0,39,18.149936
0.0,30,18.153432
1.0,9,18.15393
0.0,6,18.154257
0.0,13,18.156932
0.0,8,18.157377
1.0,20,18.15836
0.0,26,18.162672
1.0,24,18.163938
0.0,24,18.167112
0.0,5,18.167417
1.0,12,18.168016
1.0,12,18.168601
1.0,19,18.171523
0.0,22,18.172589
0.0,12,18.175329
0.0,15,18.176098
0.0,5,18.176425
0.0,11,18.179026
1.0,31,18.180526
0.0,4,18.185254
0.0,39,18.192102
0.0,37,18.196257
0.0,13,18.2005
0.0,1,18.204398
0.0,8,18.205392
0.0,12,18.206
0.0,13,18.208143
0.0,8,18.208577
0.0,11,18.211383
0.0,1,18.211503
0.0,26,18.215367
0.0,8,18.21758
0.0,1,18.217707
0.0,28,18.2225
0.0,4,18.226416
1.0,30,18.229994
1.0,18,18.233468
0.0,2,18.233647
0.0,6,18.233984
0.0,20,18.237408
0.0,18,18.23842
0.0,4,18.241762
0.0,18,18.246433
0.0,13,18.248246
0.0,13,18.248898
1.0,26,18.252478
0.0,4,18.252739
0.0,16,18.2535
0.0,4,18.256859
0.0,15,18.260185
0.0,4,18.260463
0.0,14,18.261164
0.0,13,18.264189
0.0,14,18.264882
1.0,22,18.270046
0.0,16,18.27179
0.0,8,18.27221
1.0,19,18.275127
0.0,24,18.27625
0.0,4,18.276492
1.0,16,18.279271
0.0,14,18.279972
0.0,15,18.282717
1.0,46,18.286867
1.0,44,18.290881
0.0,43,18.294851
0.0,1,18.294976
0.0,18,18.295833
0.0,34,18.299416
0.0,7,18.29982
1.0,31,18.303281
1.0,8,18.303718
0.0,2,18.303874
1.0,23,18.30696
0.0,19,18.307881
0.0,5,18.308169
0.0,46,18.312275
0.0,3,18.312492
1.0,23,18.315618
1.0,18,18.317438
0.0,8,18.317874
0.0,18,18.320746
1.0,38,18.322551
1.0,18,18.325452
0.0,3,18.325664
0.0,1,18.325777
0.0,3,18.325976
0.0,15,18.328724
1.0,16,18.329516
1.0,52,18.334233
1.0,15,18.337345
0.0,14,18.338134
0.0,4,18.338385
1.0,19,18.339284
0.0,11,18.343907
0.0,15,18.344692
0.0,4,18.344944
0.0,15,18.345689
0.0,2,18.345849
1.0,13,18.346499
0.0,7,18.349278
0.0,22,18.352768
0.0,8,18.353285
1.0,9,18.353757
0.0,13,18.354386
1.0,19,18.357331
1.0,16,18.35814
1.0,20,18.361132
0.0,30,18.364689
1.0,55,18.369634
0.0,14,18.370397
0.0,15,18.377325
0.0,5,18.380227
0.0,17,18.38105
0.0,8,18.38147
1.0,14,18.384235
0.0,17,18.385057
0.0,3,18.385256
0.0,40,18.391692
1.0,13,18.392391
0.0,18,18.397874
1.0,18,18.401723
0.0,11,18.402298
1.0,17,18.405654
0.0,17,18.406486
0.0,3,18.409286
0.0,2,18.409451
0.0,14,18.41014
0.0,3,18.410339
0.0,20,18.414246
0.0,36,18.418468
0.0,2,18.421321
0.0,37,18.426063
0.0,6,18.426417
1.0,35,18.430437
0.0,14,18.433743
1.0,14,18.434445
0.0,15,18.438225
0.0,27,18.442105
1.0,16,18.447258
1.0,17,18.448754
0.0,8,18.449185
0.0,17,18.454211
0.0,21,18.45629
0.0,4,18.456537
0.0,2,18.459472
0.0,3,18.459876
0.0,17,18.46353
0.0,21,18.466827
0.0,12,18.467525
0.0,20,18.468469
0.0,1,18.468579
0.0,10,18.469087
0.0,12,18.472985
0.0,13,18.473895
0.0,43,18.478259
0.0,2,18.478517
0.0,3,18.481912
0.0,12,18.48262
0.0,10,18.483127
0.0,4,18.483371
0.0,2,18.483524
0.0,1,18.486875
0.0,11,18.487755
1.0,64,18.493112
0.0,11,18.496002
1.0,6,18.496452
0.0,9,18.496949
1.0,19,18.501089
0.0,7,18.501623
1.0,49,18.50412
0.0,9,18.507026
1.0,13,18.507833
0.0,9,18.508308
1.0,17,18.50914
0.0,28,18.513707
1.0,10,18.514325
1.0,20,18.519651
0.0,21,18.520932
0.0,13,18.521564
0.0,1,18.522753
0.0,6,18.523129
0.0,11,18.523701
1.0,31,18.52736
0.0,7,18.531007
0.0,1,18.53121
0.0,25,18.532421
0.0,3,18.53264
0.0,17,18.533443
0.0,3,18.533652
1.0,59,18.538509
1.0,21,18.539582
0.0,16,18.543632
1.0,9,18.544143
0.0,1,18.544259
0.0,3,18.544464
0.0,3,18.546866
0.0,34,18.551733
1.0,29,18.553165
0.0,7,18.553541
0.0,59,18.560652
1.0,27,18.565217
1.0,12,18.565919
0.0,19,18.566835
0.0,6,18.567167
0.0,1,18.567278
0.0,27,18.568528
1.0,14,18.571414
1.0,12,18.572084
0.0,1,18.5722
1.0,9,18.577416
0.0,4,18.577751
1.0,14,18.578428
0.0,9,18.580954
0.0,49,18.585494
1.0,16,18.586556
0.0,31,18.590173
1.0,35,18.593986
0.0,9,18.596985
0.0,40,18.60157
0.0,3,18.601952
0.0,16,18.604795
0.0,53,18.60964
1.0,42,18.614337
0.0,4,18.617053
1.0,10,18.617672
1.0,15,18.618412
1.0,64,18.626751
0.0,9,18.627794
0.0,21,18.631055
1.0,28,18.632569
0.0,11,18.63316
0.0,25,18.634403
0.0,1,18.634596
1.0,15,18.647929
0.0,12,18.648659
1.0,12,18.649358
0.0,12,18.650061
0.0,7,18.650496
0.0,6,18.650882
0.0,14,18.661993
0.0,4,18.662635
0.0,8,18.663105
0.0,3,18.663312
1.0,15,18.664061
0.0,15,18.664819
1.0,11,18.665378
0.0,12,18.665988
0.0,17,18.677209
0.0,33,18.679124
0.0,16,18.680201
1.0,28,18.691832
0.0,2,18.692097
0.0,22,18.693203
0.0,1,18.69337
0.0,24,18.694639
1.0,27,18.707366
0.0,58,18.710525
0.0,33,18.722761
0.0,11,18.723554
0.0,20,18.724734
1.0,15,18.725657
0.0,19,18.736794
0.0,2,18.737104
0.0,3,18.737304
1.0,13,18.737959
0.0,24,18.73909
0.0,20,18.740055
1.0,10,18.740557
0.0,13,18.741205
0.0,16,18.752216
0.0,2,18.75248
0.0,2,18.752663
0.0,5,18.752951
1.0,13,18.753582
0.0,13,18.754234
0.0,3,18.754443
0.0,13,18.755293
0.0,7,18.755694
0.0,12,18.756301
1.0,33,18.768023
0.0,41,18.770022
0.0,2,18.770194
0.0,19,18.771107
1.0,14,18.782044
1.0,16,18.782963
0.0,9,18.783428
1.0,13,18.784073
0.0,21,18.785079
1.0,13,18.78574
0.0,12,18.786358
0.0,43,18.798508
0.0,11,18.799154
0.0,24,18.800286
0.0,7,18.800688
0.0,2,18.800853
0.0,19,18.81197
0.0,3,18.812274
0.0,42,18.814218
0.0,6,18.814549
1.0,11,18.815108
0.0,9,18.815578
1.0,9,18.81605
0.0,53,18.824599
1.0,17,18.825497
0.0,1,18.825623
0.0,1,18.825736
0.0,18,18.826587
0.0,18,18.837718
0.0,9,18.838219
0.0,14,18.83892
1.0,13,18.839568
0.0,24,18.840728
1.0,21,18.851872
0.0,1,18.852066
0.0,18,18.852959
0.0,1,18.853076
0.0,5,18.853371
0.0,15,18.85412
0.0,17,18.854963
0.0,16,18.855756
0.0,4,18.856006
0.0,55,18.864384
1.0,19,18.865374
0.0,3,18.865578
0.0,4,18.865828
1.0,10,18.866328
0.0,22,18.885673
1.0,8,18.886776
0.0,1,18.88697
0.0,11,18.887633
0.0,12,18.888317
0.0,13,18.888988
1.0,11,18.889534
0.0,19,18.890552
0.0,27,18.902205
0.0,17,18.903161
0.0,21,18.904155
1.0,39,18.90594
0.0,3,18.906143
0.0,16,18.917052
0.0,10,18.91764
0.0,12,18.91823
0.0,1,18.918397
0.0,5,18.918694
0.0,8,18.91911
1.0,15,18.919846
0.0,14,18.920538
0.0,35,18.922166
1.0,28,18.932589
1.0,9,18.933133
0.0,5,18.933437
1.0,25,18.934602
0.0,18,18.935461
1.0,9,18.94708
0.0,3,18.947365
0.0,16,18.948157
0.0,3,18.948364
0.0,5,18.948669
0.0,54,18.951136
0.0,1,18.951249
0.0,3,18.951447
1.0,19,18.962473
1.0,19,18.963444
0.0,14,18.964129
0.0,7,18.9645
1.0,17,18.965332
0.0,6,18.972027
1.0,8,18.972511
0.0,11,18.973073
0.0,19,18.973998
0.0,4,18.974246
1.0,13,18.974892
0.0,17,18.975705
0.0,5,18.975989
0.0,6,18.976315
0.0,16,18.987298
0.0,3,18.987589
0.0,3,18.98781
0.0,62,18.990591
0.0,2,18.990761
0.0,5,18.991047
1.0,28,19.00255
0.0,8,19.003079
0.0,47,19.005216
1.0,30,19.0066
0.0,6,19.017238
0.0,8,19.01769
0.0,26,19.018896
0.0,3,19.019098
0.0,12,19.019698
0.0,7,19.020073
0.0,25,19.021232
0.0,28,19.032736
0.0,10,19.033362
0.0,13,19.034031
0.0,3,19.034232
1.0,23,19.035301
1.0,36,19.04723
0.0,5,19.047659
1.0,10,19.048169
1.0,25,19.049327
0.0,21,19.050321
1.0,8,19.05075
0.0,5,19.051036
0.0,12,19.058763
1.0,9,19.059433
0.0,8,19.059885
1.0,20,19.060831
0.0,8,19.061244
0.0,2,19.061408
0.0,16,19.062187
1.0,33,19.076909
0.0,5,19.077514
0.0,5,19.077849
1.0,23,19.078964
0.0,3,19.07917
0.0,10,19.0797
0.0,20,19.080673
0.0,16,19.081459
0.0,2,19.091707
0.0,45,19.093963
1.0,13,19.094614
0.0,13,19.095247
1.0,11,19.0958
0.0,37,19.10779
1.0,15,19.10864
0.0,1,19.108756
1.0,11,19.109318
0.0,3,19.109521
1.0,21,19.11054
1.0,41,19.122914
0.0,15,19.123921
1.0,11,19.124513
0.0,3,19.124728
0.0,19,19.125661
1.0,21,19.137097
0.0,21,19.138513
0.0,6,19.139002
0.0,2,19.139186
1.0,12,19.139861
0.0,14,19.140656
0.0,22,19.152157
0.0,1,19.152457
1.0,29,19.153893
0.0,4,19.154149
0.0,16,19.154939
0.0,8,19.155371
0.0,12,19.155984
0.0,1,19.156097
1.0,13,19.167001
1.0,10,19.167641
0.0,15,19.168467
0.0,13,19.169245
1.0,20,19.170297
0.0,3,19.170507
1.0,34,19.18358
1.0,21,19.185313
1.0,42,19.19747
1.0,12,19.198154
0.0,12,19.198797
0.0,41,19.200845
0.0,3,19.201108
0.0,11,19.211858
1.0,23,19.213079
0.0,5,19.213368
0.0,12,19.213983
1.0,19,19.214915
0.0,1,19.215046
1.0,16,19.222313
0.0,4,19.222792
0.0,18,19.223697
0.0,4,19.223941
0.0,35,19.225562
0.0,32,19.237283
1.0,9,19.240022
0.0,2,19.240346
1.0,38,19.245246
0.0,1,19.245423
0.0,5,19.245721
0.0,4,19.245965
0.0,9,19.24642
0.0,10,19.249341
0.0,9,19.250033
0.0,41,19.256115
0.0,4,19.256572
0.0,20,19.263981
0.0,9,19.264532
0.0,10,19.265049
1.0,18,19.270298
0.0,21,19.273729
0.0,10,19.274304
0.0,15,19.279238
0.0,15,19.282453
0.0,7,19.282941
0.0,3,19.283141
1.0,14,19.28384
1.0,28,19.285163
0.0,9,19.28565
1.0,10,19.286157
0.0,28,19.298157
0.0,14,19.298947
0.0,41,19.300855
0.0,100,19.315681
1.0,7,19.31617
1.0,8,19.316598
1.0,28,19.328298
0.0,9,19.328817
1.0,27,19.330119
0.0,8,19.330564
1.0,13,19.331232
0.0,12,19.342052
0.0,1,19.342262
1.0,27,19.343555
0.0,7,19.343955
0.0,14,19.344666
0.0,5,19.34496
1.0,20,19.345923
1.0,12,19.346524
0.0,20,19.357897
0.0,8,19.358523
0.0,35,19.360221
0.0,8,19.360683
1.0,14,19.361457
0.0,12,19.372281
0.0,2,19.37252
0.0,18,19.3734
0.0,5,19.373698
0.0,26,19.374905
0.0,31,19.376363
0.0,8,19.38694
1.0,10,19.387511
0.0,38,19.389246
0.0,19,19.390155
0.0,1,19.390269
0.0,5,19.390563
0.0,3,19.390777
0.0,3,19.390982
0.0,1,19.391092
0.0,17,19.402083
1.0,10,19.402694
0.0,37,19.40438
0.0,9,19.404856
0.0,10,19.417325
0.0,6,19.417758
0.0,14,19.41846
1.0,19,19.41939
0.0,11,19.41995
0.0,9,19.42041
0.0,1,19.42052
1.0,12,19.421117
1.0,15,19.432051
0.0,43,19.434139
0.0,9,19.434602
0.0,11,19.435162
0.0,6,19.435491
0.0,1,19.435602
0.0,17,19.436418
1.0,8,19.447006
0.0,15,19.447816
1.0,20,19.448764
0.0,13,19.449399
0.0,22,19.450452
0.0,9,19.450933
0.0,1,19.451049
0.0,1,19.451159
1.0,56,19.463867
0.0,5,19.464225
0.0,15,19.464963
0.0,3,19.465164
0.0,22,19.466198
0.0,36,19.47799
0.0,40,19.479894
0.0,43,19.491992
0.0,40,19.493932
1.0,11,19.494496
0.0,6,19.494842
1.0,15,19.495576
0.0,15,19.496337
1.0,58,19.50918
0.0,12,19.509877
1.0,8,19.510306
1.0,25,19.511494
0.0,14,19.522396
0.0,26,19.523954
0.0,31,19.525383
0.0,14,19.526071
0.0,3,19.526269
1.0,28,19.53684
0.0,20,19.537905
0.0,14,19.538587
0.0,6,19.538925
1.0,55,19.54144
0.0,49,19.553855
0.0,54,19.556434
0.0,22,19.565712
0.0,24,19.572018
0.0,13,19.572715
0.0,11,19.573277
0.0,28,19.574598
0.0,5,19.574896
1.0,18,19.575751
0.0,10,19.576256
0.0,2,19.57641
0.0,12,19.587151
0.0,33,19.588746
0.0,5,19.589038
0.0,7,19.589407
0.0,3,19.589613
0.0,16,19.590372
0.0,27,19.601677
0.0,16,19.602598
0.0,4,19.602878
0.0,24,19.604021
1.0,17,19.604864
1.0,21,19.605879
0.0,3,19.606083
1.0,16,19.61707
0.0,23,19.618256
0.0,5,19.618546
1.0,62,19.621324
0.0,5,19.631761
0.0,9,19.632729
1.0,6,19.63712
1.0,20,19.638183
0.0,14,19.638896
0.0,21,19.639935
0.0,21,19.641083
0.0,26,19.652905
0.0,16,19.653927
0.0,5,19.654232
0.0,9,19.654725
0.0,19,19.655713
1.0,33,19.667461
1.0,21,19.668578
0.0,4,19.668834
0.0,15,19.669572
0.0,18,19.67044
0.0,18,19.671302
1.0,34,19.683464
0.0,1,19.683754
0.0,4,19.684005
0.0,30,19.685396
0.0,30,19.697104
0.0,22,19.698445
1.0,16,19.699316
1.0,33,19.700936
0.0,48,19.713663
0.0,18,19.714624
1.0,11,19.715174
1.0,44,19.727446
0.0,4,19.727814
1.0,24,19.728957
0.0,11,19.729582
0.0,3,19.72983
0.0,3,19.730026
0.0,1,19.730136
0.0,15,19.730878
0.0,20,19.742037
0.0,10,19.742671
1.0,30,19.744214
0.0,1,19.747069
0.0,20,19.748382
0.0,39,19.750315
0.0,4,19.750575
0.0,34,19.762347
0.0,57,19.765305
0.0,14,19.777479
0.0,20,19.778564
0.0,2,19.778741
1.0,55,19.781269
0.0,22,19.792541
0.0,20,19.793603
0.0,21,19.794734
0.0,30,19.796376
0.0,69,19.809966
0.0,1,19.810172
1.0,7,19.810552
1.0,15,19.811364
0.0,1,19.811568
0.0,6,19.822295
1.0,15,19.82321
0.0,14,19.823959
0.0,3,19.824187
1.0,34,19.825854
0.0,12,19.826591
0.0,10,19.838185
1.0,41,19.840074
0.0,6,19.840416
1.0,20,19.847581
0.0,51,19.854279
0.0,12,19.859086
0.0,2,19.859297
1.0,15,19.860055
1.0,21,19.86109
0.0,11,19.865776
0.0,5,19.866141
0.0,3,19.866359
0.0,9,19.869153
0.0,19,19.870124
0.0,51,19.876558
0.0,5,19.88512
0.0,23,19.886238
1.0,45,19.889365
0.0,4,19.891745
0.0,11,19.892404
0.0,9,19.892893
0.0,8,19.893307
0.0,10,19.897944
0.0,22,19.903227
0.0,41,19.905169
0.0,5,19.905457
0.0,42,19.916593
0.0,3,19.921951
1.0,18,19.922829
0.0,45,19.92489
1.0,13,19.925539
0.0,3,19.925778
1.0,8,19.926208
0.0,25,19.937634
0.0,25,19.93889
0.0,3,19.939091
0.0,9,19.93955
0.0,12,19.940151
0.0,16,19.940928
0.0,14,19.951632
0.0,15,19.952675
0.0,8,19.953098
0.0,10,19.953603
0.0,3,19.953814
1.0,22,19.954859
1.0,18,19.955719
1.0,30,19.967298
1.0,32,19.969091
0.0,42,19.970999
0.0,11,19.971547
0.0,13,19.97221
0.0,1,19.972323
0.0,2,19.972481
0.0,3,19.98187
0.0,13,19.982637
1.0,10,19.983146
0.0,28,19.984439
0.0,3,19.984654
0.0,29,19.985993
0.0,15,19.996877
0.0,6,19.997306
0.0,4,19.997571
1.0,40,19.999434
0.0,25,20.000638
1.0,31,20.012232
1.0,17,20.013162
0.0,43,20.015169
1.0,14,20.015874
0.0,3,20.016077
0.0,10,20.016588
1.0,7,20.027163
0.0,14,20.027874
0.0,29,20.02921
1.0,12,20.029812
0.0,41,20.050822
0.0,14,20.051653
1.0,45,20.061742
0.0,6,20.062134
0.0,11,20.062694
0.0,28,20.06402
0.0,12,20.076756
0.0,9,20.077365
0.0,14,20.078264
0.0,12,20.078872
0.0,19,20.079772
0.0,1,20.079884
0.0,16,20.090788
1.0,29,20.092252
0.0,22,20.093293
1.0,32,20.106953
0.0,41,20.108959
0.0,4,20.109213
1.0,18,20.110185
1.0,19,20.125406
0.0,9,20.125984
0.0,59,20.132683
0.0,48,20.144822
1.0,26,20.14611
0.0,18,20.157149
1.0,30,20.158614
1.0,14,20.159289
0.0,5,20.159575
0.0,10,20.160085
0.0,8,20.160497
0.0,24,20.175817
0.0,6,20.176234
0.0,3,20.176436
1.0,46,20.18258
0.0,3,20.182821
0.0,34,20.184384
1.0,6,20.196918
0.0,21,20.198001
0.0,6,20.198343
0.0,30,20.19976
0.0,13,20.200394
0.0,6,20.212117
0.0,5,20.212983
0.0,6,20.213335
0.0,32,20.214847
0.0,2,20.215009
0.0,11,20.215571
1.0,10,20.216094
1.0,11,20.226916
1.0,27,20.228454
1.0,14,20.229313
0.0,14,20.230109
0.0,17,20.231072
0.0,4,20.231385
1.0,29,20.243222
0.0,21,20.2445
1.0,11,20.24508
1.0,17,20.245923
0.0,26,20.257572
0.0,2,20.257926
0.0,25,20.259252
1.0,41,20.261407
0.0,8,20.272494
0.0,5,20.273044
0.0,2,20.273227
0.0,16,20.274102
0.0,9,20.274683
1.0,34,20.282789
1.0,22,20.285988
1.0,30,20.288416
1.0,22,20.28947
1.0,55,20.306569
0.0,5,20.306988
0.0,33,20.308501
1.0,14,20.309203
1.0,12,20.314995
1.0,23,20.316415
1.0,19,20.318399
0.0,6,20.318871
0.0,18,20.323946
0.0,17,20.329041
1.0,19,20.330065
0.0,3,20.330266
1.0,17,20.331074
1.0,40,20.34733
0.0,27,20.348724
1.0,12,20.349333
0.0,6,20.349688
0.0,5,20.34998
0.0,9,20.350445
0.0,10,20.350962
0.0,35,20.356835
0.0,4,20.357263
0.0,44,20.363502
0.0,3,20.363788
0.0,4,20.364032
1.0,38,20.374002
0.0,6,20.374437
0.0,5,20.374765
0.0,11,20.375315
0.0,14,20.376001
0.0,11,20.376553
0.0,10,20.382299
1.0,15,20.383144
0.0,4,20.383395
1.0,31,20.384869
0.0,8,20.385303
0.0,27,20.386601
0.0,4,20.397386
0.0,12,20.398051
0.0,25,20.399283
0.0,4,20.399553
0.0,11,20.400134
0.0,38,20.412242
0.0,1,20.412525
1.0,8,20.413002
1.0,7,20.413389
0.0,3,20.413595
0.0,7,20.413993
0.0,15,20.414737
0.0,6,20.415074
0.0,11,20.427509
0.0,23,20.428764
0.0,12,20.429406
0.0,1,20.429523
0.0,15,20.430285
1.0,14,20.431009
0.0,46,20.443342
1.0,10,20.443963
1.0,25,20.445122
1.0,25,20.446286
0.0,2,20.446444
1.0,25,20.457839
0.0,30,20.45934
0.0,30,20.460759
1.0,13,20.461392
0.0,6,20.471902
1.0,10,20.472515
0.0,5,20.472821
0.0,20,20.47377
0.0,27,20.47501
0.0,8,20.475427
0.0,6,20.475765
1.0,36,20.487578
0.0,13,20.488321
1.0,30,20.489713
0.0,40,20.491521
0.0,8,20.502145
0.0,18,20.503119
0.0,16,20.503891
0.0,9,20.504352
1.0,24,20.505465
1.0,13,20.506108
0.0,15,20.517045
1.0,22,20.518192
1.0,42,20.520116
0.0,4,20.520367
1.0,16,20.525721
0.0,4,20.526056
0.0,27,20.537618
1.0,6,20.538056
0.0,15,20.538812
1.0,9,20.539282
0.0,52,20.551843
0.0,17,20.552815
1.0,18,20.553703
0.0,17,20.554546
0.0,46,20.566928
0.0,8,20.567471
1.0,39,20.569307
0.0,5,20.569618
0.0,5,20.569914
0.0,14,20.570601
1.0,67,20.584028
1.0,31,20.585531
1.0,17,20.58635
1.0,18,20.597399
0.0,26,20.598715
1.0,8,20.599146
1.0,10,20.59967
1.0,7,20.600039
1.0,20,20.600985
0.0,4,20.601225
0.0,14,20.612056
0.0,4,20.612373
0.0,3,20.612572
0.0,13,20.613214
0.0,11,20.613773
1.0,15,20.61449
1.0,14,20.615182
1.0,17,20.616035
0.0,10,20.616546
0.0,5,20.626022
0.0,10,20.626858
0.0,6,20.627188
0.0,16,20.627959
0.0,50,20.630203
0.0,4,20.630447
0.0,13,20.631092
0.0,7,20.631475
0.0,53,20.644156
1.0,26,20.64546
0.0,14,20.646148
1.0,15,20.657106
1.0,9,20.657676
0.0,26,20.658884
0.0,13,20.659518
0.0,24,20.660675
0.0,9,20.661146
0.0,6,20.661483
0.0,4,20.671989
0.0,30,20.673541
1.0,21,20.674565
0.0,60,20.687458
0.0,1,20.687677
0.0,21,20.688697
0.0,3,20.688905
0.0,18,20.689788
0.0,10,20.690302
1.0,51,20.70281
1.0,15,20.703645
1.0,19,20.704541
1.0,14,20.705225
0.0,3,20.705426
1.0,12,20.706025
1.0,25,20.717357
0.0,2,20.717592
1.0,21,20.718597
0.0,4,20.718851
1.0,60,20.721588
1.0,44,20.734551
1.0,28,20.736176
0.0,1,20.736422
0.0,14,20.747319
0.0,1,20.747558
0.0,29,20.749031
0.0,1,20.749244
0.0,17,20.750118
0.0,3,20.750325
0.0,18,20.751193
0.0,10,20.762058
0.0,4,20.762538
1.0,9,20.763057
0.0,3,20.763256
0.0,6,20.763585
0.0,9,20.764061
0.0,5,20.76437
0.0,22,20.765446
0.0,6,20.7658
0.0,29,20.777414
0.0,9,20.778001
0.0,8,20.778417
0.0,32,20.779949
1.0,16,20.780763
1.0,24,20.792265
0.0,8,20.792911
0.0,21,20.79392
0.0,13,20.794563
0.0,8,20.794997
0.0,6,20.795334
0.0,14,20.79604
1.0,16,20.807071
1.0,25,20.808402
0.0,22,20.809633
0.0,4,20.809918
0.0,4,20.810163
1.0,27,20.822549
0.0,16,20.823463
0.0,5,20.823775
0.0,24,20.824977
0.0,6,20.825401
0.0,15,20.832385
1.0,20,20.838035
1.0,18,20.839192
1.0,11,20.839781
0.0,17,20.84062
0.0,27,20.852342
0.0,4,20.852827
0.0,6,20.853174
0.0,4,20.85342
0.0,10,20.853945
1.0,13,20.854598
0.0,1,20.854723
0.0,1,20.854837
0.0,19,20.855763
1.0,23,20.867185
0.0,33,20.86911
0.0,15,20.870111
1.0,8,20.870677
0.0,26,20.882204
0.0,7,20.882707
0.0,20,20.883797
0.0,9,20.884363
0.0,10,20.884886
1.0,25,20.886055
0.0,2,20.886216
0.0,2,20.886371
1.0,17,20.895401
0.0,4,20.895759
0.0,20,20.901877
1.0,22,20.90304
0.0,16,20.903851
1.0,12,20.904459
1.0,39,20.906305
0.0,3,20.906539
1.0,59,20.919558
0.0,13,20.920342
1.0,21,20.921376
0.0,10,20.932214
0.0,24,20.933528
0.0,16,20.937436
0.0,3,20.942927
1.0,11,20.943585
1.0,42,20.945508
0.0,6,20.945859
0.0,12,20.946463
0.0,30,20.952927
0.0,4,20.95322
0.0,16,20.954011
0.0,27,20.955283
1.0,7,20.955677
0.0,9,20.956135
1.0,51,20.968712
1.0,16,20.969576
1.0,39,20.971396
0.0,21,20.982565
0.0,7,20.983035
1.0,12,20.983643
0.0,9,20.984117
1.0,13,20.984768
0.0,3,20.984975
0.0,47,20.997364
1.0,19,20.998388
1.0,14,20.999094
0.0,33,21.00066
0.0,2,21.000825
0.0,1,21.000937
0.0,21,21.012151
0.0,5,21.012551
0.0,5,21.012855
0.0,21,21.01384
1.0,28,21.015132
0.0,14,21.015817
0.0,2,21.015974
0.0,11,21.016515
0.0,3,21.026982
0.0,23,21.028208
1.0,20,21.02918
0.0,4,21.029436
0.0,15,21.030186
0.0,8,21.030626
0.0,12,21.031227
1.0,35,21.04403
0.0,16,21.047917
1.0,20,21.049037
1.0,27,21.05031
1.0,9,21.05078
0.0,10,21.051281
0.0,17,21.062303
0.0,6,21.062767
0.0,10,21.063269
1.0,14,21.063949
0.0,62,21.077004
0.0,20,21.078079
0.0,7,21.07845
0.0,1,21.078563
0.0,8,21.079001
0.0,8,21.079427
0.0,18,21.080292
1.0,22,21.081328
0.0,5,21.091705
0.0,15,21.09263
1.0,11,21.093179
0.0,6,21.093504
0.0,3,21.093713
0.0,1,21.093822
1.0,25,21.094993
0.0,12,21.095591
0.0,23,21.106889
0.0,32,21.10844
0.0,6,21.10878
1.0,18,21.109637
0.0,17,21.110463
0.0,36,21.123311
1.0,40,21.125235
0.0,1,21.125352
0.0,7,21.125745
0.0,8,21.126162
1.0,28,21.137765
0.0,28,21.139199
0.0,10,21.139735
0.0,12,21.140341
0.0,8,21.140778
1.0,33,21.152515
0.0,26,21.154102
0.0,4,21.154372
0.0,2,21.15453
0.0,13,21.155195
0.0,3,21.155403
0.0,9,21.155889
0.0,10,21.156404
0.0,4,21.166881
0.0,28,21.168307
0.0,4,21.168554
0.0,5,21.168849
0.0,12,21.169443
0.0,2,21.169598
0.0,44,21.171597
0.0,7,21.182304
1.0,11,21.182891
0.0,2,21.183071
0.0,29,21.184448
0.0,33,21.186011
0.0,27,21.197505
0.0,5,21.197896
0.0,25,21.199067
0.0,41,21.200945
1.0,25,21.212292
1.0,12,21.212978
0.0,1,21.213097
0.0,12,21.213745
0.0,30,21.215183
0.0,29,21.216516
0.0,9,21.227122
0.0,13,21.227854
0.0,5,21.22814
0.0,13,21.228781
0.0,5,21.22907
1.0,40,21.230894
0.0,23,21.242112
0.0,21,21.24318
0.0,4,21.243423
1.0,17,21.244242
0.0,7,21.244625
0.0,17,21.245439
0.0,9,21.245909
0.0,7,21.246284
1.0,29,21.257008
0.0,22,21.262809
0.0,6,21.263306
1.0,7,21.263763
1.0,19,21.264666
0.0,3,21.264866
0.0,26,21.266077
0.0,5,21.26637
1.0,31,21.278245
0.0,13,21.2791
1.0,8,21.279521
0.0,15,21.280249
0.0,1,21.28036
0.0,12,21.280997
0.0,2,21.281198
1.0,25,21.292769
0.0,23,21.294089
0.0,44,21.296129
0.0,13,21.307071
0.0,31,21.308833
0.0,30,21.310432
1.0,6,21.310815
0.0,16,21.311596
0.0,7,21.322759
0.0,1,21.322918
1.0,48,21.325155
1.0,39,21.337355
0.0,11,21.338159
0.0,3,21.33842
0.0,13,21.339137
1.0,22,21.34032
0.0,18,21.341352
0.0,4,21.351832
0.0,5,21.352246
1.0,12,21.3529
0.0,17,21.353859
0.0,1,21.354053
0.0,22,21.355217
0.0,1,21.355421
1.0,12,21.362241
1.0,31,21.363921
0.0,7,21.377254
0.0,10,21.377884
0.0,24,21.379066
0.0,8,21.379502
0.0,22,21.380566
0.0,1,21.38069
0.0,1,21.380802
0.0,3,21.381006
1.0,15,21.381753
0.0,6,21.382089
0.0,7,21.38247
0.0,7,21.382871
0.0,13,21.383533
0.0,6,21.390725
0.0,3,21.391118
0.0,18,21.392067
1.0,8,21.392515
0.0,59,21.407547
0.0,4,21.407892
0.0,18,21.40879
1.0,25,21.40998
0.0,20,21.410946
0.0,15,21.42192
1.0,45,21.424205
0.0,95,21.438787
0.0,27,21.440179
0.0,1,21.440301
0.0,16,21.441092
1.0,27,21.452584
0.0,9,21.453145
1.0,21,21.454166
1.0,17,21.455012
0.0,41,21.466162
1.0,22,21.467335
0.0,7,21.467722
0.0,4,21.467966
0.0,21,21.468966
0.0,25,21.470131
0.0,6,21.470463
0.0,1,21.481871
1.0,10,21.482505
0.0,5,21.482823
0.0,16,21.483591
0.0,6,21.483932
0.0,20,21.484882
0.0,8,21.485299
1.0,17,21.486113
0.0,5,21.4864
0.0,17,21.497515
1.0,14,21.498346
0.0,19,21.49943
0.0,1,21.499665
1.0,11,21.500292
1.0,9,21.500796
0.0,17,21.511616
0.0,7,21.512359
0.0,1,21.51247
0.0,11,21.513038
0.0,24,21.514233
1.0,24,21.515425
0.0,25,21.516588
1.0,18,21.527679
0.0,13,21.528334
0.0,8,21.528762
1.0,13,21.529396
0.0,6,21.529734
0.0,4,21.529978
0.0,1,21.530087
1.0,12,21.530697
1.0,12,21.531282
1.0,15,21.542154
1.0,20,21.54318
0.0,16,21.544363
1.0,48,21.546534
0.0,16,21.557501
0.0,29,21.558934
0.0,32,21.565259
0.0,14,21.566029
0.0,2,21.566186
1.0,23,21.572464
1.0,32,21.574222
0.0,15,21.574959
0.0,1,21.575073
0.0,13,21.575716
0.0,8,21.57613
0.0,8,21.576542
0.0,10,21.587289
1.0,26,21.588618
1.0,12,21.589216
0.0,1,21.589327
0.0,2,21.589481
0.0,6,21.589826
0.0,3,21.590024
0.0,1,21.590133
0.0,4,21.590375
0.0,2,21.590529
0.0,1,21.590652
0.0,3,21.59085
0.0,6,21.591177
0.0,13,21.602012
1.0,16,21.60293
0.0,17,21.603875
0.0,12,21.604634
0.0,9,21.605187
1.0,25,21.606514
0.0,14,21.61758
0.0,24,21.618792
0.0,8,21.619213
0.0,24,21.620334
0.0,8,21.620766
1.0,11,21.621313
0.0,41,21.633625
1.0,13,21.634383
1.0,19,21.635302
0.0,9,21.635777
1.0,24,21.647121
0.0,17,21.648078
1.0,10,21.648587
0.0,17,21.6494
0.0,23,21.650481
1.0,21,21.651476
0.0,4,21.661927
1.0,12,21.662676
1.0,10,21.663182
0.0,9,21.663667
0.0,10,21.664171
1.0,19,21.665076
0.0,8,21.665493
0.0,29,21.677034
1.0,26,21.678538
0.0,5,21.678837
0.0,10,21.679338
0.0,6,21.679679
0.0,3,21.679877
0.0,6,21.680203
1.0,8,21.680626
0.0,7,21.681
1.0,9,21.681456
0.0,9,21.692285
0.0,14,21.693187
0.0,3,21.693393
1.0,42,21.695306
0.0,14,21.695989
0.0,1,21.696099
0.0,8,21.696516
0.0,9,21.707353
0.0,2,21.707772
1.0,15,21.70858
0.0,4,21.708949
0.0,4,21.709227
0.0,9,21.709769
0.0,13,21.710474
1.0,39,21.722832
1.0,18,21.723965
0.0,10,21.724499
0.0,33,21.726014
0.0,18,21.73717
1.0,12,21.737919
0.0,1,21.738031
1.0,46,21.740123
1.0,24,21.741251
0.0,6,21.741583
0.0,38,21.755744
0.0,1,21.756006
0.0,43,21.763255
0.0,24,21.764575
0.0,16,21.765542
0.0,2,21.76582
0.0,29,21.777764
0.0,9,21.778502
1.0,25,21.779893
1.0,10,21.785319
1.0,25,21.796918
0.0,30,21.798723
0.0,6,21.799202
0.0,15,21.800008
0.0,15,21.800882
0.0,7,21.801343
0.0,48,21.814167
0.0,7,21.814868
0.0,18,21.822219
0.0,7,21.822886
0.0,6,21.823285
0.0,13,21.824036
0.0,33,21.825801
0.0,10,21.826463
1.0,13,21.837653
1.0,16,21.838769
1.0,25,21.839958
1.0,12,21.840553
0.0,3,21.840773
1.0,23,21.852125
1.0,13,21.852897
1.0,22,21.854062
1.0,35,21.855817
1.0,9,21.856296
0.0,16,21.8673
0.0,6,21.867752
0.0,11,21.868303
0.0,5,21.868587
0.0,13,21.869229
1.0,22,21.870265
0.0,3,21.870466
1.0,8,21.870891
1.0,15,21.881675
0.0,3,21.882165
0.0,11,21.882786
1.0,25,21.884118
1.0,16,21.8851
0.0,9,21.885693
0.0,47,21.893271
0.0,12,21.894093
0.0,12,21.894706
0.0,2,21.907088
0.0,14,21.907955
0.0,44,21.910055
1.0,17,21.910966
0.0,24,21.922498
0.0,40,21.924653
0.0,3,21.925005
0.0,3,21.92523
0.0,4,21.925494
0.0,7,21.92593
0.0,1,21.926083
1.0,15,21.937103
0.0,13,21.937925
0.0,35,21.939658
0.0,9,21.94017
1.0,28,21.941518
1.0,14,21.942229
0.0,14,21.942917
1.0,14,21.94359
0.0,6,21.957205
0.0,7,21.957596
0.0,26,21.958822
0.0,12,21.959412
0.0,16,21.9602
1.0,31,21.971699
0.0,9,21.972335
1.0,39,21.974128
0.0,3,21.974331
0.0,5,21.974628
0.0,6,21.974957
0.0,12,21.975545
0.0,47,21.987909
0.0,3,21.988306
1.0,30,21.994014
0.0,8,21.994533
0.0,3,21.994754
0.0,13,21.995387
1.0,13,21.99605
0.0,16,22.007273
1.0,39,22.009483
0.0,11,22.015385
0.0,1,22.015591
1.0,52,22.023191
0.0,12,22.025899
0.0,6,22.026244
0.0,6,22.026574
1.0,21,22.029931
0.0,7,22.030582
0.0,13,22.031306
0.0,8,22.033993
0.0,11,22.034699
0.0,19,22.035594
0.0,5,22.036916
0.0,1,22.037027
0.0,44,22.041043
1.0,44,22.045133
0.0,38,22.049944
1.0,20,22.050923
0.0,7,22.051298
0.0,7,22.05168
0.0,18,22.052526
0.0,8,22.055973
1.0,11,22.056531
0.0,1,22.05666
1.0,22,22.059703
0.0,7,22.060087
1.0,12,22.060689
0.0,11,22.061234
0.0,7,22.063615
1.0,10,22.064127
0.0,16,22.064896
0.0,6,22.065226
0.0,10,22.066751
0.0,26,22.069972
0.0,17,22.070795
1.0,29,22.074128
0.0,1,22.074248
1.0,17,22.075057
0.0,13,22.07671
0.0,24,22.079858
0.0,13,22.080498
0.0,9,22.080967
1.0,11,22.081513
0.0,1,22.083636
1.0,19,22.084531
0.0,6,22.084875
1.0,12,22.085461
0.0,3,22.086682
0.0,1,22.086796
1.0,14,22.087473
0.0,11,22.090038
0.0,92,22.097165
1.0,40,22.101028
0.0,5,22.101322
0.0,15,22.104062
1.0,16,22.104838
0.0,13,22.105476
0.0,3,22.106697
0.0,17,22.107508
0.0,9,22.10999
1.0,13,22.110748
0.0,3,22.110948
0.0,18,22.114094
1.0,37,22.117048
1.0,29,22.120967
0.0,10,22.123717
0.0,6,22.124089
0.0,8,22.124505
0.0,18,22.125364
0.0,2,22.125519
0.0,23,22.129976
1.0,9,22.130665
1.0,27,22.132055
0.0,26,22.135815
0.0,15,22.138838
0.0,25,22.140062
1.0,13,22.142944
1.0,23,22.144337
0.0,1,22.144559
0.0,16,22.14755
0.0,8,22.148058
0.0,2,22.148216
0.0,11,22.15078
0.0,9,22.151248
0.0,24,22.152437
0.0,27,22.156262
0.0,19,22.159699
0.0,14,22.160575
0.0,15,22.163681
0.0,5,22.164061
1.0,22,22.16714
0.0,11,22.167724
1.0,50,22.172141
0.0,7,22.172585
1.0,12,22.175198
0.0,8,22.175632
0.0,13,22.176271
0.0,2,22.176426
0.0,7,22.178818
0.0,4,22.179068
0.0,11,22.179628
0.0,7,22.180003
0.0,7,22.180373
0.0,22,22.183753
0.0,28,22.187418
0.0,17,22.188319
0.0,9,22.190841
0.0,10,22.191456
0.0,7,22.191917
0.0,5,22.192249
0.0,5,22.194638
1.0,11,22.195207
1.0,22,22.196242
0.0,9,22.199065
0.0,11,22.199901
1.0,18,22.202977
0.0,10,22.203574
1.0,21,22.204565
0.0,3,22.206797
1.0,10,22.207309
0.0,11,22.207866
1.0,21,22.210865
0.0,7,22.211373
1.0,9,22.211905
1.0,29,22.215709
0.0,1,22.21592
0.0,4,22.216166
0.0,36,22.219941
1.0,34,22.223766
0.0,19,22.227082
0.0,22,22.228417
0.0,9,22.231311
1.0,7,22.231885
0.0,7,22.232277
1.0,10,22.234962
0.0,9,22.235523
1.0,29,22.239068
1.0,32,22.242945
0.0,1,22.243268
1.0,10,22.243849
1.0,11,22.24448
1.0,28,22.248338
0.0,3,22.251107
0.0,3,22.251504
0.0,34,22.255563
0.0,5,22.256061
0.0,8,22.256529
0.0,7,22.259331
0.0,14,22.260281
0.0,6,22.263037
0.0,17,22.264174
0.0,2,22.264447
0.0,14,22.267665
0.0,4,22.268083
0.0,23,22.27162
0.0,20,22.275143
0.0,28,22.279068
0.0,15,22.280083
0.0,9,22.282832
0.0,9,22.283674
0.0,4,22.284013
0.0,37,22.288194
0.0,1,22.288569
0.0,10,22.291549
0.0,37,22.29599
0.0,6,22.296587
0.0,50,22.305173
0.0,29,22.310378
0.0,2,22.310731
1.0,18,22.311697
0.0,5,22.312043
0.0,15,22.315068
1.0,27,22.319083
0.0,3,22.319565
0.0,10,22.320163
1.0,20,22.323443
0.0,29,22.327116
0.0,1,22.327333
0.0,28,22.330752
0.0,18,22.331819
0.0,16,22.335016
0.0,12,22.335903
0.0,30,22.33948
1.0,39,22.343536
0.0,4,22.343875
1.0,11,22.344419
1.0,23,22.347888
0.0,8,22.348542
0.0,18,22.351842
0.0,30,22.355495
0.0,3,22.355793
0.0,5,22.356084
0.0,16,22.359045
0.0,10,22.359655
1.0,15,22.360374
0.0,28,22.364177
0.0,1,22.364485
0.0,18,22.367556
0.0,13,22.368292
0.0,37,22.372168
0.0,3,22.372451
0.0,31,22.376079
0.0,9,22.378856
0.0,1,22.379298
1.0,21,22.380445
1.0,11,22.383277
1.0,7,22.383759
0.0,18,22.386834
0.0,20,22.387885
0.0,21,22.39099
0.0,4,22.391261
0.0,13,22.391937
1.0,30,22.398748
0.0,6,22.39927
0.0,3,22.399507
1.0,25,22.403022
0.0,1,22.403332
1.0,25,22.406934
0.0,5,22.407317
1.0,25,22.411674
1.0,36,22.413444
1.0,12,22.416472
0.0,15,22.41994
1.0,19,22.421134
1.0,19,22.424294
1.0,10,22.42494
1.0,10,22.425475
0.0,40,22.430906
1.0,38,22.435394
1.0,7,22.437138
0.0,24,22.441592
0.0,4,22.442094
1.0,13,22.442831
0.0,19,22.446085
0.0,32,22.450086
0.0,1,22.450339
0.0,11,22.450974
0.0,5,22.451298
0.0,13,22.455189
0.0,14,22.456022
0.0,16,22.45688
1.0,17,22.457788
0.0,5,22.458115
0.0,4,22.458371
0.0,25,22.461552
0.0,4,22.461833
0.0,8,22.462268
0.0,9,22.464749
0.0,33,22.466268
1.0,22,22.470455
0.0,2,22.470707
0.0,11,22.471273
0.0,6,22.47363
0.0,18,22.474515
0.0,1,22.474638
0.0,8,22.475052
1.0,12,22.476664
0.0,3,22.476869
1.0,25,22.480035
1.0,27,22.481293
0.0,3,22.481495
0.0,12,22.484173
1.0,26,22.485478
1.0,10,22.48704
1.0,22,22.490093
0.0,22,22.491135
0.0,3,22.491338
0.0,22,22.494387
1.0,30,22.496799
0.0,4,22.497048
0.0,10,22.497549
0.0,10,22.500069
0.0,19,22.500976
0.0,5,22.501265
0.0,1,22.501375
1.0,18,22.504246
0.0,3,22.504454
0.0,22,22.505487
0.0,2,22.506666
0.0,4,22.506912
0.0,1,22.507021
1.0,7,22.507531
0.0,1,22.509659
0.0,5,22.509951
0.0,10,22.510453
0.0,25,22.513628
1.0,6,22.51397
1.0,21,22.514964
1.0,22,22.515994
0.0,55,22.520481
0.0,1,22.522727
0.0,1,22.522846
0.0,15,22.523568
0.0,1,22.523688
0.0,9,22.524144
0.0,15,22.526891
1.0,52,22.531248
0.0,32,22.534868
0.0,12,22.535652
0.0,18,22.536522
0.0,2,22.54002
0.0,29,22.544
0.0,5,22.54451
0.0,18,22.545475
0.0,19,22.547583
0.0,4,22.547889
0.0,30,22.551284
1.0,18,22.552226
0.0,3,22.552494
0.0,5,22.55507
0.0,28,22.55871
0.0,24,22.55991
1.0,8,22.560331
0.0,5,22.562721
0.0,18,22.563892
0.0,5,22.564294
0.0,1,22.564426
0.0,2,22.564594
1.0,24,22.570225
0.0,5,22.570817
1.0,18,22.571794
0.0,5,22.572147
0.0,41,22.576515
0.0,8,22.584359
0.0,22,22.585448
0.0,17,22.586265
0.0,34,22.587941
0.0,23,22.589056
1.0,20,22.59
1.0,20,22.592959
0.0,7,22.59334
0.0,17,22.59416
0.0,4,22.594406
1.0,41,22.598289
0.0,33,22.601827
0.0,28,22.605127
0.0,7,22.605511
1.0,22,22.606538
0.0,9,22.610028
1.0,15,22.61077
0.0,12,22.611361
1.0,32,22.614848
0.0,26,22.617069
0.0,11,22.619637
0.0,7,22.620019
0.0,8,22.620435
1.0,20,22.621381
0.0,1,22.624708
0.0,4,22.624969
1.0,24,22.626092
0.0,13,22.626749
1.0,20,22.627697
0.0,8,22.628114
0.0,13,22.630764
0.0,8,22.631188
0.0,10,22.631703
1.0,15,22.63242
0.0,19,22.635338
0.0,11,22.635899
0.0,18,22.638765
0.0,7,22.639146
1.0,13,22.639786
0.0,16,22.640541
0.0,6,22.642888
1.0,27,22.644141
1.0,24,22.647276
0.0,1,22.647394
0.0,18,22.648248
0.0,5,22.648535
0.0,1,22.650661
0.0,6,22.650996
1.0,13,22.65164
0.0,52,22.655985
1.0,12,22.656584
0.0,1,22.658711
0.0,12,22.659311
1.0,36,22.662969
0.0,18,22.663867
0.0,16,22.666825
0.0,3,22.667125
1.0,20,22.668135
1.0,7,22.670793
0.0,41,22.675444
0.0,14,22.676355
0.0,64,22.687594
1.0,10,22.688241
0.0,12,22.688857
0.0,8,22.689272
0.0,19,22.690172
0.0,37,22.691893
0.0,20,22.695293
0.0,25,22.699111
0.0,16,22.700182
0.0,6,22.702886
0.0,17,22.704142
0.0,6,22.704592
0.0,4,22.707116
1.0,16,22.707912
0.0,12,22.708506
0.0,6,22.710854
0.0,18,22.711739
0.0,29,22.715333
0.0,5,22.715735
0.0,16,22.716494
0.0,24,22.720835
1.0,42,22.725032
0.0,21,22.726576
0.0,3,22.727926
0.0,7,22.728331
1.0,22,22.729367
1.0,48,22.736938
1.0,8,22.737451
0.0,9,22.73795
0.0,13,22.738585
1.0,12,22.739179
0.0,15,22.742088
0.0,30,22.743574
1.0,9,22.74628
0.0,14,22.748127
1.0,8,22.748602
1.0,38,22.752535
1.0,26,22.756011
1.0,17,22.758033
0.0,7,22.758471
0.0,1,22.758583
0.0,3,22.758789
1.0,41,22.762897
1.0,17,22.766006
0.0,18,22.768032
1.0,20,22.76901
1.0,39,22.772989
0.0,11,22.775854
0.0,22,22.778059
0.0,36,22.781956
0.0,16,22.782845
1.0,19,22.78592
0.0,19,22.787997
1.0,6,22.78836
0.0,24,22.78952
1.0,43,22.796891
0.0,15,22.797754
0.0,37,22.801661
0.0,9,22.802653
0.0,5,22.803019
0.0,6,22.80341
0.0,16,22.806579
0.0,13,22.808435
1.0,13,22.811254
0.0,4,22.811582
0.0,6,22.811979
1.0,8,22.812463
1.0,21,22.815915
1.0,10,22.817706
1.0,17,22.818632
0.0,8,22.819051
1.0,13,22.821961
0.0,27,22.823524
0.0,17,22.829179
0.0,1,22.829517
1.0,18,22.830469
0.0,1,22.832768
1.0,59,22.838014
0.0,1,22.839936
0.0,18,22.841064
0.0,15,22.845319
0.0,2,22.845709
0.0,6,22.846094
0.0,10,22.846722
0.0,6,22.847124
0.0,2,22.847308
0.0,3,22.84753
1.0,23,22.852166
0.0,9,22.852924
0.0,20,22.856541
1.0,33,22.864084
1.0,8,22.864591
0.0,13,22.865236
0.0,22,22.868689
0.0,28,22.872401
1.0,47,22.877718
0.0,53,22.882308
1.0,12,22.88544
0.0,9,22.886108
1.0,22,22.88921
1.0,32,22.892979
0.0,24,22.894416
0.0,8,22.897145
0.0,3,22.897444
0.0,3,22.897656
0.0,3,22.89786
0.0,8,22.898274
1.0,30,22.901719
0.0,15,22.90248
0.0,3,22.904735
0.0,1,22.90488
0.0,3,22.905081
0.0,24,22.906203
0.0,16,22.910391
0.0,10,22.911152
0.0,1,22.911313
0.0,2,22.911513
0.0,15,22.912266
1.0,14,22.912958
0.0,13,22.913589
0.0,17,22.916459
0.0,21,22.918461
0.0,8,22.918896
0.0,21,22.921924
0.0,11,22.922564
1.0,28,22.926441
1.0,24,22.930776
1.0,10,22.931294
0.0,6,22.931632
0.0,1,22.931748
0.0,2,22.931904
0.0,24,22.935061
0.0,15,22.935929
0.0,1,22.936094
0.0,9,22.936603
1.0,15,22.939571
0.0,54,22.946656
1.0,10,22.947549
0.0,8,22.948121
0.0,9,22.948688
0.0,32,22.952704
0.0,7,22.953286
1.0,19,22.956583
0.0,5,22.958326
1.0,42,22.967153
0.0,6,22.967804
1.0,30,22.969403
1.0,26,22.970934
0.0,5,22.971363
0.0,32,22.97654
0.0,12,22.984885
0.0,4,22.985265
0.0,2,22.985445
0.0,13,22.986167
1.0,18,22.987149
1.0,20,22.988285
0.0,44,22.9906
0.0,14,22.99359
1.0,44,22.997752
0.0,24,22.998943
1.0,38,23.002551
1.0,36,23.007598
0.0,7,23.00809
0.0,3,23.008291
0.0,4,23.008534
0.0,2,23.010705
1.0,23,23.015654
0.0,12,23.016448
0.0,25,23.021865
0.0,22,23.022987
0.0,8,23.023403
1.0,17,23.024289
0.0,22,23.02759
1.0,95,23.039841
1.0,21,23.040553
1.0,41,23.041764
1.0,48,23.043158
1.0,40,23.044334
1.0,72,23.048399
1.0,13,23.048843
1.0,18,23.049399
1.0,30,23.052306
1.0,23,23.053027
1.0,12,23.053424
1.0,52,23.059013
1.0,9,23.059396
1.0,43,23.062664
1.0,27,23.063473
1.0,8,23.063768
1.0,46,23.067158
1.0,75,23.071482
1.0,75,23.077098
1.0,34,23.07844
1.0,32,23.079599
1.0,41,23.083173
1.0,18,23.08584
1.0,74,23.089287
1.0,55,23.093467
1.0,12,23.094132
1.0,55,23.101001
1.0,53,23.102847
1.0,23,23.105992
1.0,31,23.108317
1.0,35,23.111829
1.0,55,23.113593
1.0,28,23.114497
1.0,26,23.118618
1.0,40,23.12214
1.0,15,23.122814
1.0,15,23.123352
1.0,32,23.126366
1.0,68,23.129421
1.0,25,23.13223
1.0,11,23.132602
1.0,74,23.137741
1.0,44,23.141151
1.0,13,23.141582
1.0,61,23.143326
1.0,36,23.146396
1.0,10,23.147759
1.0,19,23.148344
1.0,76,23.152514
1.0,13,23.152956
1.0,53,23.15649
1.0,11,23.15788
1.0,41,23.159075
1.0,24,23.161815
1.0,29,23.162684
1.0,24,23.163411
1.0,36,23.16648
1.0,11,23.167871
1.0,34,23.168876
1.0,58,23.172544
1.0,25,23.173308
1.0,28,23.176156
1.0,77,23.179359
1.0,51,23.182981
1.0,18,23.185734
1.0,20,23.18648
1.0,78,23.191941
1.0,68,23.196142
1.0,29,23.200457
1.0,10,23.201032
1.0,23,23.201829
1.0,20,23.20248
1.0,36,23.203538
1.0,10,23.206069
1.0,11,23.206525
1.0,14,23.208179
1.0,20,23.209029
1.0,35,23.212477
1.0,14,23.213161
1.0,63,23.218425
1.0,82,23.227429
1.0,78,23.230147
1.0,30,23.233422
1.0,66,23.237834
1.0,13,23.241011
1.0,9,23.241573
1.0,20,23.242294
1.0,9,23.242691
1.0,47,23.246237
1.0,63,23.249437
0.0,100,23.26471
1.0,58,23.266897
1.0,32,23.267981
1.0,55,23.269573
1.0,13,23.270009
1.0,15,23.270481
0.0,100,23.275493
1.0,12,23.284157
1.0,58,23.285943
1.0,34,23.286965
1.0,35,23.288002
1.0,27,23.288823
1.0,42,23.290044
1.0,46,23.294539
1.0,25,23.295395
1.0,16,23.295911
1.0,25,23.297753
1.0,14,23.298261
0.0,100,23.303267
1.0,28,23.306356
1.0,11,23.306837
1.0,35,23.310027
1.0,19,23.310721
1.0,37,23.313962
1.0,32,23.315016
1.0,14,23.315467
1.0,41,23.320024
1.0,47,23.321489
1.0,14,23.321952
1.0,15,23.322428
1.0,43,23.325758
1.0,66,23.331278
1.0,35,23.33444
1.0,21,23.33513
1.0,61,23.338933
1.0,20,23.342289
1.0,26,23.343117
1.0,20,23.345913
1.0,37,23.347228
1.0,47,23.350663
1.0,27,23.35151
1.0,33,23.354871
1.0,17,23.356744
1.0,26,23.359615
1.0,26,23.360461
1.0,22,23.361187
1.0,13,23.363721
1.0,26,23.364549
1.0,13,23.364981
1.0,25,23.366778
1.0,9,23.367154
1.0,25,23.370234
1.0,30,23.371409
1.0,50,23.375315
1.0,52,23.380154
1.0,48,23.383876
1.0,50,23.386839
1.0,27,23.387914
1.0,23,23.391057
1.0,47,23.394721
1.0,51,23.396223
1.0,44,23.39969
1.0,16,23.400285
1.0,31,23.403422
1.0,16,23.404148
1.0,31,23.405228
0.0,100,23.412279
1.0,27,23.415377
1.0,98,23.420264
1.0,37,23.423381
1.0,45,23.424701
1.0,28,23.425534
1.0,100,23.432405
1.0,9,23.434775
1.0,36,23.435838
1.0,54,23.439398
0.0,100,23.445461
1.0,44,23.449812
1.0,30,23.450733
1.0,21,23.451377
1.0,35,23.452409
1.0,20,23.455043
1.0,22,23.455725
1.0,44,23.459015
1.0,38,23.460136
1.0,50,23.463591
1.0,29,23.464462
1.0,12,23.466878
1.0,37,23.467967
1.0,56,23.471583
1.0,23,23.472292
1.0,28,23.475136
1.0,24,23.475874
1.0,22,23.476535
1.0,9,23.478997
1.0,75,23.483593
1.0,94,23.495985
1.0,51,23.497898
1.0,76,23.500452
1.0,37,23.501825
1.0,27,23.50284
1.0,16,23.503444
1.0,14,23.507232
1.0,14,23.51018
1.0,13,23.510823
1.0,29,23.514059
1.0,24,23.51508
1.0,87,23.521305
1.0,65,23.526919
0.0,100,23.537182
1.0,33,23.538273
1.0,16,23.538789
0.0,100,23.541636
1.0,25,23.544697
1.0,27,23.546824
1.0,57,23.550836
1.0,84,23.556799
1.0,16,23.557444
1.0,30,23.560351
1.0,43,23.563624
1.0,28,23.564468
0.0,100,23.570437
1.0,45,23.571853
1.0,52,23.575743
1.0,12,23.576412
1.0,52,23.579966
0.0,100,23.587256
1.0,23,23.590079
1.0,10,23.590426
1.0,23,23.59113
1.0,50,23.594584
1.0,62,23.597378
1.0,23,23.600129
1.0,51,23.60406
1.0,20,23.604935
1.0,42,23.607347
1.0,17,23.609972
1.0,22,23.610657
1.0,21,23.611293
1.0,40,23.614823
1.0,23,23.616891
1.0,12,23.617512
1.0,60,23.626875
1.0,44,23.628487
1.0,31,23.629628
1.0,10,23.630121
1.0,44,23.631545
1.0,54,23.636843
0.0,100,23.643469
1.0,94,23.649972
1.0,37,23.653543
1.0,29,23.657047
1.0,81,23.66206
1.0,42,23.665541
1.0,29,23.666503
1.0,39,23.671063
1.0,62,23.676242
1.0,16,23.67688
1.0,49,23.679395
1.0,23,23.680173
1.0,10,23.680511
1.0,24,23.683581
1.0,88,23.695662
1.0,36,23.697006
1.0,41,23.698345
1.0,6,23.698664
1.0,45,23.700001
1.0,22,23.700687
1.0,64,23.702567
1.0,56,23.707549
1.0,65,23.71382
1.0,17,23.714473
1.0,60,23.717354
1.0,46,23.72104
1.0,27,23.725211
1.0,7,23.725599
0.0,100,23.728479
1.0,62,23.732486
1.0,46,23.738213
1.0,47,23.741825
1.0,23,23.742637
1.0,9,23.74295
1.0,20,23.743561
0.0,100,23.755987
1.0,10,23.756759
1.0,20,23.757395
1.0,29,23.758266
1.0,85,23.760695
1.0,22,23.761364
1.0,13,23.761805
1.0,36,23.766247
1.0,25,23.767236
1.0,44,23.770803
1.0,40,23.77452
1.0,35,23.776901
1.0,32,23.781122
1.0,44,23.7826
1.0,29,23.783674
1.0,31,23.786951
1.0,23,23.787935
1.0,41,23.791544
1.0,27,23.792498
1.0,15,23.796253
1.0,16,23.79689
1.0,90,23.802283
1.0,97,23.817624
1.0,33,23.818722
1.0,32,23.819669
1.0,22,23.820339
1.0,42,23.821597
1.0,27,23.822415
1.0,30,23.826394
1.0,35,23.827506
1.0,43,23.828772
1.0,15,23.829251
1.0,38,23.832511
1.0,11,23.833023
1.0,28,23.836008
1.0,12,23.836478
1.0,88,23.841053
1.0,27,23.84396
1.0,28,23.844832
1.0,85,23.850306
1.0,41,23.851582
1.0,19,23.852175
1.0,31,23.855133
1.0,15,23.855653
1.0,11,23.856022
1.0,63,23.859864
1.0,18,23.863172
1.0,23,23.863889
1.0,30,23.866805
1.0,24,23.867537
1.0,17,23.86808
1.0,47,23.871454
1.0,18,23.87203
1.0,39,23.87619
1.0,11,23.876569
1.0,29,23.877443
1.0,45,23.878768
1.0,14,23.879219
1.0,23,23.881928
1.0,87,23.886533
1.0,19,23.888213
1.0,13,23.890656
1.0,29,23.891523
1.0,31,23.892451
1.0,15,23.894944
1.0,15,23.895426
1.0,49,23.899137
1.0,20,23.900028
1.0,18,23.902802
1.0,34,23.903909
1.0,18,23.904469
1.0,42,23.907774
1.0,11,23.908183
1.0,44,23.911476
1.0,25,23.91231
1.0,31,23.915704
1.0,66,23.920225
1.0,51,23.923991
1.0,33,23.927119
1.0,40,23.928538
1.0,20,23.929363
1.0,51,23.933275
1.0,29,23.937742
1.0,20,23.938467
1.0,64,23.942349
1.0,22,23.94516
1.0,10,23.945511
1.0,42,23.949035
1.0,48,23.953873
1.0,31,23.954898
1.0,52,23.956406
1.0,42,23.958663
0.0,100,23.966761
1.0,10,23.967359
1.0,26,23.968158
1.0,16,23.969681
1.0,9,23.969998
1.0,10,23.970337
1.0,37,23.972432
1.0,24,23.97317
1.0,47,23.976538
1.0,16,23.978067
1.0,19,23.978663
1.0,14,23.979109
1.0,16,23.981622
1.0,31,23.982538
1.0,31,23.983459
0.0,100,23.989308
1.0,23,23.992047
1.0,11,23.992419
1.0,21,23.993066
1.0,38,23.996185
1.0,58,23.998866
1.0,30,24.001771
1.0,38,24.002883
1.0,43,24.006145
1.0,43,24.008406
1.0,58,24.012085
1.0,59,24.015809
1.0,66,24.018872
1.0,8,24.019331
1.0,22,24.022201
1.0,35,24.023333
1.0,10,24.025692
1.0,18,24.026254
1.0,19,24.027854
0.0,100,24.03283
1.0,49,24.037631
0.0,100,24.046721
1.0,42,24.048462
1.0,30,24.049586
1.0,17,24.050289
1.0,13,24.050807
1.0,79,24.055172
1.0,12,24.05776
1.0,21,24.058632
1.0,16,24.059229
1.0,45,24.062958
1.0,39,24.066372
1.0,21,24.068108
1.0,48,24.071322
1.0,64,24.075497
1.0,12,24.075991
1.0,24,24.080756
1.0,36,24.081847
1.0,20,24.082463
1.0,14,24.082925
1.0,66,24.087902
1.0,21,24.09074
1.0,46,24.092133
1.0,40,24.095315
1.0,36,24.096389
1.0,28,24.09924
1.0,34,24.100257
1.0,72,24.104322
0.0,100,24.116567
1.0,13,24.117147
1.0,58,24.118836
1.0,19,24.119423
1.0,36,24.120492
1.0,7,24.120761
0.0,100,24.123595
1.0,60,24.129952
1.0,13,24.132652
1.0,16,24.133366
1.0,14,24.133829
1.0,59,24.137702
1.0,38,24.142211
1.0,7,24.142707
1.0,34,24.143873
1.0,39,24.145264
1.0,51,24.150105
1.0,45,24.151526
0.0,100,24.164172
1.0,15,24.164939
1.0,37,24.166232
1.0,46,24.167736
1.0,12,24.16814
1.0,55,24.169744
1.0,26,24.170539
1.0,18,24.173403
1.0,16,24.177633
1.0,32,24.181179
1.0,25,24.182248
1.0,40,24.185899
1.0,58,24.190271
1.0,24,24.193585
1.0,39,24.19744
1.0,46,24.201464
1.0,46,24.206453
1.0,38,24.20796
1.0,18,24.208676
1.0,46,24.212391
1.0,40,24.213912
1.0,38,24.220406
1.0,6,24.220796
1.0,13,24.221221
1.0,43,24.222573
1.0,26,24.225976
1.0,100,24.237838
1.0,22,24.238731
1.0,40,24.240052
1.0,47,24.241645
1.0,33,24.244799
0.0,100,24.250141
1.0,68,24.254457
1.0,100,24.266917
1.0,8,24.267361
1.0,79,24.269638
1.0,30,24.270526
1.0,21,24.271175
1.0,27,24.271991
0.0,100,24.277033
1.0,32,24.280485
1.0,39,24.284051
1.0,31,24.285077
1.0,68,24.290133
1.0,72,24.292323
1.0,20,24.302351
1.0,26,24.303354
1.0,44,24.304646
1.0,16,24.305151
1.0,53,24.318671
1.0,61,24.320825
1.0,27,24.332249
1.0,29,24.333508
1.0,56,24.335432
0.0,100,24.348924
1.0,98,24.362298
1.0,19,24.363061
1.0,35,24.36415
1.0,47,24.365589
1.0,31,24.36657
1.0,12,24.377366
1.0,24,24.378256
1.0,19,24.378896
1.0,15,24.379399
1.0,24,24.380176
1.0,73,24.39157
1.0,15,24.392172
0.0,100,24.399068
1.0,63,24.400936
1.0,56,24.412697
0.0,100,24.415639
1.0,34,24.426779
1.0,10,24.427209
1.0,25,24.427978
1.0,33,24.428958
1.0,31,24.429885
1.0,39,24.431035
1.0,13,24.431458
1.0,8,24.44191
1.0,26,24.442833
1.0,68,24.44504
1.0,57,24.457315
1.0,21,24.45839
1.0,10,24.458873
1.0,20,24.459574
1.0,81,24.472196
1.0,23,24.473019
1.0,29,24.474121
1.0,15,24.474598
1.0,32,24.47555
1.0,66,24.487658
1.0,37,24.488876
1.0,7,24.489134
1.0,31,24.490052
1.0,39,24.491204
1.0,40,24.502493
1.0,31,24.503505
1.0,37,24.504588
1.0,39,24.505732
1.0,61,24.51766
1.0,25,24.518506
1.0,22,24.519192
1.0,88,24.532051
1.0,15,24.532848
1.0,50,24.5343
1.0,40,24.535474
1.0,14,24.535935
1.0,35,24.547256
1.0,39,24.548691
0.0,100,24.561819
1.0,80,24.564208
1.0,10,24.564552
1.0,28,24.565392
1.0,44,24.574847
1.0,7,24.57521
1.0,38,24.576336
1.0,78,24.583623
1.0,10,24.584011
1.0,19,24.584594
1.0,38,24.585718
1.0,53,24.597403
1.0,40,24.60412
1.0,33,24.605364
1.0,57,24.612166
0.0,100,24.615318
1.0,20,24.616039
1.0,15,24.616515
1.0,81,24.629351
1.0,71,24.642123
1.0,25,24.643147
1.0,29,24.644022
1.0,79,24.646279
1.0,24,24.662302
1.0,54,24.664081
1.0,16,24.664595
1.0,34,24.665719
1.0,18,24.66641
1.0,35,24.6778
1.0,27,24.678886
1.0,47,24.68045
1.0,65,24.692895
1.0,10,24.693485
1.0,28,24.694378
1.0,55,24.696179
1.0,44,24.708048
1.0,28,24.709216
1.0,7,24.709567
1.0,79,24.722371
1.0,14,24.723137
1.0,14,24.723712
1.0,15,24.724274
1.0,61,24.727311
1.0,51,24.728968
1.0,17,24.73766
1.0,79,24.740232
1.0,34,24.741335
1.0,44,24.753131
1.0,24,24.754158
1.0,39,24.755508
1.0,31,24.766888
1.0,9,24.767369
1.0,11,24.767771
1.0,28,24.768611
1.0,12,24.769006
1.0,55,24.770591
1.0,30,24.771486
1.0,8,24.782055
1.0,12,24.782714
1.0,72,24.784791
1.0,25,24.785547
1.0,37,24.796922
1.0,8,24.797431
1.0,23,24.798238
1.0,69,24.800399
1.0,9,24.800785
1.0,81,24.81353
1.0,15,24.81431
1.0,19,24.814984
1.0,23,24.81569
1.0,39,24.82727
1.0,36,24.828769
1.0,58,24.830728
1.0,28,24.847027
1.0,41,24.848764
1.0,24,24.849562
1.0,19,24.850191
1.0,71,24.852453
1.0,40,24.863098
1.0,17,24.863779
1.0,45,24.865229
1.0,13,24.86573
1.0,31,24.876924
1.0,20,24.877699
1.0,27,24.878505
1.0,14,24.878966
1.0,66,24.880865
1.0,48,24.892406
1.0,6,24.89276
1.0,21,24.893429
1.0,16,24.893968
1.0,18,24.894544
1.0,29,24.89542
1.0,19,24.896019
1.0,23,24.906873
1.0,24,24.907712
1.0,44,24.908995
1.0,10,24.909338
1.0,7,24.909594
1.0,28,24.910438
1.0,16,24.910953
1.0,67,24.923281
1.0,8,24.923763
1.0,84,24.926152
1.0,48,24.937778
1.0,30,24.938807
1.0,19,24.939467
1.0,36,24.940719
1.0,46,24.953392
1.0,34,24.95477
1.0,32,24.955725
1.0,25,24.956476
1.0,18,24.967232
1.0,57,24.968983
1.0,54,24.970538
1.0,32,24.971494
1.0,32,24.982641
1.0,24,24.983479
1.0,23,24.984201
1.0,67,24.986124
1.0,66,24.997197
1.0,31,24.998226
1.0,85,25.00065
1.0,10,25.000994
1.0,35,25.012203
1.0,34,25.013429
1.0,65,25.0156
1.0,70,25.029354
1.0,30,25.030574
1.0,8,25.030998
1.0,19,25.0418
1.0,16,25.042407
1.0,41,25.043727
1.0,29,25.04471
1.0,51,25.046193
1.0,48,25.057737
1.0,21,25.058463
1.0,23,25.059177
1.0,18,25.059745
1.0,13,25.065072
1.0,13,25.065525
1.0,24,25.066263
1.0,22,25.070979
1.0,21,25.07166
1.0,34,25.072667
1.0,42,25.073895
1.0,40,25.075064
1.0,18,25.08674
1.0,33,25.087853
1.0,44,25.089141
1.0,70,25.091153
1.0,39,25.102693
1.0,85,25.105364
1.0,39,25.106563
1.0,16,25.117379
1.0,27,25.118483
1.0,46,25.120014
0.0,100,25.133276
1.0,77,25.135657
1.0,13,25.136085
1.0,21,25.145894
1.0,52,25.147527
1.0,44,25.148855
1.0,27,25.149799
1.0,38,25.151135
0.0,100,25.164378
1.0,22,25.165365
1.0,83,25.179249
1.0,99,25.192813
1.0,10,25.193806
1.0,35,25.19486
1.0,62,25.207195
1.0,95,25.210447
1.0,59,25.222973
1.0,11,25.223654
1.0,54,25.225444
1.0,55,25.237456
1.0,19,25.238168
1.0,17,25.238711
1.0,47,25.240073
1.0,18,25.240644
1.0,39,25.251949
1.0,25,25.252847
1.0,18,25.253468
1.0,13,25.253985
1.0,57,25.255883
1.0,43,25.267544
1.0,55,25.269258
1.0,77,25.271458
1.0,24,25.282387
1.0,13,25.282959
1.0,22,25.283647
1.0,51,25.285125
1.0,23,25.285895
1.0,40,25.297486
1.0,12,25.298043
1.0,9,25.298375
1.0,17,25.299177
1.0,15,25.299694
1.0,38,25.30089
1.0,10,25.301284
1.0,87,25.317333
1.0,46,25.319122
1.0,56,25.321057
1.0,10,25.321496
1.0,20,25.332359
1.0,24,25.333245
1.0,83,25.335631
1.0,44,25.347049
1.0,46,25.348489
1.0,12,25.348898
1.0,14,25.349349
1.0,62,25.35114
1.0,91,25.363866
1.0,31,25.364891
1.0,21,25.365535
1.0,14,25.365995
1.0,70,25.377386
1.0,56,25.379104
1.0,21,25.37976
1.0,36,25.380823
1.0,39,25.392118
1.0,11,25.392585
1.0,34,25.393734
0.0,100,25.40727
1.0,59,25.414484
1.0,33,25.415666
1.0,30,25.421772
1.0,21,25.42254
1.0,26,25.423342
1.0,29,25.424213
1.0,62,25.426001
1.0,62,25.437974
1.0,18,25.438645
1.0,22,25.439312
1.0,16,25.439825
1.0,32,25.440773
1.0,24,25.441494
1.0,39,25.452832
1.0,13,25.453372
1.0,68,25.455323
1.0,12,25.455734
1.0,22,25.456398
1.0,23,25.467322
1.0,25,25.468218
1.0,27,25.469033
1.0,34,25.470039
1.0,25,25.470804
1.0,50,25.482641
1.0,64,25.484785
1.0,28,25.485657
1.0,10,25.485998
1.0,10,25.486338
1.0,16,25.497059
1.0,70,25.4992
1.0,19,25.499807
1.0,14,25.500253
1.0,34,25.501256
1.0,25,25.512327
1.0,26,25.517444
1.0,20,25.518106
1.0,20,25.518731
1.0,32,25.519688
1.0,10,25.520062
1.0,33,25.521075
1.0,59,25.532945
1.0,42,25.534283
1.0,28,25.53513
1.0,17,25.535679
1.0,19,25.536266
1.0,13,25.546865
1.0,32,25.54794
1.0,26,25.548733
1.0,32,25.549688
1.0,32,25.55064
1.0,23,25.551336
0.0,100,25.564374
1.0,41,25.5657
1.0,25,25.566451
1.0,56,25.57859
1.0,14,25.579333
1.0,41,25.580754
1.0,16,25.581427
1.0,23,25.59258
1.0,36,25.59398
1.0,19,25.594615
1.0,19,25.595203
1.0,18,25.595772
1.0,39,25.612233
1.0,20,25.613163
1.0,14,25.613926
1.0,27,25.61481
1.0,41,25.616013
1.0,10,25.616353
1.0,22,25.627311
1.0,47,25.629023
1.0,67,25.631265
1.0,92,25.644564
1.0,11,25.645103
1.0,55,25.656932
1.0,23,25.657799
1.0,60,25.65953
1.0,7,25.659804
1.0,33,25.66078
1.0,30,25.671969
1.0,40,25.673525
1.0,35,25.674829
1.0,42,25.676294
1.0,87,25.689451
1.0,28,25.69058
1.0,28,25.701634
1.0,16,25.702818
1.0,64,25.704917
1.0,17,25.705579
1.0,17,25.706173
0.0,100,25.719228
1.0,25,25.720108
1.0,29,25.720978
1.0,11,25.721341
1.0,21,25.732154
1.0,14,25.732979
1.0,79,25.735579
1.0,44,25.747382
1.0,10,25.747878
1.0,76,25.750071
1.0,20,25.750717
1.0,80,25.76343
1.0,18,25.76422
1.0,56,25.765939
1.0,33,25.777278
1.0,22,25.778128
1.0,78,25.780477
1.0,10,25.780881
1.0,45,25.792455
1.0,41,25.793888
1.0,20,25.794554
1.0,23,25.795305
1.0,39,25.796515
1.0,13,25.807102
1.0,22,25.807883
1.0,25,25.808644
1.0,26,25.809423
1.0,31,25.810353
1.0,22,25.811032
1.0,68,25.823125
1.0,15,25.82372
1.0,21,25.82436
1.0,11,25.824735
1.0,88,25.836396
1.0,23,25.837418
1.0,32,25.838375
1.0,25,25.839139
1.0,9,25.839453
1.0,46,25.840797
1.0,61,25.852715
1.0,36,25.853885
1.0,16,25.854389
1.0,20,25.855039
1.0,63,25.863104
1.0,14,25.863672
1.0,48,25.865232
1.0,30,25.866282
1.0,15,25.876084
1.0,19,25.881953
1.0,47,25.883472
1.0,16,25.884134
1.0,85,25.892907
1.0,9,25.893339
1.0,27,25.894212
0.0,100,25.907207
1.0,50,25.908753
1.0,27,25.909558
1.0,27,25.910369
1.0,24,25.911103
1.0,17,25.92175
1.0,18,25.922401
1.0,22,25.923088
1.0,44,25.924371
1.0,29,25.925251
1.0,59,25.937096
1.0,50,25.943161
1.0,86,25.945783
1.0,14,25.946332
1.0,17,25.957137
1.0,30,25.958171
1.0,37,25.959266
1.0,18,25.95985
1.0,27,25.96067
0.0,100,25.973941
1.0,18,25.974599
1.0,30,25.975505
1.0,19,25.97627
1.0,55,25.978127
1.0,35,25.979412
1.0,18,25.980124
1.0,31,25.983376
1.0,29,25.984503
1.0,11,25.986973
1.0,16,25.987504
1.0,96,25.992333
1.0,21,25.995409
0.0,100,26.000443
1.0,15,26.00316
1.0,35,26.004493
1.0,28,26.007527
1.0,11,26.007955
1.0,60,26.011697
1.0,8,26.011996
1.0,76,26.016172
1.0,90,26.021966
1.0,9,26.022386
0.0,100,26.028418
1.0,60,26.032409
1.0,15,26.035133
1.0,20,26.035854
1.0,19,26.036443
1.0,42,26.039837
1.0,18,26.040722
1.0,77,26.045068
1.0,13,26.04558
1.0,72,26.050813
1.0,20,26.051522
1.0,25,26.054428
1.0,13,26.054982
1.0,21,26.055631
1.0,18,26.056189
1.0,14,26.066868
1.0,49,26.068679
1.0,17,26.069401
1.0,18,26.070068
1.0,21,26.07081
1.0,15,26.071322
1.0,14,26.082159
1.0,31,26.083381
1.0,15,26.083879
1.0,19,26.084464
1.0,25,26.085229
1.0,37,26.086374
1.0,38,26.097982
1.0,43,26.09964
1.0,62,26.112028
1.0,31,26.113246
1.0,28,26.114123
1.0,48,26.115515
1.0,58,26.127584
1.0,18,26.128459
1.0,23,26.129294
1.0,33,26.130428
1.0,8,26.130834
1.0,46,26.142561
1.0,57,26.144825
1.0,82,26.152364
1.0,20,26.153148
1.0,12,26.153631
1.0,14,26.154142
1.0,27,26.155075
1.0,21,26.155823
1.0,67,26.173246
1.0,25,26.174366
1.0,31,26.175467
1.0,11,26.175975
0.0,100,26.189507
1.0,6,26.190025
1.0,19,26.190718
1.0,24,26.191541
1.0,14,26.192086
1.0,19,26.201951
1.0,77,26.204577
1.0,26,26.216846
1.0,11,26.217453
1.0,26,26.218363
1.0,67,26.22057
1.0,54,26.232492
1.0,63,26.234521
1.0,37,26.236999
1.0,39,26.238481
1.0,23,26.239404
1.0,53,26.241032
1.0,35,26.252218
1.0,9,26.252648
1.0,35,26.253683
1.0,18,26.254243
1.0,18,26.267511
1.0,51,26.269409
1.0,86,26.282467
1.0,35,26.283745
1.0,12,26.284213
1.0,68,26.28637
1.0,13,26.297439
1.0,25,26.29859
0.0,100,26.311903
1.0,17,26.312561
1.0,26,26.31343
1.0,45,26.314768
1.0,34,26.315774
1.0,23,26.316465
1.0,97,26.329447
1.0,26,26.33036
1.0,65,26.342387
1.0,34,26.343499
1.0,38,26.344621
1.0,37,26.345705
1.0,35,26.356882
1.0,10,26.35732
1.0,74,26.359448
1.0,19,26.360051
1.0,37,26.361138
1.0,60,26.373008
1.0,11,26.373469
1.0,8,26.37379
1.0,20,26.374478
1.0,20,26.375239
0.0,100,26.38971
1.0,30,26.391049
1.0,24,26.391809
1.0,59,26.393602
1.0,24,26.394362
1.0,36,26.406593
1.0,21,26.407346
1.0,41,26.410559
1.0,8,26.410861
1.0,14,26.41131
1.0,99,26.417579
1.0,21,26.418329
1.0,18,26.420908
1.0,24,26.42165
1.0,24,26.422372
1.0,52,26.4259
1.0,74,26.431548
1.0,65,26.438768
1.0,25,26.439758
1.0,40,26.441137
1.0,15,26.443769
1.0,20,26.444441
1.0,33,26.44542
1.0,61,26.450211
1.0,56,26.451871
1.0,14,26.452322
1.0,96,26.464364
1.0,58,26.466376
1.0,30,26.467351
1.0,36,26.468414
1.0,67,26.470344
1.0,50,26.47382
1.0,69,26.477985
1.0,15,26.478693
1.0,70,26.483987
1.0,20,26.486749
1.0,20,26.487376
1.0,13,26.487811
1.0,56,26.489427
1.0,45,26.494101
1.0,28,26.497634
1.0,81,26.502037
1.0,17,26.502586
1.0,21,26.505245
1.0,27,26.506058
1.0,21,26.509908
1.0,91,26.51473
1.0,52,26.517309
1.0,61,26.521088
1.0,86,26.525545
1.0,15,26.527057
1.0,7,26.527317
1.0,41,26.530856
1.0,52,26.53458
1.0,75,26.539804
1.0,35,26.540872
1.0,48,26.542321
1.0,9,26.544909
1.0,69,26.549534
1.0,26,26.550363
1.0,23,26.553082
1.0,21,26.553742
1.0,25,26.55449
1.0,46,26.558014
0.0,100,26.567456
1.0,30,26.568451
1.0,21,26.569101
1.0,33,26.570081
1.0,45,26.571382
1.0,86,26.58419
1.0,23,26.58503
1.0,29,26.585902
1.0,16,26.586405
1.0,29,26.587296
1.0,59,26.588997
1.0,71,26.593144
1.0,18,26.593796
1.0,34,26.596966
1.0,15,26.597743
1.0,11,26.598115
1.0,6,26.598344
1.0,57,26.60243
1.0,27,26.607592
1.0,30,26.608567
1.0,13,26.608997
1.0,54,26.61056
1.0,39,26.611732
1.0,56,26.617823
1.0,54,26.621649
1.0,56,26.625502
1.0,16,26.62611
1.0,53,26.630046
1.0,18,26.630954
1.0,43,26.632312
1.0,33,26.633315
1.0,58,26.64817
0.0,100,26.651466
1.0,32,26.662902
1.0,13,26.663511
1.0,36,26.664745
1.0,88,26.678051
1.0,13,26.678797
1.0,18,26.679446
1.0,54,26.681223
1.0,19,26.692178
1.0,34,26.693429
1.0,41,26.69486
1.0,29,26.695937
1.0,23,26.706991
1.0,35,26.708289
1.0,67,26.71055
1.0,32,26.712122
1.0,21,26.712975
1.0,27,26.713924
1.0,40,26.715295
1.0,38,26.727983
1.0,26,26.729117
1.0,13,26.729631
1.0,34,26.730783
1.0,35,26.742341
1.0,52,26.744338
0.0,100,26.762825
1.0,48,26.764414
1.0,15,26.765026
1.0,47,26.766565
1.0,22,26.772485
1.0,22,26.773239
1.0,59,26.775199
1.0,23,26.787434
1.0,26,26.788529
1.0,48,26.790217
1.0,12,26.793068
1.0,30,26.794204
1.0,39,26.797515
1.0,16,26.798117
1.0,23,26.800965
1.0,56,26.806881
1.0,29,26.808071
1.0,93,26.813892
1.0,87,26.824202
1.0,76,26.826883
1.0,42,26.828282
1.0,12,26.828731
1.0,18,26.837579
1.0,33,26.838777
1.0,57,26.84066
1.0,33,26.852199
1.0,70,26.85688
1.0,15,26.857532
1.0,31,26.858544
1.0,12,26.858985
1.0,42,26.863649
1.0,46,26.867445
1.0,55,26.871179
1.0,20,26.871853
1.0,43,26.876301
1.0,67,26.87854
1.0,24,26.879426
1.0,13,26.881885
1.0,40,26.883067
1.0,37,26.886167
1.0,36,26.888287
1.0,35,26.889373
1.0,26,26.892173
1.0,58,26.895875
1.0,23,26.896579
1.0,16,26.898097
1.0,11,26.898464
1.0,65,26.902346
1.0,30,26.90326
1.0,23,26.905973
1.0,59,26.908687
1.0,66,26.912586
1.0,97,26.918373
0.0,100,26.927296
1.0,44,26.928664
1.0,81,26.930982
1.0,75,26.936766
1.0,54,26.940353
1.0,25,26.941124
1.0,70,26.945635
1.0,35,26.948783
1.0,25,26.949539
1.0,15,26.950028
1.0,18,26.950586
0.0,100,26.957781
1.0,51,26.959587
1.0,40,26.965054
1.0,25,26.965822
1.0,55,26.970758
1.0,20,26.973776
1.0,59,26.976969
1.0,13,26.977481
1.0,19,26.978079
1.0,27,26.980903
1.0,23,26.981602
1.0,49,26.985493
1.0,49,26.99037
1.0,62,26.994279
0.0,100,27.000532
1.0,26,27.001518
1.0,26,27.004357
1.0,20,27.004992
1.0,54,27.007559
1.0,47,27.010946
1.0,66,27.014945
1.0,82,27.019325
1.0,24,27.020072
1.0,35,27.023113
1.0,23,27.023824
1.0,43,27.027086
1.0,49,27.028511
1.0,75,27.036699
1.0,10,27.037287
1.0,26,27.038081
1.0,33,27.039061
1.0,16,27.039566
1.0,44,27.042868
1.0,14,27.043322
1.0,83,27.054801
1.0,32,27.055856
0.0,100,27.058722
1.0,53,27.06026
1.0,29,27.061133
1.0,36,27.06421
1.0,6,27.064447
1.0,48,27.06694
1.0,24,27.069729
1.0,19,27.070319
1.0,15,27.070806
1.0,41,27.074295
1.0,41,27.076844
1.0,75,27.08107
1.0,22,27.084002
1.0,10,27.084531
1.0,24,27.085342
1.0,34,27.087502
1.0,97,27.097871
1.0,13,27.098511
1.0,17,27.099172
1.0,17,27.099819
1.0,46,27.101365
1.0,25,27.102305
1.0,42,27.106884
1.0,13,27.107428
1.0,35,27.11165
1.0,50,27.113384
1.0,14,27.113965
1.0,24,27.116964
0.0,100,27.122468
1.0,14,27.125177
1.0,27,27.126081
1.0,63,27.130063
1.0,27,27.133253
1.0,6,27.133643
1.0,63,27.13772
1.0,13,27.141206
1.0,79,27.147735
1.0,56,27.149452
1.0,69,27.151435
1.0,45,27.162946
1.0,24,27.163822
1.0,37,27.164914
1.0,33,27.165895
1.0,19,27.16648
1.0,62,27.178484
1.0,32,27.179547
1.0,64,27.181398
1.0,24,27.184315
0.0,100,27.196943
1.0,37,27.198189
1.0,51,27.199687
1.0,14,27.200142
1.0,30,27.201036
1.0,29,27.201909
1.0,57,27.203544
1.0,16,27.206326
1.0,15,27.208147
1.0,16,27.208707
1.0,15,27.209185
1.0,44,27.213875
1.0,8,27.21439
1.0,8,27.21685
1.0,43,27.21824
0.0,100,27.224303
1.0,19,27.227321
1.0,18,27.228125
1.0,84,27.237178
1.0,54,27.238978
1.0,15,27.239647
1.0,18,27.240271
1.0,46,27.243894
1.0,21,27.244904
1.0,21,27.245557
1.0,14,27.248337
1.0,55,27.252342
1.0,29,27.253317
1.0,54,27.25839
1.0,35,27.261976
1.0,8,27.262409
1.0,9,27.262745
1.0,13,27.263168
1.0,16,27.26368
1.0,59,27.270921
1.0,98,27.278289
1.0,78,27.287244
1.0,6,27.287808
1.0,15,27.28836
1.0,68,27.290621
0.0,100,27.304079
1.0,13,27.304814
1.0,24,27.305661
1.0,8,27.306021
1.0,13,27.306487
1.0,16,27.307055
1.0,83,27.309431
1.0,30,27.310327
1.0,23,27.31308
1.0,24,27.313846
1.0,45,27.317303
1.0,58,27.321534
1.0,7,27.321945
0.0,100,27.334109
1.0,24,27.337432
1.0,22,27.338462
1.0,32,27.339598
1.0,28,27.340642
1.0,17,27.341287
1.0,55,27.348383
1.0,9,27.357269
1.0,9,27.357801
1.0,65,27.359895
1.0,23,27.360851
1.0,15,27.361426
1.0,49,27.378118
1.0,40,27.379484
1.0,57,27.381335
1.0,84,27.394255
1.0,15,27.394859
1.0,20,27.395472
1.0,28,27.396313
0.0,100,27.412739
1.0,96,27.415761
1.0,23,27.416495
1.0,35,27.427702
1.0,91,27.430372
0.0,100,27.437252
1.0,11,27.437703
1.0,25,27.438457
1.0,20,27.439085
1.0,28,27.439928
1.0,33,27.446058
1.0,48,27.447592
1.0,32,27.45092
1.0,55,27.454781
1.0,45,27.456139
1.0,74,27.460384
1.0,20,27.461111
1.0,26,27.46611
1.0,85,27.468669
0.0,100,27.47666
1.0,17,27.477582
1.0,31,27.4787
1.0,81,27.484286
1.0,82,27.489075
1.0,28,27.493341
1.0,36,27.496935
1.0,24,27.498023
1.0,68,27.502414
1.0,42,27.505809
1.0,29,27.508739
1.0,39,27.509892
1.0,14,27.510341
1.0,12,27.512892
1.0,86,27.517716
1.0,11,27.518194
1.0,87,27.526759
1.0,18,27.527542
1.0,17,27.528203
1.0,41,27.529564
1.0,27,27.530599
1.0,65,27.534671
1.0,14,27.535178
1.0,48,27.538577
1.0,39,27.541765
1.0,20,27.542458
1.0,28,27.543393
1.0,18,27.546031
1.0,37,27.548168
1.0,6,27.548404
1.0,7,27.54867
1.0,64,27.552517
1.0,21,27.553181
1.0,41,27.556393
1.0,56,27.559023
1.0,29,27.561908
1.0,90,27.566479
1.0,83,27.571886
1.0,77,27.576119
1.0,94,27.586988
1.0,23,27.587998
1.0,14,27.58845
1.0,11,27.588827
1.0,33,27.589809
1.0,34,27.590845
1.0,18,27.591404
1.0,31,27.592325
1.0,94,27.60721
1.0,34,27.608352
1.0,19,27.608953
1.0,24,27.609684
1.0,27,27.610488
1.0,36,27.611556
1.0,9,27.622047
1.0,37,27.623324
1.0,39,27.624685
1.0,47,27.626283
1.0,45,27.630092
1.0,78,27.637077
1.0,40,27.640373
1.0,12,27.640791
1.0,16,27.641294
1.0,46,27.645821
1.0,40,27.647398
1.0,39,27.652014
1.0,43,27.653376
1.0,25,27.65414
1.0,53,27.657812
1.0,25,27.660968
1.0,31,27.662156
1.0,19,27.662856
1.0,30,27.666873
1.0,14,27.667375
1.0,14,27.669846
1.0,10,27.670192
1.0,16,27.670706
1.0,35,27.674045
1.0,9,27.674643
1.0,11,27.675062
1.0,93,27.680813
1.0,23,27.683618
1.0,36,27.684714
1.0,31,27.686732
1.0,70,27.691301
1.0,37,27.69506
1.0,32,27.697168
1.0,26,27.700293
1.0,52,27.70443
1.0,11,27.705027
1.0,22,27.706747
1.0,64,27.710762
1.0,11,27.711216
1.0,32,27.714317
1.0,6,27.714648
1.0,13,27.715068
1.0,26,27.716998
1.0,30,27.720365
1.0,85,27.725206
0.0,100,27.731214
1.0,15,27.734032
1.0,11,27.734632
1.0,68,27.737709
1.0,28,27.738595
1.0,64,27.745899
0.0,100,27.751391
1.0,51,27.755059
1.0,23,27.756807
1.0,41,27.760399
1.0,29,27.761581
1.0,51,27.765552
1.0,39,27.769945
1.0,31,27.770905
1.0,20,27.771517
1.0,37,27.774985
1.0,9,27.775533
1.0,24,27.776373
0.0,100,27.787071
1.0,17,27.792858
1.0,33,27.793955
1.0,45,27.795274
1.0,57,27.803443
1.0,23,27.804271
1.0,44,27.80563
1.0,20,27.80626
1.0,35,27.817549
1.0,60,27.819477
1.0,14,27.819989
1.0,36,27.821105
1.0,23,27.823977
1.0,7,27.824318
1.0,35,27.82535
0.0,100,27.831342
1.0,16,27.834036
1.0,47,27.835508
1.0,60,27.840293
1.0,66,27.842234
1.0,79,27.846484
1.0,10,27.848905
1.0,40,27.850163
1.0,40,27.851389
1.0,94,27.858142
1.0,13,27.860629
1.0,15,27.861159
1.0,59,27.862987
1.0,29,27.866962
1.0,34,27.87026
1.0,10,27.870824
1.0,40,27.874367
1.0,9,27.874924
1.0,28,27.876936
1.0,30,27.879914
1.0,17,27.880454
1.0,43,27.881719
1.0,13,27.882177
1.0,19,27.885068
1.0,16,27.885793
1.0,15,27.886332
1.0,10,27.888966
1.0,47,27.892834
1.0,43,27.894188
1.0,79,27.90112
1.0,82,27.907544
1.0,27,27.908468
1.0,41,27.913137
1.0,19,27.916232
1.0,30,27.917366
1.0,67,27.921788
1.0,7,27.922145
1.0,9,27.922457
0.0,100,27.935781
1.0,51,27.937382
1.0,11,27.937765
1.0,19,27.938352
1.0,21,27.939009
1.0,16,27.939513
1.0,16,27.940027
1.0,29,27.9409
1.0,46,27.942304
1.0,28,27.945575
1.0,76,27.949904
1.0,46,27.953269
1.0,14,27.953741
1.0,41,27.956995
1.0,33,27.958141
1.0,32,27.961515
1.0,47,27.965069
1.0,17,27.965621
1.0,17,27.966152
1.0,15,27.969773
1.0,9,27.970294
1.0,8,27.970632
1.0,24,27.971372
1.0,45,27.974739
1.0,24,27.975477
1.0,45,27.987174
1.0,20,27.988043
1.0,30,27.989107
0.0,100,28.002412
1.0,28,28.00372
1.0,28,28.004734
1.0,84,28.017818
1.0,57,28.019924
1.0,35,28.021265
1.0,19,28.032154
1.0,11,28.032638
1.0,32,28.033721
1.0,24,28.03464
1.0,24,28.035393
0.0,100,28.048419
1.0,26,28.049309
1.0,50,28.050763
1.0,55,28.062566
1.0,46,28.064095
1.0,12,28.064502
1.0,21,28.065155
1.0,55,28.076963
1.0,17,28.077652
1.0,20,28.078295
1.0,64,28.080215
1.0,40,28.081462
1.0,10,28.091968
1.0,37,28.09318
1.0,24,28.093945
1.0,58,28.095688
1.0,26,28.096514
1.0,58,28.108336
1.0,70,28.110419
1.0,31,28.111348
1.0,24,28.122236
1.0,19,28.12294
1.0,26,28.123726
1.0,34,28.124732
1.0,27,28.125534
1.0,13,28.125965
1.0,42,28.137367
1.0,60,28.139409
1.0,32,28.140383
1.0,24,28.141122
1.0,19,28.144109
0.0,100,28.150669
1.0,20,28.151559
0.0,100,28.160193
1.0,30,28.161204
1.0,58,28.166309
1.0,72,28.171124
1.0,43,28.174667
1.0,30,28.176662
1.0,24,28.177465
1.0,57,28.182669
1.0,32,28.186143
1.0,7,28.186597
1.0,19,28.187222
1.0,21,28.189885
0.0,100,28.195139
0.0,100,28.201722
1.0,40,28.20501
1.0,11,28.205386
0.0,100,28.21033
1.0,23,28.2133
1.0,45,28.217057
1.0,16,28.217709
1.0,92,28.222334
1.0,26,28.225163
1.0,20,28.225804
1.0,75,28.230368
1.0,8,28.233017
1.0,9,28.233401
1.0,49,28.236992
1.0,23,28.240979
1.0,67,28.243334
1.0,36,28.244586
1.0,9,28.245018
1.0,20,28.249864
1.0,69,28.251951
1.0,68,28.256063
1.0,14,28.258656
1.0,39,28.26035
1.0,28,28.263445
1.0,21,28.264182
1.0,24,28.266999
0.0,100,28.277077
1.0,67,28.279117
1.0,87,28.28159
1.0,36,28.284937
1.0,29,28.287154
1.0,40,28.290663
1.0,12,28.291492
1.0,38,28.29468
1.0,62,28.296468
1.0,47,28.301177
1.0,63,28.305602
1.0,15,28.307278
1.0,10,28.309633
1.0,13,28.310063
1.0,63,28.314137
1.0,53,28.317215
1.0,19,28.320346
1.0,43,28.325082
1.0,24,28.325911
1.0,64,28.330083
1.0,27,28.331059
1.0,55,28.33622
1.0,100,28.342542
0.0,100,28.355195
1.0,12,28.355751
1.0,12,28.356152
1.0,39,28.357319
1.0,35,28.358366
1.0,72,28.36044
1.0,19,28.361042
1.0,17,28.361576
1.0,11,28.365043
1.0,24,28.365827
1.0,11,28.366199
1.0,58,28.369907
1.0,38,28.37104
1.0,13,28.371462
1.0,28,28.374318
1.0,28,28.375171
1.0,26,28.376982
1.0,96,28.382888
1.0,16,28.383482
1.0,14,28.38595
1.0,22,28.386651
1.0,29,28.387509
1.0,64,28.391355
1.0,14,28.39492
1.0,49,28.396479
1.0,24,28.397251
1.0,66,28.401164
1.0,26,28.403977
1.0,12,28.40438
1.0,49,28.40685
1.0,25,28.410805
1.0,29,28.411816
1.0,43,28.413086
1.0,19,28.415822
1.0,17,28.416442
1.0,61,28.420646
1.0,36,28.421966
1.0,20,28.425834
1.0,16,28.42648
1.0,73,28.43078
1.0,18,28.431454
1.0,17,28.434277
1.0,59,28.436362
1.0,32,28.439576
1.0,40,28.443054
1.0,11,28.44379
1.0,53,28.447705
1.0,21,28.448618
1.0,34,28.452113
1.0,27,28.452962
1.0,27,28.455898
1.0,21,28.457645
1.0,52,28.459157
1.0,57,28.464202
1.0,33,28.46746
1.0,29,28.468431
1.0,68,28.472492
1.0,77,28.479039
1.0,49,28.480507
1.0,20,28.481132
1.0,22,28.483819
1.0,39,28.484969
1.0,20,28.48558
1.0,92,28.492755
1.0,39,28.495999
1.0,42,28.498243
1.0,19,28.498841
1.0,11,28.499206
1.0,15,28.501704
1.0,73,28.506216
1.0,19,28.508025
1.0,14,28.508481
1.0,75,28.512783
1.0,12,28.513266
1.0,14,28.51588
1.0,44,28.518444
1.0,13,28.519071
1.0,40,28.522455
1.0,7,28.522819
1.0,9,28.523132
1.0,24,28.526026
1.0,23,28.527929
1.0,45,28.529295
1.0,29,28.532465
1.0,24,28.533446
1.0,55,28.538458
1.0,48,28.542125
1.0,74,28.547587
1.0,18,28.549294
1.0,45,28.553053
1.0,86,28.558062
1.0,72,28.562299
1.0,36,28.566969
1.0,14,28.569923
0.0,100,28.575069
1.0,55,28.580165
1.0,44,28.581875
1.0,43,28.585545
1.0,12,28.586188
1.0,8,28.58653
1.0,44,28.589846
1.0,23,28.590553
1.0,38,28.595954
1.0,62,28.598195
1.0,11,28.600951
1.0,24,28.601871
1.0,26,28.604801
1.0,35,28.605926
1.0,38,28.610372
0.0,100,28.616699
1.0,37,28.620146
1.0,10,28.620616
1.0,19,28.621205
1.0,20,28.624086
1.0,11,28.624684
1.0,47,28.627234
1.0,15,28.629955
1.0,60,28.633931
1.0,54,28.635587
1.0,53,28.640727
1.0,20,28.643653
1.0,22,28.644456
1.0,39,28.646624
1.0,24,28.647357
1.0,23,28.65007
1.0,66,28.654284
1.0,13,28.654967
1.0,33,28.657753
1.0,63,28.66165
1.0,57,28.663296
1.0,48,28.667786
1.0,27,28.668663
1.0,17,28.669194
1.0,11,28.669558
1.0,99,28.675459
1.0,39,28.678713
1.0,57,28.680382
1.0,34,28.681408
1.0,13,28.681842
1.0,63,28.697833
1.0,69,28.699911
1.0,9,28.700226
1.0,19,28.700831
1.0,22,28.701522
1.0,30,28.714804
1.0,21,28.715668
1.0,30,28.71663
1.0,38,28.717766
1.0,32,28.718721
1.0,48,28.720115
1.0,19,28.720713
1.0,16,28.721213
1.0,11,28.721577
1.0,41,28.726115
1.0,35,28.728451
1.0,31,28.729698
1.0,39,28.736154
1.0,41,28.737502
1.0,91,28.743647
1.0,21,28.744593
1.0,21,28.745358
1.0,42,28.756796
1.0,8,28.757197
1.0,16,28.757721
1.0,13,28.758143
1.0,58,28.760041
1.0,29,28.760917
1.0,72,28.772101
1.0,31,28.77312
1.0,57,28.778801
1.0,36,28.779977
0.0,100,28.785065
1.0,36,28.788249
1.0,16,28.788776
1.0,12,28.789173
1.0,60,28.793094
1.0,18,28.796132
1.0,97,28.802147
1.0,19,28.804804
1.0,43,28.806069
1.0,30,28.809273
1.0,24,28.810288
1.0,10,28.812861
1.0,11,28.813321
1.0,15,28.813813
1.0,97,28.826079
1.0,58,28.828053
1.0,43,28.829318
1.0,16,28.829834
1.0,22,28.830501
1.0,52,28.832061
1.0,22,28.835125
1.0,42,28.838979
1.0,54,28.844208
1.0,11,28.844834
1.0,43,28.846258
1.0,39,28.848618
1.0,17,28.849214
1.0,50,28.853012
1.0,40,28.858962
1.0,38,28.860533
1.0,18,28.861263
1.0,36,28.864424
1.0,16,28.866106
1.0,13,28.866533
1.0,30,28.868665
1.0,13,28.869318
0.0,100,28.877803
1.0,11,28.878273
1.0,63,28.882163
1.0,43,28.885905
1.0,6,28.886336
1.0,7,28.888635
1.0,12,28.889049
1.0,23,28.889755
1.0,37,28.892888
1.0,12,28.893314
1.0,33,28.89429
1.0,8,28.894575
1.0,30,28.897589
1.0,30,28.900943
1.0,48,28.904642
1.0,10,28.905013
1.0,45,28.90632
1.0,17,28.907866
1.0,46,28.9092
1.0,46,28.912661
1.0,16,28.913368
1.0,24,28.916429
1.0,72,28.921918
1.0,9,28.922326
1.0,25,28.925238
1.0,30,28.926229
1.0,29,28.930516
1.0,36,28.931915
1.0,69,28.937116
1.0,54,28.938794
1.0,19,28.939379
1.0,24,28.940117
1.0,47,28.941474
1.0,44,28.952934
1.0,12,28.953421
1.0,48,28.954827
1.0,17,28.955357
1.0,33,28.956422
0.0,100,28.969795
1.0,8,28.973074
1.0,12,28.973549
1.0,31,28.974568
1.0,9,28.97715
1.0,48,28.978577
1.0,14,28.98125
1.0,9,28.981594
1.0,25,28.982439
1.0,22,28.985661
1.0,12,28.986323
1.0,18,28.991203
1.0,61,28.993053
1.0,39,28.994201
1.0,11,28.994568
1.0,53,28.99836
1.0,23,29.001536
1.0,70,29.005715
1.0,27,29.006562
1.0,39,29.009764
1.0,7,29.010051
1.0,15,29.010526
1.0,11,29.013039
1.0,25,29.013952
1.0,10,29.014301
1.0,50,29.017812
1.0,29,29.020757
1.0,37,29.021876
1.0,13,29.022299
1.0,14,29.024793
1.0,20,29.025437
1.0,46,29.029869
1.0,38,29.031053
1.0,76,29.035274
0.0,100,29.041268
1.0,8,29.043646
1.0,9,29.043969
1.0,20,29.044586
1.0,45,29.046954
1.0,10,29.047372
1.0,29,29.050624
0.0,100,29.05676
1.0,8,29.057117
1.0,20,29.059753
1.0,28,29.060591
1.0,34,29.061597
1.0,83,29.067557
1.0,21,29.070321
1.0,22,29.071202
1.0,40,29.072377
1.0,40,29.07556
1.0,34,29.076575
1.0,20,29.081626
1.0,33,29.082829
1.0,21,29.083467
1.0,40,29.086677
1.0,46,29.090081
1.0,92,29.095001
1.0,27,29.096926
1.0,41,29.100348
1.0,55,29.104497
1.0,36,29.10691
1.0,36,29.11007
1.0,20,29.110703
1.0,35,29.113997
1.0,36,29.115382
1.0,26,29.117499
1.0,17,29.120572
1.0,58,29.122468
1.0,34,29.125521
1.0,18,29.126098
1.0,56,29.130112
1.0,56,29.135339
1.0,70,29.140552
1.0,32,29.141574
1.0,58,29.146682
1.0,42,29.148002
1.0,16,29.148509
1.0,15,29.151003
1.0,10,29.151348
1.0,13,29.151777
0.0,100,29.163717
1.0,28,29.16473
1.0,21,29.165371
1.0,72,29.167441
1.0,18,29.16801
1.0,71,29.170236
1.0,15,29.173139
1.0,11,29.173736
1.0,73,29.186215
1.0,7,29.186789
1.0,20,29.187475
1.0,26,29.188377
0.0,100,29.191636
1.0,26,29.195007
1.0,43,29.198635
1.0,16,29.199224
1.0,17,29.199768
1.0,71,29.204118
1.0,36,29.207862
1.0,52,29.212904
1.0,29,29.21388
1.0,18,29.214438
1.0,64,29.218498
1.0,21,29.219394
1.0,11,29.222053
1.0,52,29.225791
1.0,40,29.228173
1.0,97,29.236724
1.0,17,29.23743
0.0,100,29.242826
1.0,81,29.248473
1.0,39,29.252062
1.0,35,29.253207
1.0,37,29.262717
1.0,83,29.265396
1.0,37,29.266528
1.0,18,29.277332
1.0,27,29.2783
1.0,41,29.27951
1.0,19,29.280115
1.0,31,29.281049
1.0,24,29.292012
1.0,15,29.292672
1.0,17,29.293286
1.0,16,29.293893
1.0,20,29.29459
1.0,25,29.295484
1.0,18,29.302438
1.0,20,29.303324
1.0,35,29.307849
0.0,100,29.311056
1.0,40,29.322654
1.0,11,29.323152
1.0,22,29.323903
1.0,9,29.324281
1.0,43,29.325726
1.0,32,29.337017
1.0,30,29.338024
1.0,31,29.338948
1.0,21,29.339586
1.0,14,29.34004
1.0,20,29.34066
1.0,66,29.35271
1.0,47,29.354174
1.0,11,29.354543
1.0,74,29.366832
1.0,71,29.368982
1.0,43,29.370238
1.0,24,29.370968
1.0,25,29.382095
1.0,22,29.383081
1.0,47,29.384455
1.0,22,29.385135
1.0,40,29.386303
1.0,9,29.396864
1.0,68,29.399583
1.0,39,29.400998
1.0,95,29.414368
1.0,53,29.418212
1.0,44,29.421772
1.0,55,29.425618
1.0,20,29.426327
1.0,18,29.429185
1.0,36,29.430539
1.0,40,29.434946
1.0,40,29.437269
1.0,58,29.44121
1.0,25,29.443449
1.0,47,29.447045
1.0,52,29.450811
1.0,86,29.455517
1.0,46,29.460126
1.0,58,29.461923
1.0,59,29.466789
1.0,42,29.468151
1.0,81,29.472628
1.0,64,29.477773
1.0,29,29.482092
1.0,67,29.486226
1.0,48,29.489767
1.0,31,29.490728
1.0,42,29.493998
1.0,40,29.495205
1.0,47,29.499943
1.0,51,29.501775
1.0,19,29.502426
1.0,37,29.505558
1.0,23,29.506295
1.0,85,29.516982
1.0,22,29.517808
1.0,16,29.518312
1.0,36,29.519429
1.0,22,29.520257
1.0,11,29.520746
1.0,95,29.526663
1.0,77,29.531554
0.0,100,29.539771
1.0,20,29.540408
1.0,33,29.541392
1.0,27,29.542282
1.0,56,29.547223
1.0,9,29.550014
1.0,15,29.551057
1.0,14,29.551618
1.0,59,29.555346
1.0,88,29.560898
1.0,25,29.564267
1.0,45,29.566682
1.0,59,29.570712
1.0,32,29.573913
1.0,9,29.574239
1.0,40,29.575413
1.0,7,29.576705
1.0,56,29.580367
1.0,27,29.581199
1.0,30,29.584107
1.0,27,29.584928
1.0,54,29.587488
1.0,29,29.590372
1.0,32,29.591324
1.0,23,29.594037
1.0,24,29.594774
1.0,20,29.595386
1.0,53,29.599936
1.0,44,29.601241
1.0,12,29.601645
1.0,14,29.602093
1.0,35,29.60513
1.0,76,29.609315
1.0,69,29.613309
1.0,34,29.614323
1.0,40,29.617507
1.0,21,29.618168
1.0,19,29.62077
1.0,28,29.621615
1.0,26,29.622392
1.0,86,29.634997
1.0,31,29.636043
1.0,15,29.636518
1.0,43,29.63781
1.0,18,29.638437
1.0,21,29.639175
1.0,19,29.639879
1.0,15,29.640417
1.0,40,29.643791
1.0,35,29.644944
1.0,11,29.645314
1.0,34,29.647337
1.0,38,29.650518
1.0,41,29.654211
1.0,31,29.655198
1.0,11,29.655567
1.0,32,29.660671
1.0,53,29.662854
1.0,59,29.667076
1.0,28,29.670029
0.0,100,29.675073
1.0,17,29.676736
1.0,17,29.677331
1.0,42,29.681054
1.0,27,29.685315
1.0,25,29.686347
1.0,14,29.686925
1.0,44,29.688214
1.0,44,29.691514
1.0,23,29.692289
1.0,27,29.695471
1.0,6,29.695864
1.0,68,29.701044
1.0,45,29.707816
1.0,49,29.709498
1.0,49,29.71099
1.0,30,29.722109
1.0,14,29.722675
1.0,42,29.724024
1.0,36,29.725308
1.0,56,29.737277
1.0,23,29.738096
1.0,27,29.738913
1.0,22,29.739675
1.0,46,29.741228
1.0,23,29.744429
1.0,27,29.745573
1.0,17,29.747249
1.0,82,29.756731
1.0,38,29.758104
1.0,11,29.758475
1.0,25,29.759444
1.0,37,29.760538
1.0,14,29.761
1.0,21,29.763853
1.0,7,29.764291
1.0,8,29.764601
1.0,39,29.765889
1.0,12,29.766433
1.0,17,29.769311
1.0,53,29.773284
1.0,26,29.774182
1.0,39,29.775322
1.0,48,29.78015
1.0,94,29.787596
1.0,30,29.790721
1.0,49,29.792377
1.0,43,29.797034
1.0,41,29.800792
1.0,23,29.803985
1.0,55,29.806992
1.0,38,29.810347
1.0,12,29.810843
1.0,8,29.811126
1.0,17,29.813943
1.0,78,29.819991
1.0,65,29.822272
1.0,8,29.824651
1.0,24,29.825395
1.0,46,29.828985
1.0,23,29.829958
1.0,24,29.833063
1.0,11,29.833682
1.0,20,29.834389
1.0,9,29.836921
1.0,10,29.837353
1.0,60,29.842566
1.0,47,29.846092
1.0,51,29.849907
1.0,57,29.853885
1.0,78,29.857276
0.0,100,29.867841
1.0,16,29.868656
1.0,32,29.869601
1.0,52,29.871116
1.0,20,29.871755
1.0,31,29.875903
1.0,13,29.876445
1.0,40,29.877654
1.0,74,29.881067
1.0,41,29.884751
1.0,37,29.8862
1.0,98,29.894839
1.0,50,29.907889
1.0,27,29.908886
1.0,24,29.909667
1.0,21,29.910345
1.0,18,29.910949
1.0,28,29.922025
1.0,38,29.923393
1.0,71,29.925772
1.0,41,29.929527
1.0,80,29.934535
1.0,21,29.935401
1.0,61,29.940445
1.0,70,29.945063
1.0,36,29.95048
1.0,26,29.951355
1.0,24,29.952108
1.0,27,29.955974
1.0,15,29.956487
1.0,62,29.96372
0.0,100,29.972117
1.0,27,29.973183
1.0,58,29.974903
1.0,18,29.97555
0.0,100,29.989053
1.0,31,29.990228
1.0,10,29.990583
1.0,29,29.991448
1.0,46,29.998234
1.0,13,30.002
1.0,22,30.002786
1.0,46,30.004125
1.0,36,30.007352
1.0,7,30.007714
1.0,38,30.010985
1.0,13,30.011501
1.0,49,30.016171
1.0,15,30.016821
1.0,12,30.017219
1.0,37,30.018306
0.0,100,30.027565
1.0,21,30.028347
1.0,40,30.029586
1.0,61,30.03142
1.0,28,30.035449
0.0,100,30.040616
1.0,25,30.04155
1.0,15,30.044291
1.0,15,30.044988
1.0,28,30.047996
1.0,6,30.048313
1.0,24,30.049046
1.0,59,30.052893
1.0,28,30.053945
1.0,56,30.059892
1.0,17,30.060567
1.0,24,30.063582
1.0,62,30.067522
1.0,33,30.068795
1.0,16,30.069453
1.0,54,30.073321
1.0,40,30.07775
1.0,18,30.078385
1.0,21,30.081051
1.0,26,30.081849
1.0,14,30.082299
1.0,35,30.085356
1.0,52,30.088946
1.0,28,30.089876
1.0,49,30.093432
1.0,14,30.094192
1.0,68,30.098312
1.0,38,30.101684
1.0,38,30.105057
1.0,12,30.105561
1.0,29,30.106436
1.0,23,30.110322
1.0,18,30.111004
1.0,72,30.113068
1.0,53,30.117833
1.0,28,30.120905
1.0,70,30.125054
1.0,64,30.128961
1.0,27,30.129787
1.0,34,30.132795
1.0,35,30.133834
1.0,64,30.137687
1.0,50,30.141139
1.0,13,30.141567
1.0,36,30.144629
1.0,30,30.145519
1.0,14,30.145976
1.0,85,30.150396
1.0,46,30.153764
1.0,89,30.158396
1.0,69,30.162441
1.0,15,30.164945
1.0,35,30.165979
1.0,46,30.169619
1.0,92,30.175558
1.0,61,30.179556
1.0,64,30.181471
1.0,26,30.184597
1.0,19,30.185435
1.0,10,30.187937
1.0,50,30.189465
1.0,30,30.192518
1.0,45,30.196113
1.0,13,30.199355
1.0,25,30.200357
1.0,17,30.203129
1.0,24,30.203949
1.0,17,30.204479
1.0,90,30.216464
1.0,21,30.217291
1.0,18,30.217876
1.0,18,30.218436
1.0,14,30.218895
1.0,42,30.22012
1.0,20,30.220748
1.0,19,30.221333
1.0,20,30.221956
1.0,21,30.222595
1.0,17,30.225152
1.0,28,30.225991
1.0,24,30.228745
1.0,51,30.230227
1.0,18,30.232805
1.0,53,30.234333
1.0,14,30.236808
1.0,9,30.237123
1.0,25,30.237882
0.0,100,30.246769
1.0,21,30.24748
1.0,15,30.247976
1.0,89,30.250501
1.0,18,30.251073
1.0,44,30.254358
1.0,44,30.257663
1.0,11,30.258039
1.0,25,30.258797
1.0,76,30.263976
1.0,22,30.266782
0.0,100,30.271847
1.0,44,30.273236
0.0,100,30.278243
1.0,17,30.281048
0.0,100,30.286186
1.0,88,30.297177
1.0,18,30.298148
1.0,16,30.298666
1.0,58,30.300515
1.0,36,30.303841
1.0,39,30.305047
1.0,14,30.305496
1.0,61,30.31028
1.0,63,30.312229
1.0,29,30.31547
1.0,34,30.319735
1.0,6,30.320055
1.0,70,30.324354
1.0,38,30.326915
1.0,19,30.329925
0.0,100,30.335124
1.0,38,30.33742
1.0,93,30.347754
1.0,17,30.348379
1.0,26,30.349181
1.0,33,30.35016
1.0,38,30.35128
1.0,43,30.355924
1.0,20,30.35679
1.0,41,30.364858
1.0,16,30.36546
1.0,34,30.368838
1.0,6,30.36924
1.0,44,30.37792
1.0,48,30.381437
1.0,9,30.381783
1.0,63,30.390804
1.0,42,30.394237
1.0,26,30.395042
1.0,52,30.401429
1.0,40,30.408063
1.0,21,30.411015
1.0,28,30.411975
1.0,40,30.416094
1.0,77,30.426262
1.0,78,30.433728
1.0,18,30.434427
1.0,54,30.440697
1.0,10,30.441149
1.0,84,30.449248
1.0,42,30.455893
1.0,31,30.456965
1.0,16,30.457547
1.0,82,30.462404
1.0,27,30.46576
1.0,76,30.470189
1.0,34,30.473466
1.0,14,30.474137
1.0,86,30.486328
1.0,12,30.486949
1.0,11,30.487317
1.0,15,30.487803
1.0,14,30.488251
0.0,100,30.491103
1.0,16,30.491623
1.0,31,30.494906
1.0,62,30.499192
1.0,46,30.502852
1.0,51,30.506947
1.0,11,30.507565
1.0,32,30.511137
0.0,100,30.517493
1.0,94,30.527057
1.0,43,30.528427
1.0,56,30.532283
1.0,17,30.533082
1.0,55,30.537953
1.0,60,30.539827
1.0,38,30.54105
1.0,10,30.5415
1.0,12,30.552139
1.0,67,30.554716
1.0,13,30.555382
1.0,49,30.567148
1.0,55,30.568928
1.0,38,30.570116
1.0,8,30.57042
1.0,10,30.57281
1.0,47,30.574193
1.0,31,30.577201
1.0,41,30.580673
1.0,72,30.586334
1.0,53,30.588022
1.0,11,30.588395
1.0,33,30.589371
1.0,51,30.593007
1.0,14,30.593654
1.0,60,30.59969
1.0,48,30.603343
1.0,69,30.607793
1.0,44,30.60944
1.0,36,30.612807
0.0,100,30.618973
1.0,15,30.619565
1.0,20,30.62264
1.0,42,30.626473
1.0,24,30.628448
1.0,51,30.632105
1.0,9,30.632506
1.0,17,30.636223
1.0,59,30.63813
0.0,100,30.642994
1.0,81,30.648417
1.0,23,30.651201
1.0,40,30.652373
1.0,23,30.655376
1.0,16,30.655953
1.0,15,30.656451
1.0,40,30.65965
1.0,12,30.660056
1.0,82,30.66441
1.0,44,30.667742
1.0,41,30.669018
1.0,10,30.669377
1.0,69,30.673405
1.0,87,30.678937
1.0,24,30.681712
1.0,19,30.682326
1.0,33,30.683345
1.0,14,30.683826
1.0,54,30.688466
1.0,22,30.689206
1.0,44,30.692644
1.0,29,30.693575
1.0,36,30.697903
1.0,82,30.702573
1.0,50,30.708376
1.0,57,30.71005
1.0,63,30.715065
1.0,53,30.718911
1.0,8,30.71929
1.0,65,30.723289
1.0,44,30.726759
1.0,72,30.731899
1.0,88,30.734421
1.0,10,30.735781
1.0,17,30.736314
1.0,24,30.73805
1.0,26,30.738838
1.0,40,30.742017
1.0,84,30.746414
1.0,21,30.748088
1.0,37,30.749177
1.0,20,30.751809
1.0,10,30.752153
1.0,44,30.75343
1.0,24,30.757344
1.0,62,30.76116
0.0,100,30.76602
1.0,26,30.768829
1.0,37,30.769925
1.0,15,30.770399
1.0,84,30.776869
1.0,29,30.777823
1.0,14,30.778271
1.0,42,30.779489
1.0,17,30.783196
1.0,36,30.784354
1.0,33,30.785332
1.0,10,30.788859
1.0,76,30.791148
1.0,19,30.794933
1.0,40,30.796219
1.0,19,30.799978
1.0,14,30.800525
1.0,14,30.800994
1.0,16,30.801508
1.0,39,30.804811
1.0,26,30.805691
1.0,34,30.809805
1.0,24,30.81063
1.0,68,30.812709
1.0,94,30.818861
1.0,34,30.821971
1.0,62,30.825771
1.0,12,30.826173
1.0,15,30.827795
1.0,58,30.831913
1.0,40,30.833188
1.0,12,30.833582
1.0,40,30.837776
1.0,38,30.838904
1.0,34,30.841918
1.0,52,30.843524
1.0,20,30.846575
1.0,18,30.848234
1.0,34,30.849246
1.0,22,30.851938
1.0,15,30.852422
1.0,50,30.862038
1.0,11,30.862751
1.0,55,30.864336
1.0,17,30.864884
1.0,77,30.877315
1.0,43,30.878722
1.0,13,30.879147
1.0,16,30.879662
1.0,23,30.880354
1.0,45,30.887014
1.0,26,30.888143
1.0,9,30.888545
1.0,38,30.891906
1.0,18,30.89258
1.0,27,30.893398
1.0,21,30.894049
1.0,34,30.899227
1.0,39,30.900485
1.0,35,30.901523
1.0,35,30.906892
1.0,31,30.907974
1.0,68,30.909934
1.0,17,30.910468
1.0,62,30.916354
1.0,100,30.921813
1.0,19,30.92253
1.0,11,30.922915
1.0,17,30.923445
1.0,39,30.937767
0.0,100,30.940713
1.0,7,30.940978
1.0,18,30.941533
1.0,85,30.957423
1.0,6,30.957772
1.0,55,30.959353
1.0,60,30.961096
1.0,21,30.964025
1.0,14,30.964732
1.0,68,30.970086
1.0,55,30.972002
1.0,31,30.975147
1.0,13,30.975801
1.0,29,30.979052
1.0,91,30.984324
1.0,87,30.998352
1.0,58,31.000425
1.0,17,31.001143
1.0,31,31.01234
1.0,31,31.013516
1.0,32,31.016855
1.0,13,31.017591
1.0,26,31.018494
1.0,15,31.022334
1.0,9,31.022878
1.0,13,31.023357
1.0,45,31.024867
1.0,95,31.029956
1.0,37,31.035573
0.0,100,31.04739
1.0,39,31.048823
1.0,11,31.049275
1.0,59,31.051031
1.0,44,31.05236
1.0,90,31.058326
1.0,71,31.062793
1.0,19,31.063488
1.0,13,31.066055
1.0,79,31.069478
1.0,24,31.073662
1.0,40,31.077236
1.0,23,31.07804
1.0,49,31.081618
1.0,27,31.082512
1.0,36,31.086784
1.0,18,31.087558
1.0,18,31.088227
0.0,100,31.098055
1.0,29,31.099072
1.0,39,31.100223
1.0,67,31.106645
1.0,61,31.108654
1.0,20,31.109272
1.0,31,31.112379
1.0,45,31.117256
1.0,42,31.121207
1.0,49,31.125065
1.0,68,31.129402
1.0,49,31.133236
1.0,22,31.134201
1.0,13,31.136997
1.0,43,31.141643
1.0,6,31.142115
1.0,18,31.142689
1.0,28,31.14352
1.0,17,31.144065
1.0,60,31.148087
0.0,100,31.156862
1.0,51,31.158471
1.0,60,31.160201
1.0,26,31.166169
1.0,35,31.167391
1.0,56,31.169273
1.0,21,31.172238
1.0,14,31.172791
1.0,20,31.1734
1.0,20,31.174021
1.0,12,31.174412
1.0,21,31.180251
1.0,40,31.181539
1.0,52,31.185368
1.0,14,31.18594
1.0,33,31.188035
1.0,90,31.192882
1.0,84,31.205755
1.0,37,31.207052
1.0,30,31.207993
1.0,68,31.210013
1.0,18,31.210675
1.0,16,31.2112
1.0,23,31.21193
1.0,12,31.212337
1.0,41,31.213577
1.0,16,31.217257
1.0,14,31.219787
1.0,12,31.220212
1.0,26,31.221002
1.0,59,31.22476
1.0,17,31.225358
1.0,31,31.227381
1.0,37,31.230673
1.0,34,31.233788
1.0,23,31.234514
1.0,10,31.234869
1.0,31,31.23685
1.0,27,31.239848
1.0,51,31.241433
1.0,68,31.245488
1.0,54,31.249247
1.0,47,31.25079
1.0,43,31.256199
1.0,45,31.257628
0.0,100,31.263573
1.0,16,31.267269
1.0,47,31.269135
1.0,43,31.270431
1.0,13,31.270881
0.0,100,31.283904
1.0,10,31.284378
1.0,44,31.28571
1.0,8,31.286016
1.0,30,31.286933
1.0,22,31.287616
1.0,84,31.29001
1.0,16,31.290515
1.0,54,31.294083
1.0,30,31.296491
1.0,25,31.298283
1.0,85,31.302817
1.0,12,31.303272
1.0,28,31.304114
1.0,39,31.310549
1.0,29,31.315787
1.0,86,31.320398
1.0,32,31.325709
1.0,44,31.331197
1.0,47,31.334656
1.0,12,31.335058
1.0,17,31.335583
1.0,13,31.340456
1.0,50,31.344131
1.0,18,31.34887
1.0,24,31.351688
1.0,80,31.357288
1.0,24,31.360165
0.0,100,31.365059
1.0,17,31.367619
1.0,19,31.368215
1.0,9,31.368525
1.0,21,31.369174
1.0,44,31.372465
1.0,50,31.375934
1.0,35,31.377988
1.0,69,31.381984
1.0,14,31.382444
1.0,17,31.382987
1.0,57,31.387648
1.0,17,31.388202
1.0,25,31.390973
1.0,58,31.394655
1.0,8,31.394949
1.0,30,31.395846
1.0,17,31.396375
1.0,31,31.399307
1.0,85,31.403942
1.0,63,31.407777
1.0,38,31.408899
1.0,7,31.409155
1.0,71,31.413194
1.0,8,31.413487
1.0,12,31.415899
1.0,15,31.416379
1.0,30,31.418286
1.0,68,31.420238
1.0,14,31.424721
1.0,37,31.425837
1.0,12,31.426232
1.0,35,31.428269
1.0,40,31.429436
1.0,98,31.437362
1.0,9,31.437797
1.0,7,31.438089
1.0,33,31.439197
1.0,44,31.442899
1.0,73,31.448114
1.0,74,31.4567
1.0,15,31.457373
1.0,70,31.459688
1.0,60,31.464048
1.0,69,31.468445
1.0,35,31.469577
1.0,32,31.472677
1.0,13,31.473253
1.0,37,31.477694
1.0,24,31.481065
1.0,16,31.481788
1.0,16,31.4823
1.0,75,31.486459
1.0,26,31.489281
1.0,29,31.490174
1.0,44,31.493717
1.0,16,31.494419
1.0,33,31.497539
1.0,47,31.501011
1.0,88,31.505893
0.0,100,31.517394
1.0,12,31.517918
1.0,7,31.518176
1.0,10,31.518513
1.0,49,31.51995
1.0,44,31.521229
1.0,12,31.521641
1.0,37,31.52284
1.0,13,31.523393
1.0,84,31.529192
1.0,19,31.532048
1.0,21,31.532796
1.0,50,31.537556
1.0,24,31.538553
1.0,11,31.539017
1.0,55,31.542821
1.0,74,31.54821
1.0,93,31.554321
1.0,52,31.55826
0.0,100,31.568195
1.0,20,31.569169
1.0,55,31.573132
1.0,16,31.573769
0.0,100,31.581661
1.0,24,31.583769
1.0,29,31.587031
1.0,13,31.587551
1.0,13,31.587985
1.0,15,31.58846
1.0,28,31.591473
0.0,100,31.604034
1.0,9,31.604449
1.0,13,31.604898
1.0,53,31.606416
1.0,44,31.607842
1.0,79,31.610501
1.0,23,31.613748
1.0,73,31.617522
1.0,14,31.621263
1.0,35,31.62242
1.0,15,31.623037
1.0,27,31.623947
1.0,29,31.624892
1.0,15,31.625374
1.0,27,31.626195
1.0,17,31.636913
1.0,49,31.63844
1.0,22,31.63912
1.0,63,31.640934
1.0,33,31.652066
1.0,80,31.654459
1.0,15,31.654954
1.0,20,31.655566
1.0,31,31.656488
1.0,40,31.667853
1.0,11,31.668317
1.0,10,31.668674
1.0,43,31.669924
1.0,37,31.671014
1.0,24,31.682063
1.0,10,31.682678
0.0,100,31.685933
1.0,31,31.700574
1.0,80,31.703268
1.0,70,31.717926
1.0,11,31.718416
1.0,15,31.718912
1.0,42,31.720139
1.0,26,31.720962
1.0,13,31.721445
1.0,40,31.733131
1.0,48,31.734821
1.0,44,31.736109
1.0,39,31.747694
1.0,43,31.749595
1.0,40,31.750807
1.0,16,31.751376
1.0,38,31.76175
1.0,34,31.762952
1.0,57,31.76481
1.0,64,31.777054
1.0,84,31.780006
1.0,18,31.780811
1.0,45,31.792651
1.0,17,31.793453
1.0,12,31.793967
1.0,36,31.795159
0.0,100,31.808796
1.0,40,31.810235
0.0,100,31.82323
1.0,49,31.824798
1.0,73,31.844073
1.0,43,31.845447
1.0,67,31.857574
1.0,15,31.858175
1.0,91,31.860842
1.0,27,31.871955
0.0,100,31.87521
1.0,34,31.876339
1.0,13,31.887027
1.0,19,31.887826
1.0,22,31.888585
1.0,53,31.890284
1.0,35,31.891413
1.0,9,31.901904
1.0,44,31.903371
1.0,41,31.904745
1.0,46,31.906124
1.0,93,31.919427
1.0,19,31.920126
1.0,42,31.921349
1.0,34,31.932488
1.0,22,31.933264
1.0,9,31.933586
1.0,13,31.93402
1.0,37,31.935117
1.0,54,31.946828
1.0,31,31.94785
1.0,73,31.949976
1.0,71,31.952011
1.0,57,31.966796
1.0,60,31.96863
1.0,18,31.969191
1.0,27,31.970006
1.0,10,31.970344
1.0,38,31.971471
1.0,40,31.983059
1.0,90,31.98586
1.0,10,31.98622
1.0,28,31.997402
1.0,44,31.999045
1.0,16,31.999781
1.0,46,32.001237
1.0,20,32.012024
1.0,32,32.01314
1.0,7,32.013474
1.0,32,32.014529
1.0,19,32.015218
1.0,47,32.027785
0.0,100,32.030968
1.0,17,32.03151
0.0,100,32.043461
1.0,43,32.044813
1.0,25,32.045563
1.0,19,32.046154
1.0,80,32.058568
1.0,75,32.060801
1.0,41,32.072338
1.0,89,32.075092
1.0,23,32.075807
1.0,40,32.085159
1.0,26,32.086119
1.0,58,32.093247
1.0,31,32.094404
1.0,26,32.095203
1.0,11,32.095571
1.0,29,32.096458
1.0,10,32.106972
1.0,14,32.107525
1.0,37,32.108627
1.0,23,32.109319
1.0,28,32.110163
1.0,51,32.121756
1.0,6,32.122084
1.0,45,32.123399
1.0,21,32.124049
1.0,46,32.125384
1.0,15,32.125872
0.0,100,32.138871
1.0,25,32.14446
1.0,55,32.146114
0.0,100,32.159526
1.0,51,32.161397
1.0,36,32.173043
1.0,18,32.173879
1.0,62,32.175932
1.0,33,32.187515
1.0,27,32.188656
1.0,19,32.189395
1.0,31,32.190475
1.0,18,32.19119
1.0,16,32.20192
1.0,16,32.202526
0.0,100,32.205699
1.0,26,32.216884
1.0,43,32.218258
1.0,57,32.219907
1.0,23,32.2206
1.0,34,32.221603
1.0,20,32.232479
1.0,27,32.233388
1.0,52,32.235161
1.0,12,32.235758
1.0,12,32.236204
1.0,12,32.246882
1.0,43,32.248301
1.0,32,32.249256
1.0,16,32.249789
1.0,27,32.251048
1.0,12,32.251555
1.0,22,32.252265
1.0,35,32.253299
1.0,28,32.254197
1.0,11,32.266869
1.0,9,32.267488
1.0,13,32.268
1.0,21,32.26874
1.0,87,32.271528
1.0,27,32.283067
1.0,90,32.286105
1.0,52,32.298255
1.0,7,32.298794
1.0,7,32.299091
1.0,10,32.299468
1.0,51,32.301142
1.0,49,32.313066
1.0,21,32.313904
0.0,100,32.328436
1.0,16,32.329217
1.0,77,32.341836
1.0,18,32.342498
1.0,19,32.343112
1.0,29,32.343987
1.0,16,32.344496
1.0,15,32.344989
1.0,38,32.346111
1.0,39,32.357533
1.0,27,32.358768
1.0,25,32.359566
1.0,27,32.36042
1.0,22,32.36113
1.0,18,32.364883
1.0,31,32.365906
1.0,17,32.366435
1.0,77,32.377254
1.0,10,32.377745
1.0,81,32.380361
1.0,12,32.380987
1.0,58,32.38292
1.0,41,32.38774
1.0,7,32.388114
1.0,7,32.388381
1.0,31,32.391504
1.0,38,32.395099
1.0,10,32.395661
1.0,96,32.408861
1.0,27,32.410004
1.0,28,32.41101
0.0,100,32.414012
1.0,33,32.417139
1.0,13,32.419745
1.0,16,32.420305
1.0,91,32.423071
1.0,27,32.427338
1.0,60,32.429291
1.0,36,32.433309
1.0,23,32.436139
1.0,15,32.436678
1.0,17,32.437248
1.0,29,32.441296
1.0,52,32.442975
1.0,24,32.445761
1.0,28,32.446651
1.0,21,32.447292
0.0,100,32.457327
1.0,13,32.457889
1.0,31,32.459022
1.0,33,32.460006
1.0,40,32.461173
1.0,16,32.461689
1.0,43,32.4721
1.0,12,32.4726
1.0,14,32.473065
1.0,11,32.473428
1.0,24,32.474155
1.0,94,32.486997
1.0,9,32.487418
1.0,32,32.488377
1.0,31,32.489299
1.0,20,32.489925
1.0,11,32.490289
1.0,30,32.491187
1.0,14,32.501844
1.0,39,32.503222
1.0,15,32.503733
1.0,10,32.504073
1.0,31,32.504997
1.0,9,32.50531
1.0,17,32.505848
1.0,15,32.506322
1.0,55,32.51831
1.0,73,32.520871
1.0,83,32.533471
1.0,25,32.534335
1.0,68,32.536284
1.0,60,32.548142
1.0,88,32.553729
1.0,25,32.554503
1.0,10,32.556869
1.0,10,32.557213
1.0,36,32.558266
1.0,15,32.561078
1.0,7,32.561342
1.0,15,32.561829
1.0,16,32.562332
1.0,60,32.56608
1.0,19,32.568695
1.0,39,32.569839
1.0,45,32.573155
1.0,8,32.573446
1.0,26,32.574231
1.0,12,32.576646
0.0,100,32.581496
1.0,47,32.585901
1.0,29,32.586794
1.0,49,32.58821
1.0,21,32.58886
1.0,11,32.589226
1.0,29,32.59218
1.0,21,32.592887
1.0,26,32.593674
0.0,100,32.601567
1.0,35,32.605034
1.0,25,32.606028
1.0,70,32.610059
1.0,43,32.613338
1.0,62,32.617211
1.0,30,32.618294
1.0,21,32.621408
1.0,25,32.622384
1.0,17,32.624936
1.0,17,32.625473
1.0,79,32.629744
1.0,11,32.630126
1.0,45,32.633712
1.0,30,32.636999
1.0,57,32.640753
0.0,100,32.6457
1.0,44,32.649069
1.0,28,32.649925
1.0,35,32.652971
1.0,8,32.653264
0.0,100,32.658118
1.0,26,32.660936
1.0,22,32.661808
1.0,30,32.662714
1.0,10,32.663051
1.0,13,32.663469
1.0,46,32.666821
1.0,28,32.667669
1.0,42,32.670899
1.0,10,32.671243
0.0,100,32.677102
1.0,20,32.679757
0.0,100,32.684598
1.0,16,32.685124
1.0,40,32.687306
1.0,34,32.690322
1.0,24,32.691058
1.0,65,32.694935
1.0,27,32.696763
1.0,40,32.699936
1.0,37,32.701023
1.0,21,32.703678
1.0,60,32.705395
1.0,11,32.706784
1.0,36,32.70985
1.0,31,32.710776
1.0,79,32.715037
1.0,22,32.716883
1.0,43,32.720222
1.0,68,32.724269
1.0,24,32.725065
1.0,14,32.725513
1.0,21,32.726158
1.0,11,32.726524
1.0,26,32.729673
1.0,15,32.730382
1.0,42,32.733827
1.0,21,32.734554
1.0,22,32.735229
1.0,66,32.742359
1.0,32,32.743592
1.0,46,32.745156
1.0,80,32.751818
1.0,14,32.752379
1.0,57,32.757474
1.0,23,32.765734
1.0,31,32.766709
1.0,26,32.767584
1.0,87,32.770463
1.0,32,32.771744
1.0,57,32.775842
1.0,62,32.788147
1.0,44,32.789517
1.0,25,32.790275
1.0,42,32.791579
1.0,91,32.804905
1.0,70,32.8173
1.0,74,32.819551
1.0,25,32.820355
1.0,39,32.82157
1.0,87,32.834429
1.0,46,32.835957
1.0,17,32.846819
1.0,44,32.848302
1.0,77,32.850687
1.0,32,32.861965
1.0,18,32.862715
1.0,12,32.863111
1.0,28,32.863948
1.0,62,32.865852
1.0,19,32.866589
1.0,39,32.878021
1.0,46,32.87949
0.0,100,32.89302
1.0,25,32.894045
1.0,77,32.896358
1.0,62,32.908364
1.0,23,32.909174
1.0,25,32.909932
1.0,54,32.91157
1.0,32,32.922825
1.0,16,32.923419
1.0,27,32.924716
1.0,39,32.926113
1.0,36,32.937718
1.0,49,32.93954
1.0,23,32.940484
1.0,65,32.950758
1.0,58,32.952525
1.0,26,32.953315
1.0,30,32.954211
1.0,33,32.968091
1.0,47,32.969577
1.0,53,32.971136
1.0,16,32.976872
1.0,25,32.977774
1.0,31,32.97875
1.0,25,32.979547
0.0,100,32.992619
1.0,53,32.99433
1.0,17,32.994912
1.0,67,33.006927
1.0,25,33.0078
1.0,15,33.008277
1.0,16,33.008792
1.0,72,33.010853
1.0,22,33.011523
1.0,64,33.023542
1.0,24,33.024384
1.0,57,33.026043
1.0,48,33.037642
1.0,61,33.039513
1.0,11,33.039893
1.0,29,33.040764
1.0,20,33.041377
1.0,19,33.052347
1.0,54,33.054669
1.0,20,33.067407
1.0,70,33.069483
1.0,12,33.069894
1.0,16,33.070397
1.0,38,33.071508
1.0,26,33.082429
1.0,21,33.083166
1.0,34,33.084171
1.0,16,33.084688
1.0,67,33.086588
1.0,33,33.097832
1.0,16,33.098359
1.0,27,33.099174
1.0,71,33.101211
1.0,56,33.11299
1.0,57,33.114742
1.0,44,33.116026
1.0,37,33.127279
1.0,20,33.128011
1.0,14,33.12846
1.0,21,33.129107
1.0,53,33.130642
1.0,44,33.142079
1.0,39,33.143336
1.0,6,33.143569
1.0,21,33.144243
1.0,58,33.147276
1.0,34,33.148635
1.0,35,33.149733
1.0,59,33.151522
0.0,100,33.169887
1.0,54,33.181699
1.0,16,33.182363
1.0,11,33.182759
1.0,9,33.183101
1.0,48,33.184658
1.0,21,33.185476
1.0,16,33.192234
1.0,35,33.193483
1.0,64,33.195503
1.0,84,33.208173
1.0,56,33.209938
1.0,47,33.211306
1.0,44,33.222991
1.0,33,33.224204
1.0,8,33.224505
1.0,38,33.225628
1.0,28,33.226458
1.0,60,33.238582
1.0,35,33.239942
1.0,16,33.240603
1.0,43,33.252322
1.0,44,33.253845
1.0,18,33.254408
1.0,22,33.255089
1.0,19,33.255682
1.0,36,33.266922
1.0,20,33.267666
1.0,15,33.268145
1.0,12,33.268539
1.0,46,33.275136
1.0,75,33.28283
1.0,26,33.283771
1.0,42,33.285172
1.0,49,33.29709
1.0,14,33.297693
1.0,37,33.298828
1.0,11,33.299217
1.0,75,33.301461
1.0,50,33.313345
1.0,32,33.314536
1.0,36,33.315694
1.0,24,33.316448
0.0,100,33.329954
1.0,46,33.341792
1.0,89,33.344841
1.0,58,33.346529
1.0,64,33.358876
1.0,7,33.359346
1.0,45,33.36084
1.0,17,33.36154
1.0,8,33.372
1.0,46,33.373515
1.0,24,33.374424
1.0,50,33.387212
1.0,12,33.387727
1.0,31,33.388649
1.0,30,33.389533
1.0,12,33.389938
1.0,51,33.391407
1.0,20,33.40237
1.0,21,33.403104
1.0,21,33.403757
1.0,78,33.417192
1.0,62,33.419161
1.0,53,33.420793
1.0,27,33.431799
1.0,31,33.432843
1.0,24,33.433595
1.0,13,33.434047
1.0,25,33.434839
1.0,23,33.435562
0.0,100,33.44866
1.0,21,33.449414
1.0,15,33.449911
1.0,15,33.450386
1.0,26,33.451172
1.0,26,33.462101
1.0,11,33.462564
1.0,45,33.463935
1.0,25,33.464708
1.0,31,33.465626
1.0,26,33.466402
1.0,16,33.477115
1.0,59,33.478946
1.0,9,33.479263
1.0,15,33.47975
1.0,74,33.492033
1.0,24,33.493105
1.0,24,33.493842
1.0,19,33.494426
1.0,50,33.495882
1.0,79,33.508323
1.0,44,33.509717
1.0,46,33.511052
1.0,47,33.522573
1.0,55,33.524268
1.0,43,33.525521
1.0,55,33.537296
1.0,48,33.5388
1.0,91,33.541376
1.0,49,33.552963
1.0,24,33.553799
1.0,72,33.555974
1.0,11,33.556474
1.0,28,33.567516
1.0,21,33.568269
1.0,53,33.569809
1.0,32,33.570779
1.0,24,33.581632
1.0,40,33.583176
1.0,11,33.583641
1.0,25,33.584491
1.0,11,33.584979
1.0,42,33.586352
0.0,100,33.595945
1.0,20,33.604031
1.0,53,33.605654
1.0,10,33.606024
1.0,14,33.606517
1.0,17,33.612528
1.0,22,33.613533
1.0,68,33.615543
1.0,27,33.616434
1.0,52,33.628238
1.0,25,33.629233
1.0,32,33.630331
1.0,27,33.631247
1.0,71,33.64378
1.0,49,33.645526
1.0,56,33.657468
1.0,47,33.659195
1.0,16,33.659891
1.0,19,33.660561
0.0,100,33.67368
1.0,49,33.67526
1.0,24,33.676135
1.0,32,33.687356
1.0,77,33.689687
1.0,59,33.701656
1.0,18,33.702441
1.0,95,33.705498
0.0,100,33.718821
1.0,26,33.719706
1.0,20,33.727461
1.0,84,33.730206
1.0,24,33.731063
1.0,28,33.742106
0.0,100,33.745244
1.0,34,33.746532
1.0,16,33.757655
1.0,47,33.759271
1.0,7,33.759703
0.0,100,33.772982
1.0,21,33.773882
1.0,16,33.7744
1.0,40,33.775572
1.0,18,33.77614
1.0,88,33.789185
1.0,37,33.790677
1.0,25,33.791578
0.0,100,33.805046
1.0,30,33.806002
1.0,16,33.806506
1.0,72,33.819038
1.0,16,33.81983
1.0,99,33.833248
1.0,55,33.835078
1.0,25,33.835844
0.0,100,33.848866
1.0,51,33.850552
1.0,52,33.863264
1.0,10,33.863699
1.0,52,33.865206
1.0,20,33.865843
1.0,46,33.877379
1.0,18,33.878072
1.0,31,33.878994
1.0,46,33.88033
1.0,33,33.88131
1.0,96,33.894192
1.0,55,33.895969
1.0,25,33.906977
1.0,35,33.908179
0.0,100,33.911145
1.0,32,33.922248
1.0,23,33.923048
1.0,17,33.923577
1.0,10,33.923921
1.0,26,33.924711
1.0,31,33.925634
1.0,67,33.937677
1.0,83,33.940125
1.0,42,33.94135
1.0,29,33.951375
1.0,35,33.952487
1.0,37,33.957735
1.0,34,33.958766
1.0,6,33.958994
1.0,29,33.959864
1.0,57,33.961499
1.0,22,33.972297
1.0,95,33.975088
1.0,12,33.975488
0.0,100,33.988463
1.0,53,33.990088
1.0,26,33.990882
1.0,42,34.00225
1.0,28,34.003264
1.0,30,34.00433
1.0,31,34.00545
1.0,11,34.01709
1.0,32,34.018152
1.0,38,34.019276
1.0,26,34.020069
1.0,36,34.021131
1.0,28,34.032114
1.0,27,34.033071
1.0,22,34.033855
1.0,36,34.035075
1.0,15,34.041858
0.0,100,34.045064
1.0,20,34.045803
1.0,8,34.046088
1.0,26,34.057077
1.0,23,34.062348
1.0,39,34.063658
1.0,33,34.064837
1.0,17,34.065487
1.0,71,34.077752
0.0,100,34.080697
1.0,13,34.081125
1.0,17,34.086922
1.0,62,34.094088
1.0,31,34.095163
1.0,18,34.095837
1.0,19,34.096514
1.0,31,34.102642
1.0,32,34.103695
1.0,42,34.105097
1.0,18,34.105871
1.0,39,34.117468
1.0,40,34.119032
1.0,10,34.119534
1.0,62,34.121572
1.0,28,34.132803
1.0,32,34.133781
1.0,34,34.13479
1.0,7,34.135048
1.0,23,34.135752
1.0,16,34.136254
1.0,34,34.147496
1.0,42,34.148872
0.0,100,34.162133
1.0,29,34.167679
1.0,11,34.168156
1.0,17,34.16874
1.0,15,34.169279
1.0,76,34.181943
1.0,32,34.183214
1.0,57,34.184963
0.0,100,34.198331
1.0,16,34.199125
1.0,67,34.201312
0.0,100,34.214468
1.0,18,34.215185
1.0,61,34.227413
1.0,39,34.228879
0.0,100,34.242237
1.0,50,34.243961
1.0,57,34.245961
1.0,41,34.257814
1.0,29,34.259045
1.0,18,34.259729
1.0,29,34.260715
1.0,94,34.273745
1.0,19,34.27467
1.0,7,34.275021
1.0,20,34.275721
1.0,25,34.276579
1.0,33,34.287916
1.0,41,34.289371
1.0,60,34.291114
1.0,79,34.307834
1.0,53,34.309783
1.0,83,34.322899
1.0,8,34.323291
1.0,65,34.325166
1.0,10,34.325508
1.0,15,34.325996
1.0,23,34.33688
1.0,21,34.337641
1.0,32,34.338581
1.0,32,34.33953
1.0,40,34.340709
1.0,19,34.341294
1.0,31,34.35248
1.0,28,34.353514
1.0,94,34.356221
1.0,24,34.367258
1.0,20,34.368064
1.0,92,34.370821
1.0,8,34.371165
1.0,17,34.381956
1.0,33,34.383136
1.0,24,34.383877
1.0,23,34.384572
1.0,61,34.386331
1.0,50,34.397948
1.0,24,34.398984
1.0,11,34.399354
1.0,65,34.401224
1.0,25,34.401985
1.0,9,34.402297
1.0,39,34.412613
1.0,18,34.413277
1.0,39,34.414426
1.0,25,34.415187
1.0,94,34.428045
1.0,19,34.428764
1.0,14,34.429211
1.0,49,34.430635
1.0,44,34.442087
1.0,27,34.443075
1.0,35,34.444273
1.0,63,34.457494
1.0,51,34.459085
1.0,23,34.459793
1.0,43,34.461085
1.0,30,34.4724
1.0,9,34.472925
1.0,63,34.474739
1.0,59,34.476422
1.0,83,34.483083
0.0,100,34.498367
1.0,22,34.504594
1.0,16,34.505349
1.0,41,34.511734
1.0,23,34.512631
1.0,35,34.51379
1.0,8,34.514206
1.0,20,34.51489
1.0,18,34.515451
1.0,25,34.516209
1.0,67,34.528304
1.0,18,34.528978
1.0,93,34.531598
1.0,56,34.543783
1.0,35,34.544853
1.0,83,34.557528
1.0,53,34.55948
1.0,17,34.560155
1.0,31,34.561078
1.0,57,34.57286
1.0,59,34.574709
1.0,31,34.575684
1.0,15,34.576181
1.0,17,34.586922
0.0,100,34.595014
1.0,34,34.596154
1.0,21,34.601898
1.0,22,34.602868
1.0,45,34.604234
1.0,46,34.605614
1.0,90,34.618331
1.0,10,34.618784
1.0,20,34.619395
1.0,22,34.620069
1.0,52,34.621561
1.0,28,34.632521
1.0,40,34.633785
1.0,40,34.634952
1.0,26,34.635739
1.0,41,34.647054
1.0,16,34.647657
1.0,71,34.649828
1.0,44,34.651387
1.0,53,34.663497
1.0,32,34.664592
1.0,36,34.66567
1.0,10,34.666008
1.0,54,34.677751
1.0,71,34.679869
1.0,38,34.68102
1.0,14,34.68153
0.0,100,34.694993
1.0,16,34.695663
1.0,30,34.696549
1.0,70,34.708805
1.0,25,34.714568
1.0,20,34.715293
1.0,37,34.71648
1.0,49,34.723212
1.0,8,34.723788
1.0,14,34.724303
1.0,31,34.725345
1.0,11,34.737079
1.0,96,34.740276
1.0,20,34.741137
1.0,30,34.752458
1.0,35,34.753844
1.0,43,34.755137
1.0,15,34.755626
1.0,34,34.766847
1.0,19,34.76782
1.0,74,34.770273
1.0,21,34.771019
1.0,10,34.771358
1.0,66,34.783487
1.0,49,34.785017
1.0,23,34.785728
1.0,27,34.786532
1.0,10,34.797117
1.0,65,34.799173
1.0,16,34.799746
1.0,17,34.800305
1.0,38,34.801472
1.0,53,34.813185
1.0,27,34.814331
1.0,23,34.815073
1.0,35,34.816151
0.0,100,34.829535
1.0,18,34.830281
1.0,59,34.842225
1.0,14,34.842833
1.0,12,34.843229
1.0,33,34.844207
1.0,33,34.845194
1.0,33,34.846175
1.0,93,34.859032
1.0,45,34.860456
1.0,46,34.872167
1.0,50,34.873928
1.0,24,34.874672
1.0,93,34.887697
1.0,49,34.889436
1.0,30,34.890556
1.0,7,34.890927
1.0,40,34.902459
1.0,26,34.903519
1.0,39,34.904755
1.0,37,34.905845
1.0,48,34.917563
1.0,16,34.918287
1.0,15,34.918871
1.0,13,34.924476
1.0,29,34.92554
1.0,22,34.926229
1.0,26,34.932201
1.0,56,34.934115
1.0,40,34.935558
1.0,11,34.936019
1.0,21,34.946934
1.0,34,34.948247
1.0,23,34.949125
1.0,26,34.950044
1.0,12,34.950504
1.0,24,34.951316
1.0,25,34.962449
1.0,34,34.963775
1.0,23,34.964513
1.0,69,34.966484
1.0,52,34.978187
1.0,51,34.979776
1.0,14,34.980227
1.0,21,34.9809
1.0,29,34.992254
1.0,55,34.994064
1.0,24,34.99499
1.0,51,35.00687
1.0,28,35.007828
1.0,58,35.009486
1.0,20,35.010113
1.0,63,35.02208
1.0,13,35.022832
1.0,14,35.023283
1.0,56,35.024901
1.0,20,35.025514
1.0,73,35.037794
1.0,14,35.038352
1.0,10,35.038714
1.0,33,35.039706
1.0,25,35.04047
1.0,9,35.040808
1.0,20,35.041441
1.0,23,35.0543
0.0,100,35.062586
1.0,56,35.064397
1.0,45,35.065741
1.0,20,35.066399
1.0,23,35.077382
1.0,68,35.079555
1.0,10,35.079957
1.0,20,35.080597
1.0,13,35.081056
1.0,51,35.091746
1.0,31,35.092786
1.0,26,35.093566
1.0,42,35.094801
1.0,17,35.095335
1.0,27,35.107338
1.0,15,35.107955
1.0,6,35.108186
1.0,63,35.109986
1.0,34,35.110996
1.0,45,35.122479
1.0,12,35.123213
1.0,52,35.124877
1.0,20,35.125695
1.0,13,35.126208
1.0,80,35.138995
1.0,32,35.140182
1.0,97,35.15309
1.0,16,35.153713
1.0,40,35.155001
1.0,28,35.167318
1.0,95,35.170532
1.0,39,35.182163
0.0,100,35.185412
0.0,100,35.194567
1.0,41,35.195883
1.0,7,35.196175
0.0,100,35.209225
1.0,23,35.210082
1.0,11,35.210528
1.0,41,35.222008
0.0,100,35.225288
1.0,25,35.232354
1.0,11,35.232823
1.0,13,35.233265
1.0,10,35.233626
1.0,26,35.234431
1.0,30,35.23534
1.0,73,35.247642
1.0,29,35.248661
1.0,15,35.254205
1.0,17,35.254824
1.0,67,35.261907
1.0,47,35.2634
1.0,21,35.26409
1.0,39,35.265264
1.0,24,35.266
1.0,13,35.26642
1.0,12,35.276995
1.0,9,35.27741
1.0,61,35.279178
1.0,33,35.280163
1.0,10,35.280504
1.0,44,35.291911
1.0,19,35.292579
1.0,45,35.293899
1.0,32,35.294856
1.0,56,35.296469
1.0,31,35.307522
1.0,30,35.308501
1.0,85,35.310933
1.0,10,35.311275
1.0,13,35.326217
1.0,21,35.329466
1.0,13,35.329969
1.0,44,35.337691
1.0,43,35.342498
1.0,30,35.343572
1.0,56,35.351462
1.0,45,35.361342
1.0,17,35.366084
1.0,28,35.371245
1.0,17,35.372034
1.0,28,35.377341
1.0,25,35.378172
1.0,74,35.385422
1.0,35,35.386582
1.0,34,35.392684
1.0,68,35.398394
1.0,24,35.399236
1.0,32,35.405206
1.0,32,35.406248
1.0,22,35.410005
1.0,62,35.412053
1.0,28,35.413083
1.0,42,35.414312
1.0,15,35.41985
1.0,38,35.423196
1.0,96,35.428306
1.0,50,35.43188
1.0,50,35.435363
1.0,24,35.436111
1.0,80,35.446963
1.0,24,35.447806
1.0,13,35.448229
1.0,40,35.449397
1.0,90,35.452219
1.0,11,35.452727
1.0,18,35.453364
1.0,46,35.457928
1.0,61,35.461796
1.0,8,35.462098
1.0,42,35.465348
1.0,59,35.47022
1.0,11,35.470693
1.0,55,35.472274
1.0,69,35.476306
1.0,40,35.479533
1.0,11,35.479923
0.0,100,35.485828
1.0,38,35.48806
1.0,26,35.48891
1.0,41,35.493208
0.0,100,35.49815
1.0,14,35.5009
1.0,83,35.506709
1.0,96,35.509525
0.0,100,35.517874
1.0,27,35.521942
1.0,30,35.522916
1.0,20,35.523529
1.0,21,35.524183
1.0,74,35.528535
1.0,97,35.536883
1.0,10,35.537338
1.0,13,35.537782
1.0,49,35.539201
1.0,15,35.541727
1.0,33,35.542846
0.0,100,35.549156
1.0,46,35.552655
1.0,19,35.554356
1.0,17,35.555064
1.0,36,35.559302
1.0,15,35.559861
1.0,16,35.560364
1.0,22,35.563068
1.0,15,35.563556
1.0,89,35.568323
1.0,24,35.571578
1.0,43,35.57501
1.0,19,35.57562
0.0,100,35.580494
1.0,20,35.583351
1.0,12,35.583981
1.0,48,35.585541
1.0,18,35.591266
1.0,29,35.592227
1.0,33,35.593349
1.0,41,35.596972
1.0,88,35.60669
1.0,54,35.608576
1.0,12,35.609167
1.0,30,35.610189
1.0,20,35.610944
1.0,40,35.614232
1.0,36,35.615337
0.0,100,35.621178
1.0,32,35.630837
1.0,32,35.636337
1.0,45,35.641047
1.0,14,35.642671
1.0,58,35.651077
1.0,14,35.652684
1.0,14,35.653977
1.0,82,35.658857
1.0,55,35.66597
1.0,12,35.666564
1.0,38,35.674397
1.0,33,35.680461
1.0,14,35.681266
1.0,26,35.68211
1.0,16,35.686018
1.0,30,35.691042
1.0,44,35.695725
1.0,28,35.696585
1.0,54,35.702538
1.0,25,35.708564
1.0,18,35.709162
1.0,17,35.710974
1.0,40,35.712207
1.0,12,35.715221
1.0,23,35.716183
1.0,9,35.716523
0.0,100,35.727749
1.0,50,35.729585
1.0,26,35.730593
1.0,32,35.731725
1.0,13,35.732176
1.0,21,35.734848
1.0,7,35.735119
1.0,64,35.739025
1.0,34,35.740114
1.0,16,35.742849
1.0,49,35.744586
1.0,54,35.748405
1.0,77,35.753747
1.0,21,35.756328
1.0,25,35.75834
1.0,56,35.762378
1.0,47,35.76587
1.0,25,35.767668
1.0,68,35.771685
1.0,60,35.775931
1.0,20,35.777827
1.0,45,35.779164
1.0,55,35.782812
1.0,10,35.783166
1.0,17,35.783704
0.0,100,35.799226
1.0,30,35.800259
1.0,42,35.801487
1.0,30,35.808168
1.0,37,35.809354
1.0,23,35.81558
1.0,18,35.816219
1.0,11,35.816586
1.0,36,35.822248
1.0,17,35.822818
1.0,50,35.828527
1.0,54,35.83017
1.0,56,35.840841
1.0,9,35.841271
1.0,20,35.84192
1.0,22,35.842589
1.0,11,35.847212
1.0,29,35.848092
1.0,31,35.849019
1.0,35,35.855484
1.0,13,35.857054
1.0,56,35.858708
1.0,22,35.859381
1.0,20,35.865549
1.0,30,35.866479
1.0,37,35.871967
1.0,53,35.873514
1.0,27,35.878525
1.0,36,35.879613
1.0,56,35.884256
1.0,72,35.888359
1.0,20,35.891017
1.0,28,35.891865
1.0,15,35.89234
1.0,17,35.894901
1.0,10,35.895247
1.0,49,35.89869
1.0,23,35.899397
1.0,36,35.900461
1.0,9,35.900783
0.0,100,35.913871
1.0,42,35.915449
1.0,52,35.917112
1.0,8,35.917398
1.0,13,35.917827
1.0,81,35.920132
1.0,18,35.922726
1.0,43,35.923991
1.0,40,35.925161
1.0,26,35.929228
1.0,40,35.932804
1.0,24,35.933632
1.0,31,35.934548
1.0,31,35.937507
1.0,27,35.938345
1.0,10,35.940717
1.0,12,35.941121
1.0,23,35.941847
1.0,24,35.944878
1.0,14,35.945536
1.0,12,35.945976
1.0,31,35.948928
1.0,90,35.953552
1.0,80,35.958017
1.0,35,35.960938
1.0,87,35.965633
1.0,45,35.971146
1.0,44,35.972521
1.0,10,35.972875
1.0,16,35.973378
1.0,14,35.98205
1.0,10,35.982528
1.0,42,35.983797
1.0,15,35.98428
1.0,51,35.985768
1.0,62,35.997797
1.0,92,36.000545
1.0,22,36.001238
1.0,11,36.011651
1.0,8,36.012243
1.0,17,36.012808
1.0,30,36.013709
1.0,53,36.015242
1.0,33,36.016222
1.0,26,36.027204
1.0,33,36.028296
1.0,50,36.029752
1.0,14,36.030201
1.0,39,36.031342
0.0,100,36.044358
1.0,68,36.046417
1.0,34,36.057644
1.0,37,36.058836
1.0,38,36.059949
1.0,55,36.061525
1.0,36,36.073025
1.0,56,36.074887
1.0,92,36.087898
1.0,58,36.089925
0.0,100,36.095798
1.0,7,36.096137
1.0,46,36.107734
1.0,21,36.108466
1.0,40,36.109653
1.0,87,36.122595
1.0,67,36.124762
1.0,47,36.1264
1.0,24,36.142043
1.0,22,36.142881
1.0,59,36.147995
1.0,23,36.148859
1.0,24,36.155073
1.0,57,36.161797
1.0,46,36.163417
1.0,54,36.169366
1.0,20,36.170288
1.0,25,36.180681
1.0,94,36.188131
1.0,38,36.189513
1.0,18,36.195726
1.0,16,36.196365
1.0,28,36.202155
1.0,11,36.202759
1.0,29,36.206928
1.0,22,36.207887
1.0,32,36.208957
1.0,15,36.209455
1.0,39,36.216189
1.0,30,36.222062
1.0,98,36.228573
1.0,13,36.22907
1.0,9,36.229382
1.0,31,36.232572
1.0,8,36.232903
1.0,64,36.238027
1.0,39,36.241779
1.0,11,36.242401
1.0,18,36.245024
1.0,8,36.245329
1.0,30,36.246228
1.0,50,36.249801
1.0,24,36.252702
1.0,20,36.253648
1.0,51,36.257412
1.0,96,36.262335
1.0,55,36.267207
1.0,31,36.268396
1.0,45,36.272124
1.0,8,36.272513
1.0,13,36.274969
1.0,61,36.278794
1.0,65,36.283004
1.0,48,36.286869
1.0,48,36.288353
1.0,52,36.291898
1.0,11,36.292301
0.0,100,36.298567
1.0,11,36.299074
1.0,32,36.300065
1.0,30,36.301081
1.0,17,36.317378
1.0,24,36.318379
1.0,47,36.324173
1.0,30,36.32781
1.0,52,36.329322
1.0,26,36.335598
1.0,12,36.340082
1.0,18,36.340691
1.0,12,36.341085
1.0,59,36.34702
1.0,28,36.347934
1.0,30,36.348871
1.0,25,36.355574
1.0,46,36.361091
1.0,20,36.361768
1.0,27,36.362575
1.0,32,36.363521
1.0,17,36.367285
1.0,12,36.367724
1.0,17,36.368252
1.0,35,36.369283
1.0,27,36.375999
1.0,68,36.382162
1.0,47,36.387853
1.0,82,36.390291
1.0,24,36.399963
1.0,42,36.401296
1.0,22,36.401992
1.0,70,36.40603
1.0,34,36.409089
0.0,100,36.413975
0.0,100,36.425933
1.0,67,36.427946
1.0,15,36.428425
1.0,55,36.430021
1.0,58,36.431698
1.0,8,36.431983
1.0,41,36.436214
1.0,11,36.4368
1.0,44,36.44011
1.0,60,36.443878
0.0,100,36.449776
1.0,47,36.451175
1.0,19,36.451774
1.0,38,36.45491
1.0,36,36.455978
1.0,27,36.458811
1.0,44,36.460095
1.0,26,36.462902
1.0,34,36.463917
1.0,19,36.464501
1.0,22,36.467206
1.0,16,36.467729
1.0,7,36.467986
1.0,24,36.468714
1.0,13,36.469138
1.0,11,36.469502
1.0,26,36.47432
1.0,73,36.47643
1.0,33,36.479436
1.0,29,36.480314
1.0,46,36.483685
1.0,15,36.484168
1.0,11,36.484533
1.0,8,36.486852
1.0,40,36.48803
1.0,20,36.490666
1.0,48,36.492062
1.0,20,36.494701
1.0,23,36.495402
1.0,54,36.498992
1.0,14,36.49945
1.0,9,36.499772
1.0,59,36.503492
1.0,61,36.507291
1.0,29,36.508173
1.0,34,36.511201
0.0,100,36.516071
1.0,11,36.516452
1.0,33,36.519452
1.0,46,36.522826
1.0,19,36.52342
0.0,100,36.528328
1.0,28,36.531338
1.0,14,36.531808
1.0,54,36.535393
1.0,78,36.539674
1.0,94,36.546313
1.0,34,36.547361
1.0,48,36.550785
1.0,38,36.552295
1.0,23,36.555027
1.0,51,36.556504
1.0,16,36.559214
1.0,25,36.560211
1.0,31,36.563325
1.0,60,36.567158
0.0,100,36.572235
1.0,7,36.5749
1.0,29,36.576012
1.0,33,36.579041
1.0,39,36.58021
1.0,21,36.582887
1.0,31,36.583823
1.0,8,36.584107
1.0,13,36.584525
1.0,45,36.588044
1.0,50,36.598128
1.0,31,36.601327
1.0,27,36.602158
1.0,74,36.611492
1.0,18,36.612966
1.0,39,36.616532
1.0,11,36.617597
1.0,86,36.627643
1.0,63,36.632373
1.0,12,36.636123
1.0,37,36.640298
1.0,38,36.644068
1.0,58,36.65325
0.0,100,36.662804
1.0,37,36.671188
1.0,33,36.673163
1.0,14,36.674714
1.0,37,36.678357
1.0,56,36.686845
1.0,27,36.687778
1.0,25,36.688529
1.0,30,36.689424
1.0,17,36.692025
1.0,44,36.693495
1.0,87,36.70091
1.0,39,36.705365
1.0,71,36.70758
0.0,100,36.717246
1.0,16,36.717909
1.0,89,36.72258
1.0,60,36.726903
1.0,34,36.730426
1.0,30,36.733669
1.0,21,36.734375
1.0,21,36.735043
1.0,56,36.740824
1.0,11,36.741274
1.0,30,36.742172
1.0,93,36.752995
1.0,23,36.753803
1.0,48,36.755245
1.0,24,36.756019
1.0,43,36.76603
1.0,11,36.766525
1.0,72,36.76873
1.0,36,36.770023
0.0,100,36.789807
0.0,100,36.809174
1.0,12,36.809823
1.0,17,36.810425
1.0,10,36.81732
1.0,48,36.825371
0.0,100,36.836544
1.0,31,36.842174
1.0,36,36.847638
1.0,55,36.857808
1.0,40,36.859281
1.0,17,36.871006
1.0,39,36.872306
1.0,15,36.872899
1.0,15,36.873436
1.0,24,36.874268
1.0,33,36.875395
0.0,100,36.890055
1.0,24,36.891061
1.0,7,36.89133
1.0,11,36.9019
1.0,22,36.902721
1.0,58,36.904582
1.0,11,36.905073
1.0,29,36.905943
1.0,54,36.917747
1.0,8,36.918148
1.0,13,36.918569
0.0,100,36.921462
1.0,93,36.934335
1.0,63,36.936352
1.0,60,36.948353
1.0,15,36.948965
1.0,25,36.949724
1.0,33,36.9507
1.0,21,36.957393
1.0,26,36.958253
0.0,100,36.961117
1.0,72,36.973305
1.0,24,36.974125
1.0,19,36.986855
1.0,20,36.987557
1.0,36,36.988632
1.0,14,36.989084
1.0,7,36.989347
1.0,36,36.99041
1.0,32,36.991363
1.0,95,37.004172
1.0,26,37.005046
1.0,29,37.005913
1.0,31,37.016957
1.0,96,37.019769
1.0,23,37.020468
1.0,27,37.021281
1.0,51,37.032878
1.0,16,37.033459
1.0,61,37.035226
1.0,66,37.04758
1.0,17,37.048378
1.0,36,37.04965
1.0,21,37.050463
1.0,15,37.051048
1.0,18,37.061815
1.0,38,37.063082
1.0,40,37.064698
1.0,47,37.066308
1.0,20,37.077337
1.0,41,37.078871
1.0,56,37.080795
1.0,6,37.081178
1.0,21,37.092038
1.0,29,37.093075
1.0,61,37.095108
1.0,34,37.096403
1.0,25,37.10765
0.0,100,37.111006
1.0,72,37.123416
1.0,83,37.126124
1.0,20,37.137246
1.0,18,37.138096
1.0,14,37.138668
1.0,31,37.139749
1.0,16,37.140388
0.0,100,37.148466
1.0,17,37.149104
1.0,34,37.150114
1.0,59,37.162007
1.0,59,37.16386
1.0,25,37.164629
1.0,11,37.164994
1.0,22,37.16567
1.0,21,37.166309
1.0,19,37.177391
1.0,10,37.177854
1.0,16,37.178381
1.0,14,37.178862
1.0,88,37.181463
1.0,33,37.191959
1.0,16,37.192623
1.0,24,37.193357
1.0,13,37.193797
1.0,29,37.194667
1.0,31,37.195579
1.0,49,37.212211
1.0,32,37.217469
1.0,19,37.218154
1.0,9,37.218466
1.0,51,37.226381
1.0,73,37.241052
1.0,29,37.242064
1.0,26,37.250186
1.0,41,37.251488
1.0,49,37.262497
1.0,32,37.270042
1.0,31,37.271173
1.0,71,37.279294
1.0,95,37.291863
1.0,39,37.297316
1.0,22,37.298203
1.0,31,37.299275
1.0,30,37.302666
1.0,17,37.303267
1.0,14,37.305748
1.0,21,37.306402
1.0,61,37.310195
1.0,49,37.313831
1.0,24,37.314877
1.0,75,37.320219
1.0,13,37.320723
1.0,34,37.321726
1.0,20,37.322361
1.0,32,37.325674
1.0,72,37.330399
1.0,27,37.333744
0.0,100,37.3461
1.0,44,37.347636
1.0,38,37.348995
1.0,15,37.349627
1.0,41,37.350978
1.0,15,37.351585
1.0,14,37.352066
1.0,13,37.352484
1.0,43,37.355765
1.0,45,37.360172
1.0,29,37.361146
1.0,20,37.361802
1.0,10,37.362175
1.0,33,37.365451
1.0,48,37.369121
1.0,50,37.372687
1.0,39,37.373903
1.0,50,37.375408
1.0,13,37.384305
1.0,22,37.385776
1.0,32,37.389767
1.0,53,37.391445
1.0,30,37.400253
1.0,22,37.401849
1.0,39,37.404539
1.0,32,37.405567
1.0,10,37.409908
1.0,88,37.420866
1.0,20,37.4234
1.0,65,37.431312
1.0,34,37.433389
1.0,37,37.43709
1.0,47,37.441087
1.0,22,37.444102
1.0,42,37.445591
1.0,60,37.455312
1.0,24,37.459855
1.0,37,37.461893
1.0,48,37.465867
1.0,19,37.466464
1.0,30,37.470313
1.0,19,37.4732
1.0,41,37.474458
1.0,34,37.4775
1.0,18,37.478081
1.0,53,37.481647
1.0,27,37.482577
1.0,18,37.485648
1.0,67,37.489646
1.0,71,37.493719
1.0,30,37.496642
1.0,21,37.497392
1.0,29,37.498422
1.0,52,37.502177
1.0,10,37.505185
1.0,27,37.506238
1.0,65,37.51024
1.0,14,37.512758
0.0,100,37.515602
1.0,34,37.520184
1.0,42,37.523662
1.0,46,37.52712
1.0,33,37.528157
1.0,23,37.530956
1.0,27,37.531874
1.0,41,37.535436
1.0,7,37.535894
1.0,17,37.536482
1.0,28,37.539385
1.0,29,37.54027
1.0,38,37.543461
1.0,39,37.546788
0.0,100,37.557268
1.0,33,37.558402
1.0,27,37.559258
1.0,42,37.560537
1.0,35,37.563834
1.0,43,37.565419
1.0,34,37.567661
1.0,10,37.568053
1.0,10,37.568392
1.0,29,37.571287
1.0,14,37.571765
1.0,49,37.576337
1.0,13,37.576906
1.0,12,37.577355
1.0,21,37.578092
1.0,6,37.578374
1.0,12,37.581051
1.0,24,37.58203
1.0,51,37.585535
1.0,44,37.589921
1.0,41,37.591176
0.0,100,37.59751
1.0,14,37.598102
1.0,52,37.601646
1.0,25,37.602414
1.0,12,37.605009
0.0,100,37.610285
1.0,71,37.616675
1.0,19,37.617341
1.0,22,37.618031
1.0,21,37.618681
1.0,39,37.621871
1.0,76,37.626517
1.0,16,37.628182
1.0,14,37.630661
1.0,61,37.632419
1.0,21,37.635097
1.0,59,37.638893
1.0,21,37.639613
1.0,31,37.640527
1.0,8,37.640821
1.0,14,37.641269
1.0,18,37.644003
1.0,24,37.644945
1.0,81,37.649455
1.0,8,37.651872
1.0,19,37.652576
1.0,52,37.657366
1.0,33,37.660472
1.0,21,37.661139
1.0,44,37.664447
1.0,44,37.666793
1.0,18,37.667445
1.0,39,37.671023
1.0,31,37.674201
1.0,56,37.676139
1.0,16,37.684365
0.0,100,37.689382
1.0,42,37.693402
1.0,20,37.698539
1.0,69,37.703935
1.0,14,37.707227
1.0,35,37.710374
1.0,17,37.710921
1.0,73,37.720126
1.0,22,37.721741
1.0,43,37.726164
1.0,28,37.728036
1.0,26,37.728826
1.0,19,37.729412
1.0,16,37.733039
1.0,13,37.733505
1.0,19,37.737195
1.0,46,37.739398
1.0,35,37.74358
1.0,49,37.748127
1.0,29,37.753134
0.0,100,37.76001
1.0,8,37.760323
1.0,37,37.763551
1.0,12,37.763996
1.0,26,37.775622
1.0,58,37.77756
1.0,13,37.777997
1.0,36,37.779061
1.0,24,37.779791
1.0,68,37.78174
1.0,44,37.785182
1.0,14,37.785737
1.0,23,37.786433
1.0,25,37.789358
1.0,44,37.790752
1.0,12,37.791147
1.0,26,37.794132
1.0,15,37.794734
1.0,30,37.795633
1.0,46,37.802135
1.0,27,37.803056
1.0,52,37.804554
1.0,60,37.808659
1.0,17,37.809255
1.0,26,37.812076
1.0,30,37.813
1.0,25,37.815768
1.0,24,37.816495
1.0,15,37.816993
1.0,25,37.819947
1.0,19,37.82078
1.0,24,37.823642
1.0,30,37.824583
1.0,38,37.82672
1.0,65,37.830587
1.0,40,37.834047
1.0,24,37.835071
1.0,43,37.837531
1.0,39,37.840763
1.0,26,37.841543
1.0,28,37.842387
1.0,8,37.845958
1.0,66,37.850105
1.0,75,37.854591
1.0,53,37.857457
1.0,30,37.860445
1.0,10,37.860803
1.0,18,37.861361
1.0,21,37.864154
1.0,18,37.864812
1.0,45,37.867295
1.0,19,37.870326
0.0,100,37.87557
1.0,30,37.879848
1.0,15,37.880445
1.0,15,37.880935
1.0,19,37.88152
1.0,16,37.884288
1.0,20,37.885133
1.0,42,37.887499
1.0,86,37.897538
1.0,39,37.899092
1.0,83,37.901828
1.0,47,37.9053
1.0,94,37.909276
1.0,19,37.914238
1.0,25,37.915332
1.0,35,37.91653
1.0,83,37.923001
1.0,32,37.923984
1.0,13,37.924405
1.0,33,37.927501
1.0,62,37.931846
1.0,14,37.932406
1.0,39,37.935642
1.0,42,37.939082
1.0,19,37.939738
1.0,15,37.940214
1.0,19,37.942973
1.0,63,37.947206
1.0,77,37.951508
1.0,22,37.952271
1.0,19,37.955317
1.0,14,37.956012
0.0,100,37.96142
1.0,49,37.96295
1.0,23,37.977053
1.0,13,37.977829
1.0,27,37.978795
1.0,22,37.979636
0.0,100,37.995183
1.0,23,37.996226
0.0,100,37.999497
1.0,18,38.000158
1.0,37,38.003374
1.0,42,38.006747
1.0,23,38.007583
1.0,25,38.008488
1.0,53,38.01237
1.0,23,38.015177
1.0,31,38.016106
1.0,51,38.020717
1.0,66,38.027379
1.0,49,38.029055
1.0,68,38.031241
1.0,14,38.042089
1.0,50,38.043859
1.0,48,38.045531
1.0,38,38.058385
1.0,14,38.059046
1.0,7,38.059353
1.0,62,38.06134
1.0,27,38.072687
1.0,23,38.073686
1.0,20,38.07437
1.0,44,38.075694
0.0,100,38.087934
1.0,9,38.088342
1.0,32,38.089303
1.0,18,38.089871
1.0,39,38.091062
1.0,12,38.091532
1.0,22,38.102415
0.0,100,38.105731
1.0,69,38.118054
1.0,18,38.118752
1.0,27,38.11956
1.0,49,38.120993
1.0,16,38.121519
1.0,32,38.132665
1.0,24,38.133506
1.0,14,38.134008
1.0,7,38.134282
1.0,15,38.13479
1.0,12,38.135204
1.0,35,38.136289
1.0,21,38.147143
1.0,30,38.148162
1.0,45,38.154112
1.0,12,38.154622
1.0,48,38.156068
1.0,71,38.163219
1.0,19,38.163917
1.0,24,38.164682
1.0,28,38.16555
1.0,6,38.1658
1.0,18,38.166358
1.0,46,38.177856
1.0,16,38.178452
1.0,36,38.179515
1.0,16,38.180032
1.0,53,38.181558
1.0,34,38.192754
1.0,14,38.193321
1.0,10,38.193682
1.0,76,38.195859
1.0,42,38.207283
1.0,27,38.208215
1.0,37,38.209306
1.0,20,38.20993
1.0,16,38.210433
1.0,30,38.21133
1.0,34,38.22249
1.0,6,38.222828
1.0,23,38.223522
1.0,28,38.224373
1.0,17,38.224914
1.0,17,38.225442
1.0,24,38.226177
1.0,18,38.236954
1.0,34,38.238092
1.0,18,38.238663
1.0,40,38.239834
1.0,40,38.240999
1.0,83,38.253515
1.0,48,38.263182
1.0,28,38.264125
0.0,100,38.277122
1.0,26,38.278015
1.0,17,38.278548
1.0,46,38.27989
1.0,16,38.280393
1.0,68,38.292478
1.0,19,38.293172
1.0,16,38.293686
1.0,25,38.294433
1.0,48,38.295834
1.0,56,38.307585
1.0,42,38.308908
1.0,11,38.309276
0.0,100,38.322278
0.0,100,38.325231
1.0,33,38.326218
1.0,31,38.336493
1.0,16,38.337178
1.0,32,38.338138
1.0,89,38.340669
1.0,47,38.352403
1.0,24,38.353487
1.0,21,38.354226
1.0,13,38.354657
1.0,18,38.355213
1.0,24,38.355944
1.0,21,38.35658
1.0,9,38.367431
1.0,35,38.368728
0.0,100,38.376966
1.0,30,38.381216
1.0,28,38.382281
1.0,20,38.383071
1.0,33,38.384547
1.0,23,38.387525
1.0,19,38.388155
1.0,91,38.396813
1.0,29,38.397917
1.0,34,38.399086
1.0,73,38.403472
1.0,46,38.406959
1.0,36,38.408035
1.0,98,38.417151
0.0,100,38.420288
1.0,14,38.420946
1.0,36,38.424109
1.0,16,38.424661
1.0,86,38.429424
1.0,81,38.439152
1.0,25,38.439957
1.0,88,38.442464
1.0,45,38.446209
1.0,24,38.449515
1.0,8,38.450037
1.0,41,38.453635
1.0,22,38.454545
1.0,23,38.457501
1.0,92,38.462425
1.0,13,38.467287
1.0,55,38.46895
1.0,82,38.471286
1.0,16,38.474072
1.0,10,38.474645
1.0,61,38.478829
1.0,37,38.48229
1.0,25,38.483143
1.0,13,38.487398
1.0,36,38.48879
1.0,13,38.489349
1.0,41,38.494011
1.0,90,38.506248
1.0,26,38.507358
1.0,83,38.510051
1.0,29,38.511186
1.0,65,38.51517
1.0,16,38.515714
1.0,41,38.519197
1.0,25,38.520243
1.0,31,38.523576
1.0,20,38.524493
1.0,49,38.528129
1.0,76,38.532494
1.0,13,38.536057
1.0,8,38.536394
1.0,71,38.538534
1.0,79,38.545447
1.0,64,38.550618
1.0,38,38.551918
1.0,38,38.553217
1.0,76,38.559774
1.0,18,38.560427
1.0,8,38.562913
1.0,76,38.565332
1.0,64,38.574889
1.0,27,38.575824
1.0,19,38.576409
1.0,20,38.577084
1.0,19,38.577713
1.0,32,38.578701
1.0,16,38.579229
1.0,30,38.580163
1.0,30,38.584421
1.0,28,38.587737
1.0,34,38.58884
1.0,96,38.593862
1.0,63,38.599295
1.0,22,38.602328
1.0,26,38.603211
1.0,69,38.608237
1.0,15,38.612
1.0,20,38.612907
1.0,7,38.613244
1.0,13,38.613751
1.0,20,38.614453
1.0,46,38.61803
1.0,23,38.618823
1.0,31,38.621757
1.0,14,38.622212
1.0,36,38.62327
1.0,21,38.625929
0.0,100,38.630193
1.0,40,38.635682
1.0,33,38.638811
1.0,30,38.639764
1.0,30,38.64066
1.0,24,38.641384
1.0,16,38.645011
1.0,18,38.645653
1.0,17,38.646181
1.0,54,38.649906
1.0,55,38.653752
0.0,100,38.666129
1.0,47,38.667627
1.0,43,38.668886
1.0,88,38.671384
1.0,40,38.672595
1.0,59,38.677593
1.0,18,38.678175
1.0,68,38.682213
1.0,18,38.684862
1.0,30,38.686005
1.0,15,38.686483
1.0,59,38.691348
1.0,46,38.694807
1.0,29,38.695708
1.0,22,38.696374
1.0,9,38.698704
1.0,56,38.700315
0.0,100,38.707314
1.0,37,38.708514
1.0,21,38.709167
1.0,37,38.712264
1.0,33,38.713256
1.0,58,38.717969
1.0,22,38.721796
1.0,55,38.723447
1.0,39,38.724598
1.0,8,38.724894
1.0,30,38.727801
1.0,63,38.729615
1.0,31,38.730532
1.0,85,38.744557
1.0,26,38.745722
1.0,23,38.746584
1.0,74,38.748768
1.0,23,38.749462
1.0,11,38.749842
1.0,25,38.750587
1.0,15,38.751073
1.0,41,38.754417
1.0,27,38.75532
1.0,14,38.755778
1.0,15,38.756251
1.0,18,38.76112
1.0,20,38.761991
1.0,41,38.763199
1.0,11,38.763569
1.0,70,38.769761
1.0,34,38.773071
1.0,39,38.774521
1.0,34,38.77774
1.0,18,38.778324
1.0,39,38.781473
0.0,100,38.793798
1.0,55,38.795692
1.0,41,38.796933
1.0,93,38.799877
1.0,54,38.803722
1.0,42,38.807041
1.0,76,38.811222
1.0,57,38.815189
1.0,33,38.816355
1.0,15,38.819927
1.0,16,38.820476
1.0,84,38.823048
1.0,62,38.828348
1.0,28,38.832473
1.0,37,38.83367
1.0,34,38.834673
1.0,20,38.835283
1.0,48,38.839913
1.0,19,38.842929
1.0,60,38.847181
1.0,14,38.847759
1.0,51,38.851362
1.0,10,38.85182
1.0,95,38.867536
1.0,37,38.869112
1.0,16,38.869785
1.0,14,38.870305
1.0,16,38.87087
1.0,32,38.88212
1.0,86,38.884816
1.0,18,38.885393
1.0,20,38.886017
1.0,27,38.897013
1.0,42,38.898352
1.0,27,38.899167
1.0,39,38.900312
1.0,14,38.900771
1.0,62,38.912694
1.0,12,38.913418
1.0,31,38.914359
1.0,29,38.915233
1.0,37,38.916321
1.0,45,38.92782
1.0,17,38.928459
1.0,41,38.929672
1.0,12,38.930067
1.0,68,38.942253
1.0,20,38.943038
1.0,14,38.94349
1.0,19,38.944085
1.0,13,38.944505
1.0,14,38.944964
1.0,15,38.945441
0.0,100,38.957796
1.0,37,38.959038
1.0,51,38.960577
1.0,19,38.961205
1.0,17,38.971905
1.0,64,38.974011
1.0,87,38.988249
1.0,48,38.990003
1.0,9,38.990469
1.0,8,38.990803
1.0,91,39.003616
1.0,53,39.005514
1.0,11,39.006074
1.0,21,39.012345
1.0,44,39.0139
1.0,23,39.014596
1.0,36,39.015789
1.0,48,39.027709
1.0,65,39.030004
1.0,28,39.031137
1.0,20,39.042589
1.0,47,39.044239
1.0,69,39.046264
1.0,10,39.056674
1.0,80,39.059595
1.0,19,39.060461
1.0,75,39.072823
1.0,70,39.075117
1.0,37,39.082536
1.0,27,39.083523
0.0,100,39.088751
1.0,44,39.092305
1.0,46,39.093762
1.0,57,39.099849
1.0,57,39.104
1.0,22,39.104796
1.0,22,39.105465
1.0,86,39.111251
1.0,51,39.116251
1.0,22,39.119188
1.0,45,39.120589
1.0,17,39.123373
1.0,54,39.12504
1.0,16,39.125587
1.0,16,39.129627
1.0,24,39.130513
1.0,60,39.134388
1.0,32,39.137448
1.0,18,39.138065
1.0,32,39.139056
1.0,63,39.144286
1.0,10,39.146981
1.0,81,39.151381
1.0,27,39.152238
1.0,47,39.157207
1.0,95,39.162453
1.0,28,39.165407
1.0,16,39.165931
1.0,27,39.168806
1.0,39,39.170038
1.0,69,39.174317
1.0,74,39.178837
1.0,19,39.179519
1.0,29,39.180477
1.0,52,39.197584
1.0,31,39.198888
1.0,34,39.200061
1.0,37,39.201278
1.0,32,39.206397
1.0,26,39.217506
1.0,45,39.218943
1.0,26,39.219731
1.0,65,39.221595
1.0,12,39.23226
1.0,19,39.232908
0.0,100,39.236175
1.0,19,39.247191
1.0,72,39.249364
1.0,14,39.24983
1.0,23,39.250521
1.0,53,39.262237
1.0,61,39.264137
1.0,39,39.265307
1.0,42,39.266542
1.0,39,39.277917
1.0,38,39.279188
1.0,38,39.280582
1.0,28,39.281445
1.0,18,39.282014
1.0,28,39.282864
1.0,21,39.28353
1.0,14,39.29214
1.0,26,39.293051
1.0,53,39.29466
1.0,10,39.295026
1.0,25,39.306987
1.0,27,39.307961
1.0,29,39.308879
1.0,32,39.309883
1.0,13,39.310329
1.0,43,39.321781
1.0,27,39.322701
1.0,18,39.32326
1.0,32,39.32421
1.0,28,39.325052
1.0,25,39.325814
1.0,30,39.33688
1.0,54,39.338544
1.0,33,39.339525
1.0,17,39.340069
1.0,26,39.340853
1.0,21,39.34149
1.0,43,39.352917
1.0,88,39.355508
1.0,31,39.356439
1.0,60,39.368392
1.0,25,39.369273
1.0,38,39.370395
1.0,38,39.371515
1.0,84,39.384082
1.0,45,39.388093
1.0,14,39.388629
1.0,31,39.389539
1.0,33,39.390514
1.0,68,39.407839
1.0,42,39.409408
1.0,45,39.410966
1.0,56,39.412628
1.0,19,39.413213
1.0,38,39.427486
1.0,22,39.428263
1.0,38,39.429377
1.0,46,39.430741
1.0,20,39.431354
1.0,27,39.443369
1.0,7,39.443771
0.0,100,39.446591
1.0,19,39.452671
1.0,75,39.454967
1.0,9,39.455323
1.0,10,39.45569
1.0,49,39.467463
1.0,25,39.468389
1.0,85,39.470951
1.0,35,39.487266
1.0,55,39.48906
1.0,38,39.490232
0.0,100,39.503237
1.0,23,39.504051
1.0,32,39.505005
1.0,35,39.506042
1.0,18,39.512233
1.0,31,39.513206
1.0,14,39.513667
1.0,23,39.514361
1.0,40,39.515532
1.0,51,39.527162
1.0,49,39.528688
1.0,56,39.530296
1.0,81,39.542804
1.0,13,39.543339
1.0,13,39.543782
1.0,58,39.545443
1.0,9,39.545812
1.0,47,39.55745
1.0,57,39.559216
1.0,27,39.560074
1.0,38,39.561325
1.0,21,39.57247
1.0,39,39.573868
1.0,31,39.574822
1.0,23,39.575516
1.0,11,39.575896
1.0,27,39.586984
1.0,17,39.587718
1.0,45,39.589025
1.0,33,39.590007
1.0,28,39.590849
1.0,20,39.591459
1.0,85,39.604023
1.0,23,39.60483
0.0,100,39.617819
1.0,54,39.624342
1.0,42,39.625662
1.0,10,39.626003
1.0,14,39.626446
1.0,44,39.630908
1.0,66,39.635263
1.0,75,39.640994
1.0,36,39.642412
1.0,53,39.646492
1.0,10,39.648065
1.0,13,39.648503
1.0,55,39.652302
0.0,100,39.661906
1.0,54,39.665628
0.0,100,39.677089
1.0,33,39.678194
1.0,34,39.679199
1.0,24,39.679937
0.0,100,39.685209
1.0,38,39.689975
1.0,59,39.692054
1.0,11,39.692487
1.0,35,39.695563
1.0,88,39.701313
1.0,42,39.704988
1.0,33,39.707194
1.0,17,39.709813
0.0,100,39.71474
1.0,45,39.717169
1.0,41,39.720863
1.0,77,39.725889
1.0,36,39.729115
1.0,15,39.729644
0.0,100,39.736944
1.0,31,39.738022
1.0,57,39.741677
1.0,27,39.742491
1.0,18,39.743057
1.0,12,39.74345
1.0,35,39.746487
1.0,78,39.752127
1.0,49,39.755691
1.0,30,39.75659
1.0,13,39.759031
1.0,65,39.763079
1.0,14,39.763747
1.0,32,39.766882
0.0,100,39.771829
1.0,65,39.776125
1.0,18,39.7788
1.0,51,39.780393
1.0,10,39.782924
1.0,21,39.783637
1.0,57,39.787662
1.0,43,39.791476
1.0,24,39.79247
1.0,46,39.796212
1.0,29,39.799574
1.0,14,39.800292
1.0,18,39.803208
1.0,20,39.804161
1.0,14,39.806952
1.0,27,39.808037
1.0,20,39.81104
1.0,26,39.812135
1.0,28,39.813167
1.0,84,39.819258
1.0,56,39.82452
1.0,18,39.827822
1.0,44,39.82935
1.0,98,39.834432
1.0,31,39.838528
1.0,16,39.841103
1.0,10,39.841445
1.0,55,39.843188
1.0,59,39.848401
1.0,37,39.851712
1.0,47,39.855143
1.0,9,39.855466
1.0,8,39.85576
1.0,86,39.866668
1.0,46,39.868294
1.0,55,39.869892
1.0,93,39.872654
1.0,35,39.876142
1.0,35,39.880566
1.0,98,39.885489
1.0,13,39.887014
1.0,31,39.890333
1.0,54,39.894333
1.0,36,39.895561
1.0,41,39.899826
1.0,40,39.901029
1.0,58,39.906012
1.0,24,39.906895
1.0,20,39.907538
1.0,29,39.908451
1.0,32,39.909418
1.0,25,39.912232
1.0,46,39.913831
1.0,38,39.920459
1.0,43,39.924012
1.0,98,39.930168
1.0,33,39.931571
1.0,11,39.9321
1.0,14,39.934683
1.0,21,39.935715
1.0,21,39.936479
1.0,15,39.940028
1.0,29,39.940911
1.0,22,39.941577
1.0,78,39.947539
1.0,79,39.95255
1.0,25,39.955533
1.0,16,39.95709
1.0,8,39.957379
1.0,10,39.959736
1.0,21,39.960381
1.0,25,39.961148
1.0,27,39.96424
1.0,19,39.96511
1.0,32,39.967215
1.0,9,39.967582
1.0,27,39.968392
1.0,20,39.971048
1.0,31,39.971977
1.0,24,39.976822
1.0,28,39.977744
1.0,36,39.978803
1.0,33,39.97978
1.0,31,39.9807
1.0,53,39.992385
1.0,7,39.992769
1.0,27,39.99357
1.0,13,39.993999
1.0,28,39.99484
1.0,45,39.996144
1.0,26,40.007118
1.0,13,40.007664
1.0,77,40.009859
1.0,21,40.010502
1.0,14,40.01096
1.0,47,40.022669
1.0,17,40.023425
1.0,16,40.024009
1.0,21,40.02466
1.0,9,40.024972
1.0,51,40.026436
1.0,29,40.042706
1.0,32,40.044301
1.0,65,40.046174
1.0,45,40.052672
1.0,34,40.053795
1.0,57,40.055656
1.0,43,40.067218
1.0,37,40.068457
1.0,30,40.069355
1.0,65,40.071227
1.0,16,40.076806
1.0,29,40.079725
1.0,42,40.080958
1.0,46,40.084705
1.0,39,40.087202
1.0,9,40.087586
1.0,74,40.091721
1.0,68,40.095682
1.0,48,40.099449
1.0,22,40.100436
1.0,23,40.103203
1.0,50,40.106692
1.0,37,40.107788
1.0,23,40.108483
1.0,50,40.111986
0.0,100,40.124439
1.0,20,40.125185
1.0,46,40.126522
1.0,34,40.127542
1.0,31,40.128468
1.0,38,40.129587
1.0,40,40.132993
1.0,48,40.13683
1.0,91,40.141512
1.0,6,40.141792
1.0,40,40.145322
0.0,100,40.152115
1.0,23,40.154932
1.0,20,40.15555
1.0,31,40.156472
1.0,71,40.167304
1.0,64,40.174959
1.0,89,40.182866
1.0,80,40.185226
1.0,19,40.185846
1.0,22,40.186513
1.0,27,40.197534
1.0,35,40.198746
1.0,81,40.201139
1.0,18,40.211941
1.0,38,40.213235
1.0,19,40.213837
1.0,22,40.214502
1.0,32,40.21545
1.0,13,40.215882
1.0,19,40.216463
1.0,23,40.227415
1.0,28,40.228408
1.0,24,40.22918
1.0,43,40.230499
1.0,12,40.230937
1.0,27,40.242924
1.0,46,40.24443
1.0,60,40.246433
1.0,59,40.253529
1.0,100,40.266878
1.0,54,40.268559
1.0,46,40.273131
1.0,26,40.274133
1.0,56,40.277977
1.0,29,40.278937
1.0,94,40.284474
1.0,16,40.285064
0.0,100,40.297343
1.0,45,40.29881
1.0,7,40.299072
0.0,100,40.301916
1.0,38,40.303036
1.0,41,40.30639
1.0,51,40.309032
1.0,71,40.313256
1.0,43,40.3178
1.0,17,40.318469
1.0,32,40.321559
1.0,11,40.322026
1.0,14,40.322473
1.0,7,40.325898
1.0,28,40.326855
1.0,15,40.327331
1.0,25,40.328099
0.0,100,40.333091
1.0,54,40.337926
1.0,15,40.338494
1.0,52,40.342158
1.0,89,40.348009
1.0,33,40.351232
1.0,26,40.352117
1.0,15,40.352592
1.0,49,40.356253
1.0,100,40.364349
1.0,18,40.365062
1.0,24,40.365902
1.0,23,40.376909
1.0,27,40.377964
1.0,10,40.378407
1.0,20,40.379094
1.0,35,40.380487
1.0,67,40.382632
1.0,11,40.383041
1.0,30,40.397242
1.0,74,40.399731
1.0,67,40.41189
1.0,13,40.412414
1.0,31,40.413353
1.0,12,40.413759
1.0,15,40.414236
1.0,38,40.41535
1.0,38,40.416465
1.0,6,40.426882
1.0,26,40.427789
1.0,45,40.429095
1.0,30,40.429993
1.0,19,40.430576
1.0,27,40.431383
1.0,48,40.438971
1.0,46,40.440413
1.0,16,40.440929
1.0,89,40.457691
1.0,41,40.459038
1.0,25,40.459806
1.0,19,40.460393
1.0,71,40.462422
1.0,36,40.465655
1.0,21,40.466398
1.0,75,40.477183
1.0,25,40.478103
1.0,22,40.478784
1.0,9,40.479097
1.0,33,40.480365
1.0,50,40.484392
1.0,16,40.485153
1.0,13,40.485576
1.0,24,40.487419
1.0,11,40.489967
1.0,50,40.491519
1.0,30,40.49455
1.0,17,40.495171
1.0,18,40.496874
1.0,23,40.499992
1.0,24,40.501031
1.0,39,40.504454
1.0,17,40.505091
1.0,68,40.511273
1.0,52,40.513057
1.0,11,40.513541
1.0,38,40.516929
1.0,15,40.517503
1.0,32,40.520599
1.0,16,40.521197
1.0,12,40.521588
1.0,73,40.526937
1.0,37,40.528048
1.0,31,40.531116
1.0,8,40.531493
1.0,19,40.532094
0.0,100,40.544219
1.0,22,40.544997
1.0,47,40.546358
1.0,26,40.547156
1.0,20,40.547779
1.0,43,40.549021
1.0,48,40.552461
1.0,21,40.55315
1.0,15,40.555667
1.0,34,40.556746
1.0,40,40.559964
1.0,95,40.564744
1.0,53,40.567436
1.0,12,40.570282
1.0,47,40.574005
1.0,9,40.574401
1.0,61,40.577178
1.0,34,40.580243
1.0,63,40.584403
1.0,49,40.586234
1.0,10,40.586581
1.0,35,40.588783
1.0,60,40.592861
1.0,93,40.599087
1.0,28,40.605334
1.0,21,40.606243
1.0,32,40.607356
1.0,54,40.609179
1.0,10,40.611828
1.0,24,40.612673
1.0,91,40.619533
1.0,21,40.620512
1.0,16,40.623244
1.0,8,40.623623
1.0,23,40.624318
1.0,9,40.626838
1.0,48,40.62832
1.0,21,40.630985
1.0,8,40.631275
1.0,11,40.631655
1.0,35,40.634989
1.0,43,40.636561
1.0,50,40.641656
1.0,21,40.642409
1.0,14,40.644879
1.0,40,40.646057
1.0,30,40.64927
1.0,21,40.650217
1.0,27,40.653194
1.0,24,40.654017
1.0,50,40.657486
1.0,19,40.658099
1.0,48,40.661496
1.0,25,40.662339
1.0,22,40.665398
1.0,15,40.666098
1.0,26,40.669173
1.0,47,40.672934
1.0,66,40.676964
1.0,58,40.678687
1.0,67,40.680589
1.0,30,40.681488
1.0,19,40.692247
1.0,17,40.693059
0.0,100,40.695903
1.0,39,40.706214
1.0,22,40.707017
1.0,21,40.707668
1.0,41,40.708869
1.0,76,40.711038
1.0,45,40.722509
1.0,68,40.72468
1.0,50,40.726388
1.0,32,40.73766
1.0,21,40.738397
1.0,73,40.740489
1.0,92,40.753401
1.0,24,40.754401
1.0,34,40.755531
1.0,35,40.766908
1.0,68,40.769379
1.0,20,40.770264
1.0,14,40.770841
1.0,14,40.771365
1.0,24,40.782581
1.0,40,40.784053
1.0,61,40.785853
1.0,8,40.786139
1.0,19,40.796025
1.0,51,40.80305
1.0,29,40.80409
1.0,24,40.804972
1.0,26,40.805926
1.0,12,40.806409
1.0,13,40.817171
1.0,45,40.818877
1.0,45,40.820462
1.0,27,40.821448
1.0,29,40.832733
1.0,46,40.83448
0.0,100,40.848042
1.0,24,40.853721
1.0,24,40.85453
1.0,12,40.854942
1.0,25,40.8557
1.0,60,40.862778
1.0,21,40.863691
1.0,29,40.864572
0.0,100,40.877596
1.0,25,40.878452
1.0,9,40.878783
1.0,44,40.880061
1.0,66,40.896135
1.0,14,40.896729
0.0,100,40.899574
1.0,20,40.900225
1.0,53,40.912069
1.0,13,40.912721
1.0,26,40.913552
1.0,9,40.91389
1.0,63,40.915787
1.0,16,40.916333
1.0,27,40.927483
1.0,30,40.928548
1.0,20,40.929218
1.0,43,40.930533
1.0,17,40.931111
1.0,22,40.942
1.0,37,40.943323
1.0,57,40.945278
1.0,39,40.955874
1.0,34,40.962087
1.0,28,40.963006
1.0,76,40.96518
1.0,32,40.966136
1.0,31,40.976739
1.0,53,40.978361
1.0,58,40.980038
1.0,34,40.981047
1.0,23,40.981755
1.0,66,40.98684
1.0,8,40.987273
1.0,10,40.987622
1.0,73,40.98972
1.0,100,40.99695
1.0,32,41.001242
1.0,37,41.002486
1.0,37,41.003581
1.0,27,41.004395
1.0,36,41.005483
1.0,18,41.017323
1.0,8,41.017759
1.0,39,41.018936
1.0,15,41.019427
1.0,65,41.021342
1.0,8,41.03193
1.0,31,41.033151
1.0,40,41.034367
1.0,22,41.035071
1.0,47,41.036464
1.0,20,41.039236
1.0,34,41.040329
1.0,27,41.044308
1.0,50,41.047042
1.0,59,41.051308
1.0,15,41.055157
1.0,25,41.05602
1.0,15,41.056497
1.0,16,41.057035
1.0,21,41.059855
1.0,18,41.060515
1.0,46,41.064203
1.0,8,41.064732
1.0,15,41.065279
1.0,12,41.066831
1.0,43,41.068888
1.0,77,41.073344
1.0,65,41.078696
1.0,44,41.082427
1.0,32,41.083475
1.0,58,41.09031
1.0,72,41.094493
1.0,63,41.098404
1.0,70,41.102513
1.0,13,41.105028
1.0,11,41.105425
1.0,39,41.106569
1.0,49,41.110088
1.0,33,41.113153
0.0,100,41.118101
1.0,36,41.119207
1.0,11,41.119576
1.0,15,41.122173
1.0,6,41.122558
1.0,21,41.123324
1.0,28,41.126419
0.0,100,41.132678
1.0,48,41.136195
1.0,75,41.13937
1.0,33,41.14238
1.0,68,41.146342
1.0,41,41.148552
1.0,13,41.148985
1.0,35,41.152028
1.0,69,41.156022
1.0,54,41.158614
1.0,37,41.161737
1.0,12,41.162137
1.0,20,41.162755
1.0,32,41.165708
1.0,65,41.168599
1.0,39,41.170747
1.0,79,41.175016
1.0,15,41.175506
1.0,14,41.178145
1.0,34,41.179326
1.0,24,41.182085
0.0,100,41.188246
1.0,7,41.188594
1.0,17,41.19117
1.0,10,41.191549
1.0,12,41.191996
1.0,29,41.195033
1.0,37,41.196221
1.0,60,41.20236
1.0,49,41.208019
1.0,47,41.217731
1.0,32,41.223901
1.0,9,41.224309
1.0,35,41.225352
1.0,52,41.226876
1.0,87,41.231356
1.0,18,41.231955
1.0,20,41.232584
1.0,18,41.235182
1.0,21,41.235851
1.0,11,41.236227
1.0,12,41.237655
1.0,26,41.238434
1.0,16,41.240956
1.0,54,41.242506
1.0,35,41.246553
1.0,39,41.247759
1.0,31,41.24871
1.0,17,41.249257
0.0,100,41.257146
1.0,74,41.259315
1.0,28,41.260161
1.0,85,41.273755
1.0,22,41.274731
1.0,54,41.276283
1.0,62,41.27811
1.0,22,41.278811
1.0,7,41.279082
1.0,53,41.282666
1.0,12,41.28307
0.0,100,41.287924
1.0,52,41.291443
1.0,45,41.294811
1.0,10,41.295171
0.0,100,41.300368
1.0,47,41.304027
1.0,44,41.307418
1.0,18,41.308019
1.0,33,41.311041
1.0,33,41.312082
1.0,28,41.315223
1.0,91,41.320534
1.0,37,41.328108
1.0,46,41.329746
1.0,60,41.331846
1.0,14,41.332501
1.0,10,41.332921
1.0,16,41.333494
1.0,57,41.338523
1.0,15,41.339112
1.0,38,41.34233
1.0,26,41.343251
1.0,75,41.348677
1.0,13,41.349311
1.0,40,41.352755
1.0,19,41.353449
1.0,46,41.357855
1.0,31,41.360821
1.0,10,41.361169
1.0,6,41.361398
1.0,58,41.365431
1.0,68,41.369706
1.0,31,41.372736
1.0,16,41.373254
1.0,30,41.374151
1.0,39,41.378044
1.0,23,41.382195
1.0,46,41.383726
1.0,76,41.388087
1.0,26,41.388964
1.0,39,41.392386
0.0,100,41.398883
1.0,8,41.39928
1.0,15,41.402939
1.0,13,41.403459
1.0,23,41.404166
1.0,9,41.404479
1.0,15,41.40724
1.0,34,41.408519
1.0,15,41.411449
1.0,55,41.415346
1.0,14,41.4159
1.0,92,41.421942
1.0,31,41.425385
1.0,27,41.426512
1.0,14,41.429171
1.0,20,41.429876
1.0,28,41.433084
1.0,38,41.434541
1.0,20,41.435331
1.0,17,41.438252
0.0,100,41.443662
1.0,70,41.449245
1.0,48,41.45336
1.0,40,41.458085
1.0,97,41.464501
1.0,57,41.468917
1.0,64,41.47322
1.0,65,41.485939
1.0,19,41.486832
0.0,100,41.489796
1.0,23,41.490515
1.0,29,41.491411
1.0,37,41.492866
1.0,42,41.49418
1.0,38,41.497636
1.0,9,41.498165
1.0,32,41.501503
1.0,10,41.502034
0.0,100,41.512237
1.0,56,41.514038
1.0,12,41.514517
1.0,21,41.51527
1.0,28,41.516264
1.0,24,41.527285
1.0,77,41.529596
1.0,9,41.529937
1.0,53,41.53146
1.0,25,41.542438
1.0,12,41.542944
1.0,16,41.543469
1.0,78,41.545744
1.0,10,41.546095
1.0,18,41.556812
1.0,18,41.557474
1.0,16,41.557996
1.0,67,41.559931
1.0,55,41.572036
1.0,67,41.574104
1.0,51,41.575698
1.0,49,41.587391
1.0,49,41.589011
1.0,38,41.590169
1.0,22,41.590852
1.0,21,41.591503
1.0,36,41.603023
1.0,29,41.606216
1.0,35,41.608492
1.0,15,41.609175
1.0,38,41.61605
1.0,36,41.622338
1.0,52,41.623936
1.0,72,41.630086
1.0,39,41.637393
1.0,57,41.644186
1.0,24,41.644987
1.0,15,41.645461
1.0,68,41.652473
1.0,36,41.653586
1.0,19,41.654182
1.0,51,41.655663
1.0,16,41.656166
1.0,8,41.656448
1.0,34,41.667591
1.0,18,41.66824
1.0,34,41.669255
1.0,21,41.669905
1.0,55,41.671486
1.0,40,41.677932
1.0,52,41.68291
1.0,79,41.687338
1.0,67,41.691305
1.0,17,41.694092
1.0,14,41.694787
1.0,26,41.696771
1.0,9,41.69719
1.0,23,41.699933
1.0,14,41.700414
1.0,49,41.70388
1.0,62,41.706682
1.0,28,41.70762
1.0,77,41.714415
1.0,14,41.714969
1.0,35,41.717034
1.0,30,41.720182
0.0,100,41.725095
1.0,32,41.727121
1.0,20,41.73001
1.0,33,41.731096
1.0,78,41.735486
1.0,16,41.737084
1.0,44,41.740389
1.0,64,41.744284
1.0,95,41.750029
1.0,35,41.751096
1.0,35,41.752132
1.0,40,41.755327
1.0,47,41.758715
1.0,24,41.759445
1.0,25,41.760217
1.0,29,41.763103
1.0,29,41.763975
1.0,46,41.767326
1.0,8,41.767633
1.0,19,41.768234
1.0,15,41.770746
1.0,35,41.77178
1.0,16,41.772283
1.0,24,41.775018
1.0,20,41.775641
1.0,12,41.776036
1.0,78,41.780287
1.0,14,41.782775
1.0,8,41.783072
1.0,73,41.787194
1.0,58,41.790915
1.0,40,41.792085
1.0,18,41.79466
1.0,19,41.795266
1.0,49,41.798759
1.0,81,41.803069
1.0,40,41.804247
1.0,18,41.806836
1.0,47,41.808199
1.0,30,41.811119
1.0,27,41.81196
1.0,36,41.815046
1.0,45,41.816356
1.0,59,41.820098
1.0,85,41.827068
1.0,21,41.827792
1.0,16,41.828311
1.0,23,41.82904
1.0,34,41.83214
1.0,86,41.838128
0.0,100,41.847221
1.0,32,41.848411
1.0,34,41.849586
1.0,25,41.850587
1.0,17,41.85124
1.0,25,41.854069
1.0,17,41.854634
1.0,11,41.855
1.0,25,41.857776
1.0,17,41.858332
1.0,10,41.858691
1.0,29,41.859571
1.0,11,41.861998
1.0,25,41.862894
1.0,9,41.863303
1.0,13,41.865936
1.0,11,41.866461
1.0,14,41.867946
1.0,16,41.868456
1.0,8,41.868751
1.0,27,41.869555
1.0,30,41.872485
1.0,22,41.873201
1.0,12,41.875622
1.0,8,41.875935
1.0,16,41.876451
1.0,25,41.878258
1.0,25,41.87905
1.0,78,41.883416
1.0,21,41.88738
1.0,16,41.888012
1.0,28,41.892031
1.0,10,41.892469
1.0,81,41.894793
1.0,28,41.897776
1.0,10,41.898219
1.0,13,41.898651
1.0,33,41.901764
1.0,28,41.902793
1.0,37,41.907076
1.0,43,41.908422
1.0,17,41.911116
1.0,55,41.914957
1.0,13,41.915475
1.0,25,41.916239
1.0,12,41.919786
1.0,41,41.921121
1.0,65,41.923208
1.0,30,41.926294
1.0,26,41.928266
1.0,36,41.929359
1.0,38,41.933696
1.0,53,41.937531
1.0,29,41.93852
1.0,21,41.93917
1.0,33,41.942314
1.0,43,41.947016
1.0,21,41.947828
1.0,11,41.948209
1.0,11,41.948584
1.0,16,41.949108
1.0,41,41.953524
1.0,14,41.954243
1.0,34,41.957479
1.0,45,41.967298
1.0,68,41.969695
1.0,34,41.976276
1.0,20,41.982434
1.0,17,41.983216
1.0,11,41.983662
1.0,49,41.985269
1.0,52,41.997364
1.0,40,42.004139
1.0,34,42.005412
1.0,28,42.006289
1.0,19,42.012035
1.0,24,42.012914
0.0,100,42.016105
1.0,36,42.027426
1.0,28,42.02838
1.0,30,42.029302
1.0,57,42.030999
1.0,28,42.042085
1.0,42,42.043508
1.0,61,42.045326
1.0,34,42.046365
1.0,11,42.05696
1.0,70,42.059205
1.0,20,42.059903
1.0,57,42.066545
1.0,42,42.078162
1.0,28,42.079091
1.0,19,42.079726
1.0,48,42.081179
1.0,41,42.092565
0.0,100,42.095562
1.0,18,42.096152
0.0,100,42.109164
1.0,40,42.117828
1.0,26,42.125477
1.0,9,42.125909
1.0,10,42.126248
1.0,92,42.137617
1.0,18,42.138286
1.0,52,42.145175
1.0,35,42.15746
1.0,26,42.158486
1.0,83,42.172138
1.0,51,42.173745
1.0,55,42.17736
1.0,40,42.178539
1.0,20,42.18426
1.0,34,42.187334
1.0,36,42.188413
1.0,60,42.194259
1.0,73,42.203684
1.0,23,42.204531
1.0,22,42.205227
1.0,29,42.206095
1.0,17,42.216939
1.0,28,42.218195
1.0,85,42.220971
1.0,22,42.231961
1.0,11,42.232425
1.0,20,42.233107
1.0,68,42.235356
1.0,25,42.243442
1.0,38,42.244677
1.0,65,42.253563
1.0,26,42.254406
1.0,21,42.255062
1.0,39,42.256203
1.0,19,42.266974
1.0,15,42.267532
1.0,11,42.267947
1.0,38,42.269059
1.0,66,42.270947
1.0,74,42.278227
1.0,64,42.280151
1.0,48,42.281542
1.0,32,42.292591
1.0,38,42.29379
1.0,40,42.294962
1.0,27,42.295779
1.0,16,42.296281
1.0,9,42.296592
1.0,54,42.317536
1.0,71,42.319734
1.0,25,42.320649
1.0,27,42.321485
1.0,95,42.334376
1.0,26,42.33531
1.0,56,42.347244
1.0,10,42.347697
0.0,100,42.350583
1.0,40,42.361977
1.0,13,42.362487
1.0,12,42.3629
1.0,25,42.363659
1.0,59,42.365355
1.0,21,42.366011
1.0,13,42.367029
1.0,15,42.367511
1.0,15,42.368001
1.0,24,42.368732
1.0,88,42.371227
0.0,100,42.384198
1.0,29,42.385163
1.0,49,42.386577
1.0,34,42.397771
1.0,14,42.398259
1.0,13,42.398691
1.0,71,42.400715
1.0,52,42.412367
1.0,94,42.415389
1.0,47,42.428154
1.0,25,42.429031
1.0,31,42.429958
1.0,68,42.440291
1.0,57,42.447408
1.0,21,42.448325
1.0,23,42.449133
1.0,16,42.449666
1.0,16,42.450182
1.0,15,42.450685
1.0,23,42.451441
1.0,16,42.462156
1.0,16,42.462805
1.0,33,42.463904
1.0,29,42.464943
1.0,17,42.465581
1.0,50,42.478421
1.0,39,42.479602
1.0,90,42.489391
1.0,10,42.489847
1.0,50,42.491298
1.0,29,42.502398
1.0,9,42.502893
1.0,44,42.504182
0.0,100,42.510255
1.0,34,42.511398
1.0,26,42.512267
1.0,15,42.515118
1.0,75,42.519805
1.0,59,42.523915
1.0,70,42.528425
1.0,15,42.537445
1.0,12,42.538089
0.0,100,42.541295
1.0,46,42.552227
1.0,23,42.553383
1.0,34,42.5546
1.0,34,42.565971
1.0,7,42.566354
1.0,27,42.567273
1.0,46,42.568767
1.0,7,42.569088
1.0,61,42.57711
1.0,26,42.578101
1.0,37,42.579198
1.0,81,42.592069
1.0,25,42.593125
1.0,26,42.59392
1.0,26,42.594707
1.0,18,42.609162
1.0,46,42.610675
1.0,47,42.612207
1.0,34,42.622673
1.0,56,42.624715
1.0,11,42.625279
1.0,18,42.62595
1.0,23,42.637103
1.0,13,42.637854
1.0,38,42.639151
1.0,13,42.639759
1.0,50,42.641414
0.0,100,42.653727
1.0,11,42.654216
1.0,21,42.654915
1.0,79,42.666747
1.0,83,42.669198
1.0,51,42.681887
1.0,9,42.682354
1.0,35,42.683414
1.0,76,42.685585
1.0,28,42.686423
1.0,50,42.698039
1.0,43,42.699419
1.0,23,42.700167
1.0,12,42.700582
1.0,18,42.701185
1.0,36,42.712407
1.0,54,42.714071
1.0,40,42.71524
1.0,14,42.722153
1.0,16,42.722732
1.0,45,42.724081
1.0,19,42.724706
1.0,16,42.725207
1.0,48,42.726594
1.0,24,42.737562
1.0,24,42.73836
1.0,97,42.741316
1.0,17,42.752096
1.0,33,42.753252
1.0,17,42.753891
1.0,27,42.754804
1.0,60,42.767891
1.0,11,42.768372
1.0,13,42.768812
0.0,100,42.781808
1.0,43,42.783168
0.0,100,42.785999
1.0,45,42.797453
1.0,26,42.798334
1.0,26,42.799125
1.0,12,42.799521
1.0,16,42.800036
1.0,31,42.800958
1.0,79,42.813353
1.0,50,42.81491
1.0,47,42.816272
1.0,22,42.832431
1.0,21,42.833176
1.0,35,42.834231
0.0,100,42.847274
1.0,54,42.849061
1.0,56,42.850744
1.0,7,42.851001
1.0,40,42.862321
1.0,9,42.862746
1.0,42,42.863967
1.0,46,42.865314
1.0,10,42.865665
0.0,100,42.878692
1.0,54,42.880368
1.0,47,42.891845
1.0,9,42.892235
0.0,100,42.895094
1.0,70,42.907247
1.0,42,42.908549
0.0,100,42.911441
1.0,18,42.922119
1.0,57,42.923839
1.0,20,42.92445
1.0,26,42.925247
1.0,44,42.92657
1.0,15,42.937174
1.0,16,42.937762
1.0,10,42.93811
1.0,17,42.938786
1.0,27,42.939593
1.0,28,42.940459
1.0,22,42.941156
1.0,41,42.942366
1.0,55,42.953065
1.0,44,42.95445
1.0,14,42.954921
1.0,24,42.955673
1.0,61,42.967619
1.0,8,42.967999
1.0,27,42.96882
1.0,36,42.969875
1.0,14,42.970321
1.0,10,42.970674
1.0,31,42.981654
1.0,32,42.98283
1.0,20,42.983444
1.0,64,42.985336
1.0,75,42.990906
1.0,90,42.995725
1.0,16,42.996278
1.0,52,42.999806
1.0,9,43.000139
1.0,44,43.003509
1.0,62,43.007382
0.0,100,43.01231
1.0,32,43.0156
1.0,18,43.016314
1.0,19,43.022215
1.0,82,43.024782
1.0,72,43.037383
1.0,20,43.038262
1.0,23,43.043643
1.0,26,43.04451
1.0,66,43.046403
1.0,21,43.050379
1.0,34,43.053793
1.0,32,43.054878
1.0,43,43.057248
1.0,26,43.058099
1.0,13,43.058518
1.0,37,43.061794
1.0,20,43.064674
1.0,23,43.06585
1.0,74,43.070415
1.0,53,43.078675
1.0,38,43.080162
1.0,29,43.081218
1.0,10,43.084881
1.0,22,43.085847
1.0,39,43.087147
1.0,66,43.092428
1.0,63,43.096936
1.0,75,43.10711
1.0,14,43.107887
1.0,19,43.108554
1.0,25,43.10942
1.0,13,43.109952
1.0,39,43.111219
1.0,24,43.114366
1.0,90,43.121554
1.0,15,43.122312
1.0,37,43.123583
1.0,11,43.124098
1.0,18,43.127023
1.0,17,43.127882
1.0,19,43.128575
1.0,10,43.131294
1.0,21,43.132037
1.0,25,43.135968
1.0,50,43.139708
1.0,10,43.140584
1.0,14,43.141106
1.0,42,43.144499
1.0,24,43.145344
1.0,77,43.151106
1.0,13,43.153885
1.0,59,43.156804
1.0,94,43.161717
1.0,11,43.162276
0.0,100,43.174769
1.0,36,43.175945
1.0,63,43.177948
1.0,31,43.179139
1.0,23,43.182169
1.0,14,43.182741
1.0,41,43.187096
1.0,12,43.187566
1.0,81,43.189877
1.0,32,43.195439
1.0,23,43.196266
1.0,46,43.199712
1.0,72,43.203875
1.0,93,43.208659
1.0,28,43.209563
1.0,45,43.216316
1.0,47,43.22192
1.0,68,43.228167
1.0,14,43.232899
1.0,69,43.235017
1.0,86,43.2438
1.0,16,43.244467
1.0,18,43.254214
1.0,52,43.25829
1.0,19,43.258987
1.0,38,43.263423
1.0,64,43.269707
1.0,60,43.275754
1.0,70,43.283063
1.0,25,43.285954
1.0,92,43.296662
1.0,44,43.300077
1.0,44,43.301359
1.0,7,43.303632
1.0,33,43.304599
1.0,39,43.316889
1.0,46,43.318317
1.0,21,43.318968
1.0,38,43.320084
1.0,66,43.332103
1.0,18,43.332774
1.0,42,43.333998
1.0,84,43.33638
1.0,77,43.348998
1.0,61,43.350963
1.0,90,43.363905
1.0,55,43.365627
1.0,51,43.369142
1.0,14,43.369634
1.0,17,43.370178
1.0,16,43.372711
1.0,18,43.373297
1.0,75,43.377464
1.0,18,43.378055
1.0,11,43.378995
1.0,21,43.379662
1.0,24,43.380401
1.0,13,43.382852
1.0,77,43.385045
1.0,24,43.389807
1.0,45,43.391143
1.0,49,43.392584
1.0,17,43.395157
1.0,17,43.395706
1.0,69,43.399721
1.0,33,43.400705
1.0,46,43.402039
1.0,29,43.402907
1.0,53,43.415555
1.0,17,43.416174
1.0,52,43.41769
1.0,37,43.41877
1.0,35,43.419797
1.0,35,43.436959
1.0,15,43.437515
1.0,26,43.438317
1.0,23,43.439023
1.0,51,43.440498
1.0,18,43.441067
0.0,100,43.453056
1.0,48,43.456538
1.0,12,43.458122
1.0,56,43.46
1.0,38,43.46735
1.0,29,43.47034
1.0,11,43.470732
0.0,100,43.482931
1.0,48,43.487164
1.0,63,43.491134
1.0,41,43.496592
1.0,20,43.502393
1.0,9,43.506769
1.0,53,43.508329
1.0,43,43.509582
1.0,23,43.510283
1.0,72,43.522464
1.0,55,43.524138
0.0,100,43.537117
1.0,37,43.538305
1.0,25,43.539069
1.0,54,43.540631
1.0,13,43.541052
1.0,46,43.552742
1.0,17,43.553493
1.0,13,43.553981
1.0,21,43.554629
1.0,22,43.555296
1.0,33,43.556274
1.0,9,43.556586
1.0,53,43.56842
1.0,7,43.568726
0.0,100,43.581861
1.0,24,43.582758
1.0,79,43.585296
1.0,36,43.592741
1.0,17,43.593371
1.0,9,43.593708
1.0,32,43.597853
1.0,20,43.598678
0.0,100,43.612727
1.0,57,43.614821
1.0,20,43.615463
1.0,25,43.616223
1.0,45,43.627742
1.0,28,43.628692
0.0,100,43.641741
1.0,22,43.642884
1.0,89,43.645788
1.0,24,43.65713
0.0,100,43.66054
1.0,38,43.672334
1.0,20,43.673253
1.0,24,43.674114
1.0,25,43.675017
1.0,17,43.675669
1.0,22,43.67642
1.0,54,43.688288
1.0,71,43.690433
1.0,18,43.691014
1.0,46,43.692385
1.0,24,43.696427
1.0,40,43.700238
1.0,42,43.704003
0.0,100,43.711267
1.0,51,43.713065
1.0,27,43.716408
1.0,20,43.717371
1.0,54,43.721155
1.0,32,43.722301
1.0,20,43.723025
1.0,17,43.723561
0.0,100,43.738573
1.0,20,43.73929
1.0,36,43.74036
1.0,30,43.741254
1.0,19,43.750058
1.0,10,43.750508
1.0,33,43.756764
1.0,45,43.758256
1.0,12,43.758758
1.0,49,43.760297
1.0,51,43.777055
1.0,53,43.778771
1.0,20,43.779407
1.0,20,43.780051
1.0,71,43.787483
1.0,64,43.789755
1.0,100,43.803169
1.0,18,43.803874
1.0,15,43.80435
1.0,34,43.805439
1.0,76,43.82286
1.0,14,43.823413
1.0,20,43.824047
1.0,56,43.82578
1.0,18,43.826338
1.0,28,43.837336
1.0,35,43.838474
1.0,16,43.838989
1.0,13,43.839411
1.0,29,43.840282
1.0,35,43.841314
1.0,33,43.846346
1.0,10,43.848775
1.0,19,43.849387
1.0,56,43.855056
1.0,15,43.855577
1.0,41,43.861845
1.0,89,43.864426
1.0,53,43.871037
1.0,44,43.876426
1.0,90,43.887153
1.0,20,43.893169
1.0,67,43.895321
1.0,7,43.895589
0.0,100,43.903693
1.0,12,43.90427
1.0,36,43.905482
1.0,16,43.906118
1.0,33,43.917579
1.0,27,43.918816
1.0,18,43.919524
1.0,16,43.920133
1.0,27,43.921052
1.0,10,43.921439
1.0,53,43.933146
1.0,67,43.938544
1.0,52,43.940078
1.0,29,43.940946
1.0,33,43.947053
1.0,20,43.947892
1.0,21,43.948637
1.0,16,43.949198
1.0,76,43.953439
1.0,29,43.956374
1.0,89,43.961927
1.0,18,43.962513
1.0,14,43.964985
1.0,35,43.966022
1.0,47,43.969393
1.0,23,43.970108
1.0,42,43.973338
1.0,13,43.973774
1.0,78,43.978008
1.0,14,43.978469
1.0,25,43.979231
1.0,27,43.980043
0.0,100,43.993014
1.0,10,43.993444
1.0,24,43.994257
1.0,24,43.995134
1.0,36,44.007713
1.0,97,44.013024
1.0,37,44.016215
1.0,81,44.02054
1.0,18,44.02112
1.0,31,44.025205
1.0,27,44.026135
1.0,9,44.026447
1.0,37,44.027545
1.0,47,44.031053
1.0,11,44.031593
1.0,33,44.032591
1.0,18,44.035281
1.0,14,44.035743
1.0,11,44.036111
1.0,62,44.040009
1.0,27,44.040887
1.0,84,44.053453
1.0,16,44.054095
1.0,27,44.054908
1.0,31,44.055846
1.0,29,44.065877
1.0,50,44.067444
1.0,28,44.068288
1.0,53,44.069818
1.0,62,44.075925
1.0,39,44.079251
1.0,30,44.08018
1.0,12,44.080572
1.0,12,44.083085
1.0,45,44.084465
1.0,92,44.089094
1.0,10,44.089452
1.0,45,44.093977
0.0,100,44.107445
1.0,54,44.109485
1.0,8,44.109968
1.0,12,44.110417
1.0,10,44.110802
1.0,31,44.111725
1.0,46,44.11306
1.0,38,44.127359
1.0,82,44.129806
1.0,67,44.142016
1.0,10,44.14279
1.0,17,44.143394
1.0,48,44.14497
1.0,57,44.157304
1.0,22,44.158386
1.0,31,44.159483
1.0,43,44.160965
1.0,98,44.174494
1.0,29,44.175788
1.0,12,44.176287
1.0,8,44.186769
1.0,24,44.187955
1.0,66,44.18987
1.0,11,44.190238
1.0,43,44.191483
1.0,11,44.202002
1.0,8,44.202381
1.0,17,44.202961
1.0,52,44.204655
1.0,35,44.207061
1.0,19,44.207892
1.0,25,44.208775
1.0,22,44.20955
1.0,50,44.211041
1.0,10,44.21138
1.0,63,44.223678
1.0,49,44.225208
0.0,100,44.238229
1.0,60,44.240236
1.0,9,44.240744
1.0,45,44.252463
1.0,26,44.262583
1.0,77,44.265154
1.0,39,44.269969
1.0,29,44.271137
0.0,100,44.276582
1.0,20,44.284964
1.0,90,44.287896
1.0,87,44.292735
1.0,16,44.293474
1.0,29,44.29757
1.0,59,44.299497
1.0,19,44.300137
1.0,10,44.300477
1.0,18,44.301042
1.0,20,44.311863
1.0,41,44.313262
1.0,33,44.314306
1.0,58,44.316077
1.0,63,44.328157
1.0,22,44.328979
1.0,21,44.329628
1.0,13,44.330047
1.0,59,44.333908
1.0,19,44.334597
1.0,18,44.337466
1.0,42,44.338767
1.0,8,44.339075
1.0,33,44.343224
1.0,57,44.347119
1.0,58,44.351029
1.0,21,44.35178
1.0,50,44.355376
1.0,18,44.356152
1.0,32,44.359438
1.0,41,44.360992
1.0,38,44.362153
1.0,19,44.362747
1.0,12,44.36314
1.0,13,44.363559
1.0,9,44.377188
1.0,14,44.377894
1.0,33,44.378992
1.0,28,44.380057
1.0,45,44.381568
1.0,32,44.396155
0.0,100,44.399367
1.0,18,44.400035
1.0,10,44.400375
1.0,48,44.412064
1.0,31,44.41323
1.0,12,44.413729
1.0,85,44.424533
1.0,22,44.425322
1.0,7,44.425578
1.0,13,44.432266
1.0,40,44.433517
1.0,30,44.434417
1.0,35,44.435463
1.0,42,44.446861
1.0,95,44.449665
1.0,69,44.456802
1.0,33,44.45789
1.0,16,44.467295
1.0,41,44.468583
1.0,72,44.470648
1.0,19,44.471232
1.0,24,44.482126
1.0,79,44.484501
1.0,14,44.484969
1.0,9,44.485279
1.0,45,44.486582
1.0,40,44.49816
1.0,37,44.49953
1.0,60,44.501468
1.0,93,44.514744
1.0,16,44.515513
1.0,15,44.516062
1.0,34,44.527283
1.0,50,44.528865
1.0,43,44.530127
1.0,70,44.542271
1.0,35,44.543413
1.0,50,44.544874
1.0,42,44.546098
1.0,18,44.556799
1.0,27,44.557711
1.0,68,44.559663
1.0,31,44.560575
0.0,100,44.573543
1.0,37,44.574741
1.0,12,44.575138
1.0,56,44.586929
1.0,14,44.587707
1.0,18,44.588267
1.0,83,44.590639
1.0,23,44.591338
1.0,14,44.601948
1.0,20,44.602695
1.0,31,44.603731
1.0,64,44.606982
1.0,17,44.607823
0.0,100,44.610892
1.0,17,44.6115
1.0,10,44.627035
1.0,17,44.627697
1.0,49,44.629253
1.0,34,44.63042
0.0,100,44.643553
1.0,11,44.644052
1.0,23,44.644774
1.0,50,44.646223
1.0,15,44.650746
1.0,19,44.651357
1.0,58,44.653055
1.0,34,44.656381
1.0,23,44.658287
1.0,15,44.658779
1.0,15,44.659253
1.0,26,44.662047
1.0,9,44.662365
1.0,26,44.663149
1.0,14,44.663596
1.0,50,44.668257
1.0,40,44.671864
1.0,68,44.675922
1.0,42,44.678169
1.0,38,44.67929
1.0,26,44.68215
1.0,22,44.683008
1.0,11,44.68347
1.0,72,44.688854
1.0,35,44.692652
1.0,34,44.695925
1.0,34,44.697171
1.0,58,44.701259
1.0,17,44.704258
1.0,40,44.706792
1.0,60,44.710767
1.0,21,44.711492
1.0,26,44.714581
1.0,49,44.717453
1.0,52,44.72157
1.0,56,44.725447
1.0,63,44.729737
1.0,14,44.730464
1.0,86,44.737516
0.0,100,44.747384
1.0,6,44.747848
1.0,34,44.748976
1.0,18,44.751906
1.0,41,44.753468
1.0,17,44.756416
1.0,17,44.757196
1.0,23,44.760154
1.0,44,44.761595
1.0,18,44.76463
1.0,13,44.765159
1.0,8,44.765481
1.0,54,44.77046
1.0,45,44.774237
1.0,45,44.776775
1.0,19,44.777531
1.0,47,44.781389
1.0,43,44.78638
1.0,19,44.787218
1.0,56,44.791018
1.0,46,44.795453
1.0,55,44.798554
1.0,34,44.801894
1.0,30,44.802937
1.0,30,44.805983
1.0,47,44.808648
1.0,25,44.811806
1.0,23,44.812619
1.0,44,44.816058
0.0,100,44.822367
1.0,25,44.825678
1.0,46,44.830394
1.0,35,44.831533
1.0,75,44.835826
1.0,59,44.840031
1.0,33,44.843379
1.0,15,44.843963
1.0,31,44.847046
1.0,16,44.847794
1.0,40,44.84916
1.0,44,44.854024
1.0,35,44.857442
1.0,21,44.858189
1.0,97,44.867577
1.0,40,44.869191
1.0,91,44.874181
1.0,36,44.877652
0.0,100,44.888253
1.0,9,44.888779
1.0,45,44.890243
1.0,18,44.890991
1.0,23,44.891793
1.0,60,44.904031
1.0,17,44.904778
1.0,8,44.905084
1.0,26,44.90591
1.0,43,44.907307
1.0,38,44.908571
1.0,88,44.911139
1.0,24,44.914136
1.0,55,44.918147
1.0,40,44.919489
1.0,45,44.924995
1.0,12,44.925494
1.0,7,44.925772
1.0,17,44.926301
1.0,22,44.928147
1.0,34,44.929442
1.0,18,44.932332
1.0,42,44.936982
1.0,68,44.939146
1.0,20,44.939801
1.0,10,44.940168
1.0,23,44.940907
1.0,22,44.951662
1.0,17,44.95242
1.0,30,44.953364
1.0,16,44.95391
1.0,14,44.95438
1.0,17,44.954963
1.0,13,44.955405
1.0,23,44.956142
1.0,19,44.966902
1.0,11,44.967357
1.0,69,44.96934
1.0,51,44.97284
1.0,61,44.976602
1.0,9,44.977959
1.0,13,44.978379
1.0,22,44.981067
1.0,37,44.982158
1.0,62,44.985947
1.0,14,44.986407
1.0,50,44.990038
1.0,29,44.993186
1.0,11,44.993754
1.0,58,44.997477
1.0,75,45.002675
1.0,31,45.003619
1.0,50,45.005263
1.0,55,45.022267
1.0,28,45.023302
1.0,6,45.023629
1.0,14,45.024124
1.0,22,45.024891
1.0,24,45.025742
1.0,62,45.037878
1.0,32,45.038955
1.0,39,45.040092
1.0,40,45.041263
1.0,15,45.051906
1.0,25,45.052796
0.0,100,45.055635
1.0,25,45.056393
1.0,9,45.066841
1.0,73,45.069013
1.0,17,45.069547
1.0,24,45.070278
1.0,15,45.070765
1.0,42,45.082107
1.0,52,45.083715
1.0,11,45.084085
1.0,70,45.086084
1.0,50,45.097873
1.0,35,45.099191
1.0,28,45.100193
1.0,26,45.101119
1.0,27,45.111163
1.0,22,45.111978
1.0,27,45.112898
1.0,33,45.114077
1.0,16,45.117344
1.0,24,45.118196
1.0,29,45.119068
1.0,41,45.120333
0.0,100,45.133444
1.0,19,45.134149
1.0,6,45.13438
1.0,19,45.134974
1.0,62,45.14695
1.0,83,45.149449
1.0,29,45.150324
1.0,13,45.150758
1.0,54,45.16446
1.0,33,45.165544
1.0,24,45.166276
1.0,30,45.169506
1.0,16,45.170252
1.0,76,45.174529
1.0,38,45.177878
1.0,25,45.17867
1.0,18,45.179226
1.0,16,45.181759
1.0,26,45.182591
1.0,31,45.183516
1.0,25,45.186283
1.0,10,45.187755
1.0,24,45.188686
1.0,53,45.192523
1.0,34,45.193631
1.0,27,45.194436
1.0,26,45.195228
1.0,54,45.206973
1.0,53,45.20862
1.0,33,45.209585
1.0,81,45.222137
1.0,21,45.223094
1.0,36,45.224351
1.0,92,45.229327
1.0,75,45.23694
1.0,69,45.239038
1.0,12,45.239438
1.0,17,45.241984
1.0,44,45.243265
1.0,13,45.245705
1.0,46,45.247083
1.0,67,45.251471
1.0,15,45.25744
0.0,100,45.265972
1.0,20,45.272067
1.0,24,45.272973
1.0,10,45.273366
0.0,100,45.27647
0.0,100,45.289994
1.0,37,45.293741
1.0,23,45.29696
1.0,17,45.297741
1.0,78,45.302459
1.0,59,45.309116
1.0,79,45.314082
1.0,22,45.317366
1.0,10,45.317972
1.0,27,45.324155
1.0,28,45.325307
1.0,29,45.326367
1.0,86,45.334417
1.0,20,45.335296
1.0,8,45.335689
1.0,9,45.336036
1.0,52,45.348015
1.0,18,45.35154
0.0,100,45.36438
1.0,53,45.366386
1.0,24,45.367356
1.0,11,45.367839
1.0,57,45.369736
1.0,42,45.371092
1.0,16,45.371597
1.0,39,45.377001
0.0,100,45.382404
1.0,13,45.386158
1.0,21,45.386937
1.0,22,45.387612
1.0,8,45.387898
0.0,100,45.390727
1.0,24,45.39145
1.0,20,45.402312
1.0,23,45.403192
1.0,52,45.404809
1.0,16,45.405447
1.0,15,45.406017
1.0,41,45.417564
1.0,14,45.418155
1.0,10,45.41851
1.0,83,45.424439
1.0,32,45.427938
1.0,38,45.429384
1.0,14,45.432173
1.0,13,45.432754
1.0,28,45.435713
1.0,63,45.438873
1.0,14,45.439539
1.0,64,45.447044
1.0,21,45.447886
1.0,41,45.449145
1.0,16,45.457443
1.0,21,45.458244
1.0,24,45.458997
1.0,33,45.459974
1.0,15,45.46045
1.0,26,45.461237
1.0,28,45.472233
1.0,39,45.473496
1.0,16,45.474013
1.0,27,45.474828
1.0,11,45.475194
0.0,100,45.48206
1.0,18,45.48469
1.0,19,45.485279
1.0,7,45.485534
1.0,51,45.490344
1.0,57,45.492207
1.0,32,45.496327
1.0,43,45.497693
1.0,39,45.498834
1.0,24,45.499557
1.0,22,45.502403
1.0,10,45.502847
1.0,59,45.504542
1.0,23,45.508419
1.0,24,45.509246
1.0,16,45.51198
1.0,78,45.514312
1.0,24,45.515047
1.0,21,45.515696
1.0,45,45.527197
1.0,8,45.527582
1.0,96,45.530303
1.0,28,45.531151
1.0,41,45.542625
1.0,33,45.545906
1.0,17,45.546574
1.0,26,45.548567
1.0,25,45.549504
1.0,39,45.554047
1.0,31,45.557094
1.0,24,45.557981
1.0,38,45.561456
1.0,26,45.562413
1.0,14,45.562898
1.0,11,45.563281
1.0,79,45.568664
1.0,20,45.56935
1.0,37,45.572537
1.0,46,45.576023
1.0,17,45.577632
1.0,52,45.579224
1.0,42,45.580513
1.0,22,45.585248
1.0,32,45.586251
1.0,68,45.589205
1.0,20,45.591846
1.0,38,45.59296
1.0,89,45.598545
1.0,23,45.599318
1.0,16,45.602992
1.0,45,45.604398
1.0,26,45.607347
1.0,10,45.607788
1.0,31,45.608709
1.0,40,45.612046
1.0,61,45.617086
1.0,24,45.617931
1.0,11,45.61831
1.0,30,45.619205
1.0,24,45.622095
1.0,25,45.622953
1.0,17,45.623483
1.0,57,45.628293
1.0,41,45.631647
1.0,35,45.634726
1.0,36,45.635796
1.0,44,45.639081
1.0,64,45.642933
1.0,32,45.643898
1.0,34,45.646916
1.0,21,45.647562
1.0,36,45.651642
1.0,19,45.652352
1.0,14,45.65281
1.0,29,45.653702
1.0,85,45.658392
1.0,14,45.658945
1.0,20,45.659555
1.0,22,45.662237
1.0,26,45.663029
1.0,16,45.66353
1.0,19,45.666128
1.0,22,45.667946
1.0,28,45.668993
1.0,26,45.673038
1.0,53,45.676714
1.0,51,45.678198
0.0,100,45.687346
1.0,35,45.688488
1.0,24,45.689224
1.0,26,45.690016
1.0,37,45.6911
1.0,21,45.695053
1.0,53,45.700007
1.0,51,45.701594
1.0,31,45.702527
1.0,80,45.708097
1.0,39,45.711583
1.0,26,45.712478
1.0,48,45.716029
1.0,15,45.716587
1.0,54,45.720332
1.0,18,45.722965
1.0,10,45.723337
1.0,41,45.724535
1.0,65,45.728422
1.0,33,45.731429
1.0,57,45.735093
1.0,28,45.735946
1.0,18,45.736504
1.0,17,45.739052
1.0,21,45.739706
0.0,100,45.744554
1.0,52,45.748099
1.0,12,45.748502
0.0,100,45.757384
1.0,13,45.758033
1.0,21,45.758688
1.0,13,45.759109
1.0,30,45.760008
1.0,27,45.760822
1.0,45,45.764135
1.0,22,45.76482
1.0,23,45.765511
1.0,32,45.768467
1.0,26,45.769256
1.0,25,45.772022
1.0,24,45.772758
1.0,66,45.777875
1.0,11,45.778341
1.0,17,45.781042
1.0,24,45.781924
1.0,40,45.785261
1.0,20,45.78599
1.0,24,45.789934
1.0,30,45.79095
1.0,17,45.791479
1.0,50,45.793104
1.0,28,45.796418
1.0,21,45.798487
1.0,54,45.802527
1.0,79,45.808305
1.0,27,45.811724
1.0,87,45.8178
1.0,22,45.818588
1.0,28,45.821447
1.0,24,45.822247
1.0,93,45.828514
1.0,17,45.829316
1.0,24,45.832446
1.0,34,45.833775
1.0,35,45.835013
1.0,66,45.847384
1.0,10,45.847958
1.0,73,45.850266
1.0,33,45.851493
1.0,37,45.863177
1.0,54,45.868262
0.0,100,45.877563
1.0,57,45.879636
1.0,79,45.884265
1.0,26,45.885153
1.0,22,45.887978
1.0,25,45.88883
1.0,15,45.889304
1.0,58,45.893412
1.0,43,45.903386
1.0,27,45.904487
1.0,18,45.905193
1.0,15,45.905806
1.0,16,45.906379
1.0,37,45.912879
1.0,40,45.914345
1.0,14,45.914951
1.0,26,45.915829
1.0,19,45.916507
1.0,19,45.927514
1.0,9,45.92808
1.0,15,45.93088
1.0,53,45.93481
1.0,54,45.936473
1.0,73,45.947324
1.0,24,45.948369
1.0,15,45.948997
1.0,94,45.952049
1.0,9,45.952492
1.0,25,45.953256
1.0,43,45.956512
1.0,64,45.959562
1.0,78,45.973111
0.0,100,45.976089
1.0,49,45.98778
1.0,17,45.988436
1.0,35,45.989517
1.0,34,45.990573
1.0,67,45.992709
1.0,53,45.997509
1.0,25,46.005913
1.0,21,46.006766
1.0,33,46.007764
1.0,18,46.008368
1.0,15,46.008936
1.0,10,46.009337
1.0,60,46.011283
1.0,12,46.011867
1.0,56,46.01594
1.0,29,46.019278
1.0,25,46.020214
1.0,25,46.023295
1.0,87,46.026186
1.0,65,46.038612
1.0,66,46.040637
1.0,44,46.052121
1.0,22,46.052984
1.0,28,46.053943
1.0,32,46.057261
1.0,42,46.061049
1.0,9,46.061655
1.0,87,46.06643
1.0,38,46.07069
1.0,31,46.073891
1.0,58,46.077008
1.0,59,46.080817
1.0,23,46.081526
1.0,15,46.084018
1.0,32,46.084984
1.0,35,46.087072
1.0,45,46.090803
1.0,20,46.093675
1.0,54,46.095272
1.0,32,46.097241
1.0,15,46.098169
1.0,43,46.099601
1.0,27,46.10268
1.0,12,46.103076
1.0,51,46.104539
1.0,32,46.109659
1.0,52,46.113575
1.0,10,46.114165
1.0,27,46.117201
1.0,53,46.122014
1.0,81,46.124435
1.0,12,46.124843
1.0,47,46.128681
1.0,15,46.129453
1.0,83,46.134018
1.0,21,46.137916
0.0,100,46.14328
1.0,35,46.147932
1.0,21,46.150702
1.0,21,46.151359
1.0,91,46.156396
1.0,61,46.161454
1.0,83,46.164914
1.0,23,46.167786
1.0,38,46.169122
1.0,64,46.173222
1.0,17,46.175874
1.0,48,46.178314
0.0,100,46.185635
1.0,28,46.188759
1.0,20,46.189419
1.0,14,46.189876
1.0,28,46.192745
1.0,17,46.193319
1.0,23,46.194051
1.0,27,46.194899
1.0,36,46.200177
1.0,26,46.201239
1.0,29,46.202116
1.0,39,46.203261
1.0,27,46.206257
1.0,65,46.209298
1.0,32,46.212542
1.0,19,46.213266
1.0,33,46.216535
1.0,58,46.223543
1.0,13,46.224038
1.0,94,46.235939
1.0,17,46.236635
1.0,25,46.237422
1.0,21,46.238115
1.0,25,46.238907
1.0,56,46.240513
1.0,68,46.247639
1.0,55,46.249511
1.0,53,46.253083
1.0,63,46.256916
1.0,88,46.259416
1.0,24,46.263166
1.0,50,46.266641
1.0,61,46.268395
1.0,13,46.270944
1.0,14,46.271459
1.0,68,46.273404
1.0,63,46.2784
1.0,18,46.284248
1.0,17,46.284916
1.0,41,46.286113
1.0,13,46.286535
1.0,44,46.29287
1.0,31,46.293839
1.0,11,46.294206
1.0,50,46.295663
1.0,46,46.307163
1.0,27,46.31255
1.0,24,46.313436
0.0,100,46.316479
1.0,42,46.328247
1.0,13,46.328849
1.0,28,46.329788
1.0,20,46.330528
1.0,37,46.342038
1.0,28,46.343214
1.0,68,46.345475
1.0,57,46.357564
1.0,46,46.359277
1.0,32,46.360482
1.0,12,46.361024
1.0,33,46.372206
1.0,10,46.37266
1.0,18,46.373267
0.0,100,46.379189
1.0,50,46.380765
1.0,17,46.381354
1.0,69,46.393709
1.0,45,46.395358
1.0,25,46.396348
1.0,50,46.408278
1.0,39,46.409803
1.0,14,46.410385
1.0,60,46.422653
1.0,57,46.424795
1.0,43,46.426338
1.0,37,46.438031
1.0,14,46.438775
1.0,47,46.440319
1.0,37,46.452008
1.0,63,46.454173
1.0,47,46.455577
1.0,39,46.46706
1.0,36,46.472838
1.0,46,46.474256
1.0,20,46.474889
1.0,29,46.47576
1.0,12,46.476171
1.0,28,46.487228
1.0,80,46.489646
1.0,68,46.49158
1.0,20,46.502494
1.0,69,46.504544
1.0,36,46.511956
1.0,17,46.512757
1.0,79,46.515155
1.0,54,46.527259
1.0,29,46.528451
1.0,21,46.529256
1.0,23,46.530088
1.0,39,46.531431
1.0,27,46.542522
1.0,15,46.543118
1.0,56,46.544745
1.0,37,46.545832
1.0,73,46.558114
1.0,33,46.56365
1.0,11,46.564033
1.0,59,46.565732
1.0,30,46.576734
1.0,12,46.577289
1.0,22,46.577973
1.0,24,46.578705
1.0,56,46.580309
1.0,36,46.581375
1.0,10,46.592327
1.0,41,46.593741
1.0,31,46.594668
1.0,19,46.59525
1.0,43,46.596498
1.0,29,46.607804
1.0,10,46.608377
0.0,100,46.611542
1.0,27,46.622933
1.0,51,46.624454
1.0,27,46.625272
1.0,44,46.626551
1.0,39,46.636906
1.0,61,46.63891
1.0,61,46.640716
0.0,100,46.653706
1.0,95,46.656488
1.0,75,46.668836
1.0,55,46.670515
1.0,22,46.671194
1.0,24,46.682154
1.0,43,46.683748
1.0,63,46.685557
1.0,11,46.685936
1.0,24,46.697104
1.0,86,46.702417
1.0,27,46.703555
1.0,71,46.711339
1.0,62,46.71346
1.0,49,46.717401
0.0,100,46.723712
1.0,28,46.727901
1.0,48,46.729507
1.0,22,46.730273
1.0,43,46.741931
1.0,76,46.744317
1.0,56,46.745958
1.0,17,46.746487
1.0,20,46.756273
1.0,81,46.76702
1.0,19,46.767733
1.0,15,46.768209
1.0,12,46.768625
1.0,30,46.769511
1.0,22,46.77019
1.0,20,46.770812
1.0,69,46.772782
1.0,76,46.77834
1.0,34,46.781552
1.0,46,46.786671
1.0,22,46.787522
1.0,12,46.788035
1.0,7,46.788338
1.0,9,46.788706
1.0,19,46.789363
1.0,53,46.793103
1.0,22,46.795912
1.0,10,46.796282
1.0,15,46.797781
1.0,18,46.798345
1.0,22,46.799021
1.0,28,46.801968
1.0,61,46.806316
1.0,58,46.809203
1.0,15,46.811753
0.0,100,46.817954
1.0,25,46.821636
1.0,23,46.822437
1.0,18,46.825043
1.0,25,46.826028
1.0,31,46.829344
1.0,41,46.830875
1.0,36,46.834385
1.0,21,46.835296
1.0,28,46.838524
1.0,71,46.843178
1.0,15,46.846183
1.0,52,46.84918
1.0,96,46.858003
1.0,19,46.861163
1.0,9,46.86171
1.0,19,46.862367
1.0,88,46.874708
1.0,15,46.875367
1.0,15,46.875913
1.0,38,46.877092
1.0,66,46.879157
1.0,37,46.88029
1.0,19,46.880884
1.0,35,46.884211
1.0,17,46.885026
1.0,53,46.888684
1.0,51,46.892242
1.0,32,46.8932
1.0,38,46.896323
1.0,16,46.897995
1.0,46,46.901645
1.0,7,46.9021
1.0,37,46.90319
1.0,36,46.906259
1.0,13,46.907706
1.0,24,46.908426
1.0,12,46.908828
1.0,35,46.911891
1.0,11,46.912333
1.0,19,46.913007
1.0,21,46.915982
1.0,51,46.918694
1.0,75,46.922862
1.0,21,46.923513
1.0,64,46.928557
1.0,24,46.932364
1.0,17,46.932929
1.0,79,46.937535
1.0,19,46.945681
1.0,31,46.946674
1.0,38,46.947784
1.0,45,46.94909
1.0,29,46.94996
1.0,45,46.951296
1.0,20,46.951976
1.0,42,46.955313
1.0,22,46.956192
1.0,51,46.961245
1.0,36,46.964913
1.0,41,46.967542
1.0,11,46.970334
1.0,21,46.971027
1.0,61,46.97279
1.0,14,46.973251
1.0,37,46.98069
1.0,71,46.983473
1.0,23,46.986842
1.0,48,46.988405
1.0,9,46.991949
1.0,79,46.996824
1.0,28,47.001222
1.0,14,47.001843
1.0,24,47.002598
1.0,50,47.005142
1.0,27,47.006029
1.0,29,47.009013
1.0,6,47.009313
1.0,20,47.009933
1.0,37,47.01313
1.0,74,47.017453
1.0,77,47.022876
1.0,15,47.023436
1.0,18,47.024005
1.0,9,47.024317
1.0,48,47.027731
1.0,46,47.031085
1.0,42,47.032473
0.0,100,47.038456
1.0,19,47.04214
1.0,15,47.042642
1.0,15,47.043118
1.0,24,47.045858
1.0,50,47.04734
1.0,13,47.050868
1.0,26,47.051709
0.0,100,47.054537
1.0,21,47.057208
1.0,22,47.057893
1.0,21,47.058534
1.0,16,47.061052
1.0,18,47.061618
1.0,20,47.062228
1.0,22,47.064912
1.0,9,47.065227
1.0,16,47.065739
1.0,43,47.068997
1.0,39,47.070139
1.0,49,47.073567
1.0,12,47.073978
1.0,33,47.076968
1.0,34,47.077973
1.0,75,47.082205
1.0,17,47.084968
1.0,19,47.085783
1.0,51,47.089601
1.0,14,47.090306
1.0,67,47.094438
1.0,55,47.098551
1.0,36,47.107144
1.0,17,47.107729
1.0,25,47.108477
1.0,17,47.109022
1.0,22,47.109707
1.0,15,47.110184
1.0,14,47.110646
1.0,16,47.111148
1.0,48,47.114745
1.0,46,47.117643
1.0,15,47.118351
1.0,44,47.121993
1.0,8,47.122383
0.0,100,47.135873
1.0,38,47.137255
1.0,60,47.138998
1.0,41,47.140197
0.0,100,47.145425
1.0,9,47.145978
1.0,11,47.146405
1.0,15,47.149184
1.0,16,47.149887
1.0,31,47.153274
1.0,56,47.157434
1.0,12,47.160107
1.0,55,47.163922
1.0,13,47.164448
1.0,22,47.165131
0.0,100,47.17126
1.0,8,47.17383
1.0,42,47.175163
1.0,10,47.175504
1.0,28,47.177396
1.0,15,47.181107
1.0,41,47.18244
1.0,51,47.183928
1.0,18,47.184487
1.0,12,47.187043
1.0,21,47.187773
1.0,48,47.191308
1.0,43,47.194801
1.0,65,47.198917
1.0,32,47.199965
1.0,8,47.200251
1.0,14,47.203864
1.0,18,47.204524
1.0,15,47.205011
1.0,36,47.20608
1.0,52,47.208669
1.0,12,47.209114
1.0,37,47.212349
1.0,32,47.213393
1.0,57,47.218252
1.0,17,47.22205
1.0,33,47.223129
1.0,31,47.224059
1.0,18,47.224626
1.0,45,47.228079
1.0,17,47.228716
1.0,29,47.229575
1.0,21,47.232321
1.0,10,47.232707
1.0,16,47.233208
1.0,24,47.238142
1.0,32,47.240615
1.0,15,47.241215
1.0,16,47.244024
1.0,32,47.245302
0.0,100,47.257738
1.0,21,47.258716
1.0,22,47.259501
1.0,29,47.260499
1.0,19,47.26122
0.0,100,47.266159
1.0,36,47.26849
1.0,11,47.269081
1.0,57,47.273133
1.0,16,47.276076
1.0,27,47.278
1.0,17,47.278544
1.0,17,47.279086
1.0,70,47.284528
1.0,27,47.287974
1.0,28,47.289053
1.0,11,47.289507
1.0,48,47.293371
1.0,39,47.297964
1.0,26,47.300862
1.0,92,47.307559
1.0,82,47.309956
1.0,37,47.311045
1.0,51,47.322659
1.0,20,47.323357
1.0,23,47.324068
0.0,100,47.33704
1.0,33,47.338121
1.0,27,47.338935
1.0,12,47.33933
1.0,19,47.33993
1.0,33,47.340907
1.0,18,47.341464
1.0,22,47.344152
1.0,59,47.345853
1.0,39,47.351025
1.0,11,47.351421
1.0,37,47.35251
1.0,16,47.354101
1.0,37,47.355189
1.0,31,47.358122
1.0,83,47.362493
1.0,96,47.368569
1.0,48,47.375201
1.0,26,47.376131
1.0,72,47.383706
1.0,20,47.384564
1.0,64,47.397024
1.0,29,47.398294
1.0,96,47.401438
1.0,22,47.402249
1.0,30,47.414431
1.0,68,47.416904
1.0,37,47.418081
1.0,56,47.419696
1.0,25,47.420443
1.0,33,47.421418
1.0,32,47.424691
1.0,80,47.434637
1.0,13,47.435328
1.0,58,47.441248
1.0,17,47.441901
1.0,43,47.443151
1.0,28,47.443993
1.0,13,47.444413
1.0,11,47.444787
1.0,23,47.445477
1.0,31,47.446418
1.0,38,47.457786
1.0,58,47.459587
0.0,100,47.467632
1.0,27,47.470961
1.0,24,47.472017
1.0,75,47.476556
1.0,18,47.484417
1.0,20,47.485092
1.0,17,47.485632
1.0,25,47.486381
1.0,32,47.487537
1.0,23,47.488285
0.0,100,47.493303
1.0,29,47.496442
1.0,43,47.498945
1.0,14,47.499509
1.0,86,47.50655
1.0,45,47.51835
1.0,13,47.518891
1.0,13,47.519348
1.0,31,47.524595
1.0,55,47.528578
1.0,19,47.52928
1.0,39,47.535573
1.0,11,47.536042
1.0,39,47.543406
1.0,28,47.544383
1.0,11,47.544776
1.0,35,47.549948
1.0,45,47.553713
1.0,49,47.558546
1.0,20,47.559274
1.0,73,47.56553
1.0,31,47.566539
1.0,18,47.577254
1.0,59,47.58221
1.0,75,47.584475
1.0,33,47.589639
1.0,14,47.590186
1.0,44,47.595709
1.0,23,47.596501
1.0,51,47.603172
1.0,39,47.615881
1.0,47,47.61738
1.0,26,47.618191
1.0,27,47.621185
1.0,49,47.626984
1.0,45,47.628572
1.0,96,47.63849
1.0,47,47.639988
1.0,10,47.64039
1.0,21,47.64114
1.0,42,47.652812
1.0,24,47.653801
1.0,42,47.6552
1.0,43,47.656511
1.0,27,47.667524
1.0,52,47.669209
1.0,21,47.669977
1.0,58,47.681932
1.0,43,47.683433
1.0,25,47.684359
1.0,43,47.685871
1.0,61,47.69804
1.0,75,47.700316
1.0,33,47.701299
1.0,57,47.713153
1.0,21,47.713995
1.0,37,47.715221
1.0,25,47.727464
1.0,31,47.728705
1.0,31,47.729836
1.0,21,47.73066
1.0,65,47.742819
1.0,38,47.744038
1.0,77,47.746223
1.0,38,47.75772
1.0,84,47.760532
1.0,49,47.772461
1.0,81,47.775018
1.0,59,47.786037
1.0,10,47.786821
1.0,96,47.789617
0.0,100,47.802636
1.0,8,47.80302
1.0,54,47.804706
1.0,26,47.805666
1.0,87,47.820895
1.0,44,47.822358
1.0,27,47.823181
1.0,26,47.83715
1.0,22,47.838012
1.0,37,47.839322
1.0,26,47.840325
1.0,17,47.840979
1.0,7,47.841281
0.0,100,47.854325
1.0,44,47.862171
1.0,89,47.865028
1.0,26,47.865992
0.0,100,47.883359
1.0,32,47.884522
1.0,22,47.885338
1.0,19,47.892187
1.0,72,47.894377
1.0,26,47.895221
1.0,20,47.89594
1.0,89,47.909045
0.0,100,47.922657
1.0,35,47.923983
1.0,24,47.92475
1.0,14,47.925198
1.0,21,47.932579
1.0,8,47.933051
1.0,20,47.933753
1.0,40,47.934933
1.0,39,47.936074
1.0,19,47.946968
1.0,52,47.948875
1.0,36,47.950206
0.0,100,47.963648
1.0,26,47.964524
1.0,27,47.977547
1.0,26,47.978455
1.0,8,47.978758
1.0,34,47.979756
1.0,20,47.980366
1.0,27,47.981184
1.0,13,47.991636
1.0,23,47.992742
1.0,17,47.993292
1.0,33,47.994271
1.0,40,47.99545
1.0,27,47.996261
1.0,36,48.00749
1.0,29,48.008453
1.0,18,48.009028
1.0,15,48.009503
0.0,100,48.022893
1.0,31,48.024113
1.0,17,48.024666
1.0,24,48.025385
1.0,21,48.02615
1.0,9,48.026463
1.0,45,48.037982
1.0,27,48.038921
1.0,15,48.039397
1.0,69,48.041408
1.0,70,48.048635
1.0,25,48.049553
1.0,30,48.050515
0.0,100,48.063785
1.0,81,48.066334
1.0,24,48.077428
1.0,38,48.078889
1.0,9,48.07934
1.0,46,48.080873
1.0,26,48.092159
1.0,78,48.09463
1.0,11,48.095011
1.0,19,48.095594
1.0,27,48.096405
1.0,59,48.108597
1.0,13,48.109283
1.0,29,48.110209
1.0,20,48.110836
1.0,9,48.111146
1.0,61,48.12343
1.0,67,48.125515
1.0,17,48.126058
1.0,39,48.137434
0.0,100,48.145831
1.0,19,48.146502
1.0,8,48.157034
1.0,23,48.157904
1.0,9,48.158216
1.0,15,48.158699
1.0,39,48.159838
1.0,15,48.160311
1.0,35,48.161339
1.0,57,48.173187
1.0,15,48.173849
1.0,27,48.174771
1.0,87,48.187677
1.0,38,48.188893
1.0,29,48.18981
1.0,10,48.190221
1.0,23,48.190995
1.0,49,48.202575
1.0,34,48.203713
1.0,15,48.204235
1.0,21,48.204979
1.0,27,48.205918
1.0,30,48.217082
1.0,28,48.218036
1.0,21,48.218689
1.0,38,48.219803
1.0,62,48.22157
1.0,13,48.232164
1.0,65,48.234137
1.0,68,48.236253
1.0,12,48.24701
1.0,7,48.247529
1.0,29,48.248562
1.0,27,48.249516
1.0,67,48.256687
1.0,78,48.259319
1.0,44,48.260906
1.0,34,48.272125
1.0,9,48.27254
1.0,11,48.272961
0.0,100,48.27581
1.0,19,48.276402
1.0,25,48.287519
1.0,22,48.288453
1.0,39,48.289786
1.0,27,48.290767
1.0,8,48.291078
1.0,27,48.302045
1.0,18,48.302736
1.0,31,48.30378
1.0,10,48.304225
1.0,14,48.304742
1.0,64,48.317053
1.0,80,48.319734
1.0,50,48.321263
1.0,49,48.332861
1.0,53,48.334593
1.0,14,48.335189
1.0,43,48.336586
1.0,95,48.349699
1.0,40,48.356183
1.0,19,48.362058
1.0,75,48.364532
1.0,49,48.366143
0.0,100,48.379231
1.0,13,48.37978
1.0,11,48.380148
1.0,19,48.380741
1.0,18,48.381298
1.0,34,48.392503
1.0,33,48.393654
1.0,58,48.395499
1.0,18,48.396255
1.0,34,48.407711
1.0,15,48.408438
1.0,42,48.409865
1.0,41,48.41117
1.0,50,48.422806
1.0,12,48.423298
1.0,28,48.424152
1.0,35,48.425186
1.0,89,48.438229
1.0,89,48.4412
1.0,22,48.452214
1.0,31,48.453311
1.0,31,48.454242
1.0,10,48.454581
1.0,16,48.455091
1.0,36,48.467916
1.0,34,48.469223
1.0,51,48.471003
1.0,51,48.483086
1.0,27,48.484189
1.0,41,48.485389
1.0,47,48.486787
1.0,68,48.49086
1.0,10,48.491238
1.0,29,48.495002
1.0,28,48.495898
1.0,38,48.49937
1.0,27,48.500501
1.0,26,48.503477
1.0,66,48.507482
1.0,49,48.510991
1.0,28,48.511897
1.0,36,48.515185
1.0,20,48.515914
1.0,28,48.518799
1.0,18,48.519387
1.0,64,48.52326
1.0,26,48.524089
1.0,59,48.527863
1.0,27,48.53077
1.0,40,48.531965
1.0,40,48.535169
1.0,94,48.540246
1.0,10,48.542891
1.0,43,48.54422
0.0,100,48.55629
1.0,45,48.557898
1.0,100,48.560737
1.0,14,48.561189
1.0,20,48.561827
1.0,30,48.56509
1.0,15,48.565835
1.0,23,48.568666
1.0,40,48.569878
1.0,18,48.570433
1.0,23,48.573145
1.0,38,48.57426
1.0,21,48.576954
1.0,33,48.578059
1.0,11,48.578485
1.0,23,48.579257
1.0,33,48.582258
1.0,10,48.58262
1.0,74,48.587752
1.0,26,48.58855
0.0,100,48.597656
1.0,22,48.598415
1.0,8,48.598719
1.0,59,48.600409
1.0,12,48.602983
1.0,45,48.604556
1.0,11,48.607151
1.0,38,48.608293
1.0,16,48.61082
1.0,10,48.611167
1.0,17,48.611708
1.0,20,48.612319
0.0,100,48.618352
1.0,58,48.622582
1.0,22,48.627398
1.0,27,48.628226
1.0,11,48.628591
0.0,100,48.631425
1.0,51,48.63531
1.0,41,48.638668
1.0,6,48.638917
1.0,51,48.642401
1.0,38,48.643522
1.0,39,48.64775
1.0,16,48.648382
1.0,11,48.650797
1.0,35,48.651838
1.0,26,48.654673
1.0,16,48.65539
1.0,27,48.656343
1.0,43,48.659699
1.0,46,48.661938
1.0,24,48.664683
1.0,77,48.669149
1.0,19,48.669982
1.0,14,48.670505
1.0,50,48.675104
1.0,34,48.677224
1.0,22,48.679912
1.0,18,48.680472
1.0,92,48.686432
1.0,34,48.687547
1.0,60,48.691283
1.0,59,48.694996
1.0,29,48.695874
1.0,15,48.696348
1.0,35,48.699729
1.0,16,48.700395
1.0,33,48.703462
1.0,33,48.704497
1.0,79,48.713906
1.0,38,48.715128
1.0,62,48.722073
1.0,14,48.722639
0.0,100,48.725821
1.0,44,48.737528
1.0,21,48.738456
1.0,41,48.739846
0.0,100,48.753329
1.0,48,48.754963
1.0,91,48.76793
1.0,48,48.769681
1.0,43,48.771219
1.0,24,48.782427
1.0,14,48.783134
1.0,23,48.783946
1.0,23,48.787746
1.0,12,48.788371
1.0,19,48.789048
1.0,31,48.790095
1.0,40,48.791442
1.0,36,48.803043
1.0,40,48.804496
1.0,20,48.805302
1.0,20,48.806039
0.0,100,48.819325
1.0,56,48.821161
1.0,32,48.832456
1.0,74,48.834911
1.0,55,48.83654
1.0,67,48.848633
1.0,30,48.849602
1.0,14,48.850069
0.0,100,48.863095
1.0,41,48.86443
1.0,56,48.86607
1.0,26,48.877205
1.0,38,48.878657
1.0,51,48.880338
1.0,34,48.88143
1.0,15,48.89213
1.0,77,48.894693
1.0,18,48.89545
1.0,77,48.908076
1.0,59,48.909933
1.0,24,48.910689
1.0,14,48.911192
1.0,37,48.922514
1.0,47,48.924022
1.0,25,48.932552
1.0,22,48.933315
1.0,28,48.936314
1.0,9,48.937799
1.0,29,48.938701
1.0,30,48.939584
1.0,73,48.947276
1.0,44,48.951195
1.0,57,48.955194
1.0,48,48.959912
1.0,38,48.961238
0.0,100,48.966285
1.0,10,48.968876
1.0,18,48.969524
1.0,29,48.970397
1.0,60,48.97428
1.0,22,48.977209
1.0,32,48.978252
1.0,10,48.978592
1.0,83,48.983112
1.0,74,48.988568
1.0,64,48.992676
1.0,65,48.997995
1.0,25,49.004122
1.0,31,49.005136
0.0,100,49.009006
1.0,73,49.014496
1.0,70,49.018816
0.0,100,49.026897
1.0,62,49.029124
1.0,95,49.037882
1.0,16,49.038485
1.0,29,49.039367
1.0,28,49.040211
1.0,14,49.042873
1.0,39,49.044269
1.0,17,49.046982
1.0,10,49.047393
1.0,64,49.05128
1.0,83,49.055725
1.0,8,49.056056
1.0,32,49.059272
1.0,16,49.060007
1.0,36,49.063245
1.0,18,49.063902
1.0,72,49.067979
1.0,36,49.071129
1.0,30,49.072186
1.0,11,49.072648
1.0,21,49.073351
1.0,26,49.077328
1.0,23,49.078128
1.0,53,49.082677
1.0,64,49.086531
1.0,20,49.08723
1.0,12,49.089921
1.0,22,49.090798
1.0,32,49.091845
1.0,10,49.092196
1.0,47,49.095568
1.0,33,49.096558
1.0,23,49.100278
1.0,34,49.101294
1.0,61,49.10509
1.0,28,49.106982
1.0,10,49.107325
1.0,18,49.109898
1.0,8,49.110187
1.0,15,49.110673
1.0,76,49.114854
1.0,26,49.11666
1.0,6,49.116891
1.0,14,49.117336
1.0,32,49.119298
1.0,96,49.127059
1.0,55,49.128901
1.0,15,49.129587
1.0,46,49.133341
1.0,49,49.136807
1.0,45,49.141133
1.0,47,49.142595
1.0,46,49.144161
1.0,49,49.149888
1.0,48,49.151385
1.0,18,49.151956
1.0,49,49.155377
1.0,45,49.158957
1.0,18,49.159829
1.0,36,49.161079
1.0,89,49.177006
1.0,21,49.177761
1.0,42,49.178982
1.0,12,49.179375
1.0,65,49.181236
1.0,25,49.192142
0.0,100,49.195101
1.0,16,49.195622
1.0,19,49.196206
1.0,36,49.207447
1.0,65,49.209415
1.0,25,49.210181
1.0,11,49.210548
1.0,27,49.211358
1.0,51,49.22322
1.0,34,49.224545
1.0,62,49.23601
1.0,27,49.244227
1.0,40,49.251885
1.0,24,49.252855
1.0,46,49.258692
1.0,66,49.265894
1.0,92,49.277094
1.0,63,49.280365
1.0,32,49.286112
1.0,87,49.295885
1.0,42,49.30103
1.0,16,49.301828
1.0,69,49.30876
1.0,12,49.30926
1.0,18,49.317253
1.0,77,49.324961
1.0,10,49.325397
1.0,60,49.328517
1.0,12,49.329178
1.0,21,49.332023
1.0,20,49.332741
1.0,10,49.33308
1.0,13,49.3335
1.0,46,49.337963
1.0,15,49.340871
1.0,25,49.341894
1.0,80,49.354916
1.0,36,49.356348
1.0,38,49.357587
1.0,35,49.358747
1.0,28,49.359792
1.0,71,49.372102
1.0,10,49.372542
1.0,15,49.373093
1.0,61,49.375099
1.0,12,49.37565
1.0,18,49.376268
1.0,45,49.3878
1.0,90,49.390446
1.0,44,49.398079
1.0,78,49.400392
1.0,16,49.400916
1.0,11,49.401281
1.0,62,49.413224
1.0,39,49.414474
0.0,100,49.427511
1.0,25,49.42837
1.0,10,49.428729
1.0,30,49.42962
1.0,29,49.430505
1.0,51,49.442401
1.0,16,49.44321
1.0,53,49.444832
1.0,17,49.445372
1.0,61,49.457383
1.0,14,49.463309
1.0,29,49.464426
1.0,47,49.465827
1.0,43,49.472663
1.0,27,49.473849
1.0,51,49.475348
1.0,37,49.476544
1.0,20,49.487535
1.0,53,49.48913
1.0,50,49.490572
1.0,15,49.491057
1.0,35,49.50225
0.0,100,49.505208
1.0,15,49.505704
1.0,31,49.515692
1.0,24,49.525944
0.0,100,49.528926
1.0,24,49.529667
1.0,12,49.530061
1.0,43,49.531312
1.0,25,49.542373
1.0,36,49.543657
1.0,93,49.546289
1.0,69,49.558689
1.0,42,49.560248
0.0,100,49.573648
1.0,33,49.574772
1.0,99,49.587933
1.0,43,49.589384
1.0,6,49.589737
1.0,24,49.59055
1.0,35,49.601886
1.0,43,49.603319
1.0,29,49.604366
1.0,23,49.605231
1.0,44,49.613031
1.0,39,49.614541
1.0,44,49.620527
1.0,69,49.622682
1.0,25,49.623433
1.0,12,49.623862
1.0,8,49.624179
1.0,17,49.637057
1.0,17,49.637855
1.0,38,49.644258
1.0,16,49.645056
1.0,21,49.645793
1.0,18,49.646421
1.0,31,49.656758
1.0,12,49.65737
1.0,45,49.658873
1.0,95,49.672146
1.0,30,49.673237
1.0,15,49.673837
1.0,16,49.674413
1.0,18,49.675075
1.0,20,49.675795
1.0,37,49.687154
1.0,54,49.688829
1.0,17,49.689363
1.0,15,49.689852
1.0,7,49.690108
1.0,40,49.691274
1.0,60,49.703142
1.0,9,49.703547
1.0,21,49.704254
1.0,71,49.706463
1.0,20,49.717396
0.0,100,49.720628
1.0,34,49.732022
1.0,31,49.733188
1.0,28,49.734066
1.0,90,49.746765
1.0,24,49.74804
1.0,18,49.748738
1.0,37,49.75
1.0,38,49.751354
1.0,14,49.762053
1.0,16,49.762681
1.0,31,49.763593
1.0,53,49.765126
1.0,11,49.765492
1.0,15,49.765976
0.0,100,49.778954
1.0,44,49.780341
1.0,24,49.781079
1.0,24,49.791934
1.0,11,49.792387
1.0,22,49.79307
1.0,57,49.794709
1.0,51,49.796177
1.0,18,49.806879
1.0,23,49.80768
1.0,13,49.808101
1.0,75,49.81046
0.0,100,49.823722
1.0,10,49.824267
1.0,29,49.825262
1.0,52,49.838292
1.0,34,49.839551
1.0,15,49.840119
1.0,16,49.840695
1.0,35,49.851893
1.0,60,49.853854
1.0,26,49.854647
1.0,26,49.855422
1.0,56,49.866198
1.0,21,49.866981
1.0,33,49.867959
1.0,66,49.869848
1.0,9,49.870161
1.0,86,49.88277
1.0,33,49.883855
0.0,100,49.896867
1.0,25,49.897741
1.0,39,49.898881
1.0,35,49.899913
1.0,34,49.900916
1.0,33,49.912066
1.0,32,49.913199
1.0,7,49.913525
1.0,51,49.915172
1.0,15,49.927001
1.0,46,49.928453
1.0,34,49.929457
1.0,35,49.930489
0.0,100,49.943621
1.0,55,49.947702
1.0,9,49.948122
1.0,58,49.954031
1.0,25,49.959061
1.0,37,49.961705
1.0,18,49.962523
1.0,17,49.96737
1.0,22,49.97249
1.0,18,49.97331
1.0,38,49.982819
1.0,10,49.983261
1.0,40,49.986439
1.0,14,49.98695
1.0,50,49.990848
1.0,15,49.991552
1.0,25,49.996549
1.0,16,49.997152
1.0,11,49.997517
1.0,36,49.998572
1.0,55,50.004652
1.0,30,50.015947
1.0,11,50.016415
1.0,8,50.01675
1.0,74,50.021366
1.0,100,50.028832
1.0,32,50.037221
1.0,11,50.043628
1.0,17,50.044295
1.0,18,50.047031
1.0,31,50.048183
1.0,54,50.057209
1.0,13,50.061148
1.0,24,50.06236
1.0,15,50.062969
1.0,53,50.07711
1.0,54,50.079135
1.0,46,50.080792
1.0,29,50.086011
1.0,64,50.090079
1.0,43,50.095813
1.0,25,50.10098
1.0,56,50.10587
1.0,49,50.109785
1.0,15,50.110519
1.0,35,50.117756
1.0,25,50.118589
1.0,22,50.119351
1.0,84,50.133333
1.0,19,50.134074
1.0,26,50.134861
1.0,18,50.135415
1.0,19,50.136011
1.0,23,50.146953
1.0,10,50.14745
1.0,74,50.149849
1.0,81,50.162722
1.0,24,50.163702
1.0,8,50.164049
1.0,62,50.166046
1.0,36,50.177435
1.0,18,50.178216
1.0,52,50.179747
1.0,52,50.181456
1.0,26,50.182465
1.0,21,50.19733
1.0,46,50.198791
1.0,18,50.19935
1.0,52,50.200858
1.0,37,50.212111
1.0,88,50.214757
1.0,28,50.215596
1.0,59,50.227475
1.0,70,50.229585
1.0,65,50.231452
1.0,12,50.24216
1.0,8,50.242706
1.0,53,50.244236
1.0,13,50.244672
1.0,41,50.245866
1.0,58,50.260526
1.0,40,50.261981
1.0,26,50.262798
0.0,100,50.268791
1.0,57,50.270646
1.0,20,50.271431
0.0,100,50.28453
1.0,38,50.28576
1.0,45,50.298095
1.0,41,50.29938
1.0,64,50.301222
1.0,48,50.312786
1.0,26,50.313678
1.0,24,50.314401
1.0,10,50.314749
0.0,100,50.327754
1.0,30,50.328761
0.0,100,50.331584
1.0,48,50.343384
1.0,70,50.34546
1.0,42,50.35694
1.0,42,50.35851
1.0,19,50.359308
1.0,41,50.360706
1.0,59,50.372683
1.0,16,50.373282
1.0,21,50.373979
1.0,15,50.374466
1.0,12,50.37487
1.0,14,50.375319
1.0,20,50.375943
0.0,100,50.389282
0.0,100,50.402936
1.0,14,50.40364
1.0,62,50.408402
1.0,62,50.410207
1.0,79,50.422867
1.0,20,50.423824
1.0,16,50.424422
1.0,27,50.425349
1.0,36,50.426588
1.0,39,50.438474
1.0,17,50.439213
1.0,83,50.452014
1.0,20,50.452794
1.0,58,50.454686
1.0,25,50.455725
1.0,17,50.456342
1.0,26,50.467338
1.0,38,50.468563
1.0,46,50.469906
1.0,23,50.470601
1.0,48,50.48232
1.0,26,50.483338
1.0,24,50.484069
1.0,84,50.48645
1.0,40,50.498021
1.0,54,50.500009
0.0,100,50.513494
1.0,53,50.518591
1.0,60,50.520658
1.0,32,50.532073
1.0,18,50.532917
1.0,23,50.5337
1.0,86,50.536343
1.0,12,50.54706
1.0,22,50.547956
1.0,7,50.548265
1.0,31,50.549286
1.0,28,50.550171
1.0,87,50.562808
1.0,37,50.564005
1.0,30,50.564899
1.0,19,50.565484
1.0,43,50.576968
0.0,100,50.579965
1.0,14,50.580423
1.0,24,50.581152
1.0,66,50.593246
1.0,67,50.595305
1.0,29,50.596179
1.0,41,50.607919
1.0,40,50.609498
1.0,36,50.610788
1.0,19,50.611504
1.0,88,50.624281
1.0,20,50.637505
1.0,24,50.638423
1.0,47,50.639886
1.0,25,50.640656
1.0,24,50.641376
1.0,24,50.652246
1.0,17,50.652889
1.0,18,50.653447
1.0,12,50.653852
1.0,37,50.654938
1.0,30,50.655832
1.0,11,50.6562
1.0,39,50.667489
1.0,10,50.667936
1.0,38,50.669047
1.0,15,50.669522
1.0,92,50.682287
1.0,84,50.684787
1.0,40,50.685962
1.0,41,50.69734
1.0,18,50.69805
1.0,15,50.698595
1.0,67,50.700644
1.0,19,50.701271
1.0,53,50.713262
1.0,16,50.714002
1.0,20,50.714625
1.0,22,50.715292
1.0,20,50.715945
1.0,9,50.716299
1.0,26,50.727307
1.0,31,50.728485
1.0,27,50.729304
1.0,38,50.730506
1.0,14,50.731033
1.0,44,50.742474
1.0,76,50.744769
1.0,40,50.746053
1.0,15,50.756957
1.0,43,50.758587
1.0,32,50.7598
1.0,61,50.761582
0.0,100,50.774956
1.0,18,50.775782
1.0,88,50.78897
1.0,11,50.789574
1.0,35,50.790784
1.0,37,50.802422
1.0,23,50.803454
1.0,21,50.804217
1.0,19,50.804908
1.0,36,50.806113
1.0,44,50.818045
1.0,32,50.819397
1.0,11,50.819911
1.0,18,50.820537
1.0,44,50.832377
1.0,30,50.833987
1.0,23,50.834809
1.0,15,50.835345
1.0,81,50.84796
1.0,25,50.848838
1.0,17,50.849365
1.0,96,50.862395
1.0,11,50.86304
1.0,18,50.863599
1.0,47,50.864982
1.0,14,50.865431
1.0,47,50.876976
1.0,11,50.877448
1.0,51,50.878943
1.0,31,50.879873
1.0,21,50.880527
1.0,34,50.881535
1.0,41,50.893107
1.0,9,50.893652
1.0,21,50.89439
1.0,52,50.896168
1.0,64,50.90864
0.0,100,50.918228
1.0,33,50.921595
1.0,18,50.922424
1.0,18,50.925344
1.0,21,50.926269
1.0,30,50.930396
1.0,34,50.931502
1.0,26,50.932348
0.0,100,50.939799
0.0,100,50.945616
1.0,54,50.949355
1.0,59,50.956226
1.0,14,50.956785
1.0,82,50.959123
1.0,43,50.960376
1.0,18,50.960949
1.0,34,50.973127
1.0,30,50.974151
1.0,52,50.975666
1.0,65,50.987719
1.0,93,50.990469
0.0,100,51.003498
1.0,22,51.004388
1.0,17,51.005075
1.0,12,51.005548
1.0,26,51.006428
1.0,46,51.01803
1.0,57,51.019783
1.0,25,51.020531
1.0,31,51.021561
1.0,12,51.03222
0.0,100,51.035205
1.0,52,51.046885
1.0,33,51.047958
1.0,34,51.048958
0.0,100,51.061914
1.0,38,51.06324
1.0,93,51.065886
1.0,13,51.066314
1.0,13,51.076875
1.0,56,51.078582
1.0,27,51.079396
1.0,32,51.080347
1.0,12,51.080753
1.0,19,51.081336
1.0,26,51.092504
1.0,46,51.094203
1.0,38,51.095346
1.0,42,51.096573
1.0,23,51.106564
1.0,20,51.107306
0.0,100,51.110153
1.0,30,51.111051
1.0,89,51.127757
1.0,46,51.129185
1.0,34,51.130193
1.0,22,51.130875
1.0,43,51.142252
1.0,15,51.142833
1.0,37,51.143923
1.0,60,51.145651
1.0,34,51.156943
1.0,42,51.15855
1.0,10,51.159079
1.0,58,51.160998
1.0,11,51.161549
1.0,15,51.172572
1.0,21,51.173429
1.0,14,51.17401
1.0,42,51.175399
1.0,42,51.187117
1.0,20,51.187993
1.0,10,51.188405
1.0,36,51.189565
0.0,100,51.203126
1.0,32,51.204445
1.0,92,51.216494
1.0,58,51.218515
1.0,55,51.220476
1.0,85,51.233594
1.0,18,51.234308
0.0,100,51.247323
1.0,20,51.24806
1.0,67,51.249978
1.0,62,51.262154
1.0,36,51.263737
1.0,25,51.264699
1.0,39,51.27742
1.0,16,51.278267
1.0,20,51.27903
1.0,17,51.279696
1.0,42,51.281128
1.0,10,51.292171
1.0,17,51.292891
1.0,20,51.293601
1.0,61,51.295661
1.0,36,51.307215
1.0,14,51.307866
0.0,100,51.310964
1.0,39,51.322518
1.0,52,51.324179
1.0,24,51.324913
1.0,38,51.326032
1.0,18,51.326593
1.0,40,51.338016
1.0,42,51.339265
1.0,47,51.34064
1.0,32,51.341578
1.0,50,51.353445
1.0,13,51.353945
1.0,65,51.355807
1.0,34,51.367067
1.0,12,51.367696
1.0,22,51.368448
1.0,15,51.369021
1.0,12,51.369462
1.0,61,51.371409
1.0,16,51.38245
1.0,23,51.383524
1.0,17,51.384079
1.0,31,51.384997
1.0,22,51.385676
1.0,32,51.396733
1.0,53,51.398457
1.0,14,51.39892
1.0,23,51.399626
1.0,27,51.400427
1.0,96,51.410347
1.0,8,51.410739
1.0,7,51.410997
1.0,19,51.411581
1.0,51,51.413051
1.0,37,51.427322
1.0,11,51.42781
1.0,54,51.429358
1.0,59,51.431054
1.0,50,51.442676
1.0,7,51.443029
1.0,23,51.443745
1.0,63,51.445533
1.0,12,51.445941
1.0,13,51.446363
1.0,11,51.455904
1.0,58,51.457765
1.0,25,51.458535
1.0,34,51.459674
1.0,15,51.460291
1.0,32,51.461368
1.0,49,51.473323
1.0,59,51.475246
1.0,25,51.47602
1.0,19,51.476601
1.0,24,51.488307
1.0,26,51.489268
1.0,12,51.48978
1.0,39,51.491029
1.0,50,51.502723
0.0,100,51.505933
1.0,23,51.516958
1.0,35,51.518109
1.0,17,51.518649
1.0,30,51.519545
1.0,14,51.520007
1.0,16,51.520509
1.0,9,51.520831
1.0,20,51.521441
1.0,49,51.533032
1.0,24,51.533875
1.0,50,51.535316
1.0,42,51.536542
1.0,53,51.548273
1.0,56,51.549987
0.0,100,51.563308
0.0,100,51.574178
1.0,12,51.574839
1.0,32,51.575914
1.0,53,51.587968
1.0,16,51.588741
1.0,76,51.591235
1.0,21,51.600951
1.0,19,51.606536
1.0,22,51.60737
1.0,16,51.607919
1.0,23,51.608715
1.0,40,51.610011
1.0,53,51.611549
1.0,48,51.624937
1.0,47,51.631816
1.0,18,51.632479
1.0,12,51.632889
1.0,25,51.633646
1.0,41,51.634862
1.0,21,51.635585
1.0,12,51.636074
1.0,12,51.636516
1.0,14,51.647164
1.0,16,51.647804
1.0,47,51.649358
1.0,35,51.650548
1.0,12,51.650955
1.0,54,51.662925
1.0,12,51.66357
1.0,12,51.664055
0.0,100,51.677593
1.0,36,51.679072
0.0,100,51.692429
1.0,94,51.695455
1.0,60,51.707528
1.0,20,51.713336
1.0,12,51.713812
1.0,21,51.714453
1.0,24,51.715184
1.0,43,51.716442
1.0,16,51.722001
1.0,12,51.722435
1.0,41,51.723643
1.0,15,51.724118
0.0,100,51.737106
1.0,49,51.738635
1.0,78,51.740856
1.0,8,51.74114
1.0,36,51.750405
1.0,25,51.753273
1.0,23,51.753988
1.0,9,51.7543
1.0,75,51.765708
1.0,27,51.766719
1.0,17,51.767249
1.0,17,51.767787
1.0,72,51.769846
1.0,30,51.770748
1.0,21,51.771385
1.0,24,51.772164
1.0,15,51.774971
1.0,46,51.776552
1.0,96,51.786352
1.0,59,51.788308
1.0,44,51.78982
1.0,47,51.791209
1.0,19,51.80193
1.0,51,51.8035
1.0,17,51.804048
1.0,41,51.805248
1.0,17,51.80579
1.0,79,51.818175
1.0,61,51.820133
1.0,13,51.82056
1.0,8,51.820854
1.0,14,51.821301
1.0,32,51.82225
1.0,27,51.837221
0.0,100,51.84024
1.0,47,51.852062
1.0,54,51.853962
1.0,13,51.854586
1.0,46,51.856099
1.0,28,51.867408
1.0,37,51.868849
1.0,26,51.869815
1.0,39,51.871137
1.0,28,51.882286
1.0,29,51.883361
1.0,41,51.88479
1.0,16,51.885448
1.0,28,51.89253
1.0,36,51.893746
1.0,42,51.89512
1.0,14,51.895734
1.0,74,51.90812
1.0,83,51.910584
1.0,28,51.911427
1.0,25,51.922503
1.0,48,51.924198
1.0,84,51.936953
1.0,56,51.939139
1.0,22,51.940029
1.0,37,51.941266
1.0,19,51.947338
1.0,20,51.948288
1.0,10,51.94875
1.0,70,51.951042
1.0,27,51.951954
1.0,90,51.956515
1.0,31,51.960857
1.0,12,51.96147
1.0,86,51.967037
1.0,31,51.968029
1.0,13,51.968451
1.0,33,51.971547
1.0,45,51.974953
1.0,54,51.976547
1.0,34,51.983693
1.0,20,51.984374
1.0,28,51.98522
1.0,14,51.985679
1.0,22,51.986363
1.0,57,51.998477
1.0,19,51.999337
1.0,16,51.999996
1.0,9,52.005009
1.0,12,52.005499
1.0,89,52.013459
1.0,29,52.014427
1.0,28,52.015272
1.0,39,52.016512
1.0,10,52.027347
1.0,100,52.030692
1.0,77,52.043541
1.0,61,52.04895
1.0,17,52.049782
1.0,40,52.051104
1.0,25,52.062325
1.0,44,52.064022
1.0,43,52.065569
1.0,20,52.066326
1.0,31,52.077622
1.0,18,52.078419
1.0,44,52.079909
1.0,49,52.081582
1.0,21,52.092501
1.0,13,52.092984
1.0,21,52.093723
1.0,38,52.095006
1.0,80,52.107935
1.0,30,52.109161
1.0,32,52.110337
1.0,71,52.12306
1.0,32,52.124353
1.0,36,52.13286
1.0,18,52.133696
1.0,21,52.134426
1.0,36,52.135669
1.0,33,52.147265
1.0,51,52.149226
1.0,67,52.151452
0.0,100,52.164739
1.0,14,52.16532
1.0,13,52.177274
1.0,9,52.177713
1.0,14,52.178162
1.0,19,52.178756
1.0,78,52.180979
1.0,22,52.19181
1.0,63,52.19374
1.0,12,52.194137
1.0,41,52.195336
1.0,29,52.1962
1.0,17,52.205893
1.0,9,52.206309
1.0,44,52.207625
1.0,17,52.208157
1.0,6,52.208384
1.0,94,52.211055
1.0,20,52.221841
1.0,26,52.22275
1.0,99,52.225864
1.0,13,52.226482
1.0,57,52.238586
1.0,14,52.239352
1.0,33,52.240403
1.0,56,52.252279
1.0,34,52.253473
1.0,19,52.254072
1.0,52,52.255568
1.0,59,52.268532
1.0,27,52.269572
1.0,19,52.270172
1.0,10,52.27051
1.0,13,52.270942
0.0,100,52.286953
1.0,34,52.288079
1.0,82,52.290404
1.0,14,52.290866
1.0,39,52.302154
1.0,53,52.303802
1.0,16,52.304307
1.0,30,52.305207
1.0,75,52.317522
1.0,33,52.318594
1.0,47,52.32011
1.0,23,52.320982
1.0,95,52.334237
1.0,38,52.335602
1.0,13,52.336037
1.0,83,52.348623
1.0,51,52.350709
1.0,97,52.363905
1.0,83,52.366373
1.0,59,52.378261
1.0,66,52.380257
1.0,76,52.392563
1.0,98,52.401897
1.0,14,52.402644
1.0,26,52.407772
0.0,100,52.4111
1.0,21,52.422316
1.0,62,52.424558
1.0,20,52.425461
1.0,79,52.438389
1.0,14,52.439131
1.0,34,52.440282
1.0,27,52.441203
1.0,9,52.441555
1.0,31,52.452664
1.0,40,52.453965
1.0,16,52.454536
1.0,7,52.454859
1.0,43,52.456253
1.0,34,52.467562
1.0,24,52.468393
1.0,12,52.468804
0.0,100,52.481878
1.0,21,52.482658
1.0,20,52.483347
1.0,84,52.486141
1.0,32,52.497488
1.0,55,52.499367
1.0,37,52.500736
1.0,23,52.50159
1.0,66,52.514376
1.0,52,52.516071
1.0,68,52.52869
1.0,71,52.531218
1.0,17,52.542165
1.0,49,52.543737
1.0,16,52.544241
1.0,35,52.545271
1.0,18,52.54584
1.0,9,52.54615
1.0,49,52.557814
1.0,11,52.558312
1.0,48,52.559712
1.0,23,52.560406
1.0,21,52.561055
1.0,68,52.57317
1.0,26,52.574065
0.0,100,52.58605
1.0,89,52.588709
1.0,14,52.589164
1.0,62,52.590946
1.0,19,52.591532
1.0,22,52.602374
1.0,32,52.603523
1.0,46,52.605104
1.0,9,52.605546
1.0,43,52.617209
1.0,44,52.623344
1.0,69,52.625452
1.0,26,52.637403
1.0,9,52.637834
1.0,7,52.638091
1.0,23,52.638794
1.0,52,52.640293
1.0,25,52.641053
1.0,47,52.647565
1.0,31,52.648571
1.0,61,52.652333
1.0,89,52.664008
1.0,10,52.664432
1.0,33,52.665424
1.0,53,52.666968
1.0,16,52.667469
1.0,66,52.669361
1.0,65,52.673268
1.0,34,52.674349
1.0,62,52.680336
1.0,48,52.683987
1.0,36,52.685171
1.0,23,52.686993
1.0,31,52.690186
1.0,12,52.69071
0.0,100,52.696759
1.0,24,52.697577
1.0,7,52.700157
1.0,22,52.701072
1.0,22,52.705045
1.0,88,52.709869
1.0,30,52.710879
1.0,29,52.711762
1.0,39,52.715242
1.0,39,52.719848
1.0,21,52.720807
1.0,48,52.725406
1.0,20,52.726135
1.0,24,52.726908
1.0,45,52.730573
1.0,43,52.734294
1.0,39,52.735528
1.0,42,52.741098
1.0,39,52.742465
1.0,31,52.743564
1.0,20,52.746756
1.0,12,52.74719
1.0,79,52.756709
0.0,100,52.760583
1.0,58,52.764549
1.0,14,52.765121
1.0,10,52.765479
1.0,56,52.770286
1.0,11,52.770771
1.0,8,52.771056
1.0,18,52.77162
1.0,41,52.774961
0.0,100,52.780087
1.0,11,52.782804
1.0,28,52.783743
1.0,13,52.784164
1.0,21,52.784814
1.0,53,52.7905
1.0,7,52.790864
1.0,71,52.795303
1.0,22,52.797269
1.0,47,52.800853
1.0,19,52.801527
1.0,45,52.806012
1.0,14,52.806553
1.0,7,52.806862
1.0,74,52.809318
1.0,29,52.810483
1.0,19,52.811255
1.0,22,52.822146
1.0,31,52.823418
1.0,8,52.823844
1.0,19,52.824499
1.0,28,52.82547
0.0,100,52.844074
1.0,64,52.846395
1.0,51,52.858642
1.0,28,52.859826
1.0,12,52.860347
1.0,61,52.872735
1.0,26,52.873852
1.0,11,52.874298
1.0,52,52.875901
1.0,28,52.886907
1.0,11,52.88737
1.0,23,52.88812
1.0,75,52.890514
1.0,48,52.902191
1.0,36,52.903438
1.0,23,52.904319
1.0,51,52.907097
1.0,36,52.908339
1.0,12,52.908867
1.0,54,52.910534
1.0,28,52.922616
1.0,75,52.925178
1.0,16,52.925829
1.0,13,52.926289
1.0,14,52.937109
1.0,56,52.93903
1.0,23,52.939855
1.0,33,52.940919
1.0,26,52.952688
1.0,12,52.953236
1.0,30,52.954201
0.0,100,52.967378
1.0,33,52.968459
1.0,63,52.975329
1.0,24,52.976116
1.0,23,52.981863
1.0,10,52.982241
1.0,17,52.982786
1.0,19,52.983371
1.0,30,52.984264
1.0,86,52.996845
1.0,25,52.997707
1.0,27,52.998506
1.0,21,52.999155
1.0,42,53.000384
1.0,13,53.000817
1.0,27,53.011759
1.0,22,53.012794
1.0,37,53.01391
1.0,45,53.015214
1.0,28,53.016054
1.0,18,53.026703
0.0,100,53.030166
1.0,9,53.030752
0.0,100,53.043817
1.0,17,53.04444
1.0,22,53.045192
1.0,90,53.05397
1.0,21,53.057262
0.0,100,53.060106
1.0,19,53.060709
1.0,20,53.061321
1.0,6,53.061549
1.0,35,53.072712
1.0,25,53.073543
1.0,12,53.073956
1.0,15,53.07443
1.0,87,53.087135
1.0,14,53.087682
1.0,10,53.088022
1.0,78,53.090237
1.0,19,53.090833
1.0,17,53.091357
1.0,56,53.103108
1.0,13,53.103641
1.0,17,53.104234
1.0,44,53.116873
1.0,54,53.118557
1.0,56,53.120174
1.0,31,53.121099
1.0,19,53.131845
1.0,88,53.134738
1.0,41,53.136207
1.0,41,53.146671
1.0,42,53.148021
1.0,17,53.148555
1.0,14,53.149014
1.0,52,53.150512
1.0,49,53.162253
1.0,18,53.172331
1.0,57,53.174269
1.0,34,53.175562
1.0,9,53.176035
1.0,45,53.187946
1.0,38,53.189384
1.0,17,53.189979
1.0,45,53.191483
1.0,49,53.203629
1.0,14,53.204289
1.0,24,53.20513
1.0,20,53.205856
1.0,26,53.217084
1.0,58,53.219216
1.0,19,53.22002
0.0,100,53.233573
1.0,27,53.234754
0.0,100,53.247893
1.0,33,53.249027
1.0,23,53.249731
1.0,17,53.250259
1.0,19,53.250852
1.0,19,53.251435
1.0,82,53.263955
1.0,18,53.264646
1.0,32,53.266808
1.0,20,53.267671
0.0,100,53.270865
1.0,37,53.282528
1.0,64,53.293898
1.0,33,53.295171
1.0,14,53.29581
1.0,36,53.307378
0.0,100,53.31088
1.0,12,53.31146
1.0,17,53.322261
1.0,64,53.324468
1.0,35,53.325811
1.0,43,53.337531
1.0,25,53.338407
1.0,15,53.338904
1.0,48,53.340292
1.0,45,53.351831
1.0,29,53.352843
0.0,100,53.355931
1.0,39,53.369496
1.0,20,53.370208
1.0,48,53.371611
1.0,26,53.372389
1.0,25,53.373148
1.0,9,53.37346
1.0,37,53.382758
1.0,24,53.383658
1.0,13,53.384087
1.0,24,53.384818
1.0,49,53.38623
1.0,82,53.399165
1.0,74,53.406371
1.0,26,53.41786
1.0,27,53.41905
1.0,15,53.419668
1.0,16,53.420246
1.0,13,53.420752
1.0,24,53.421574
1.0,36,53.433141
1.0,84,53.435559
1.0,93,53.44839
1.0,17,53.449039
1.0,14,53.449487
1.0,14,53.449944
1.0,24,53.450678
1.0,52,53.462325
1.0,17,53.462982
1.0,11,53.46335
1.0,11,53.463723
1.0,28,53.464553
1.0,29,53.465421
1.0,34,53.466425
1.0,6,53.476838
1.0,54,53.478513
1.0,21,53.479165
1.0,14,53.479624
1.0,13,53.480068
1.0,18,53.480636
1.0,28,53.481462
1.0,34,53.492869
1.0,20,53.493734
1.0,50,53.495195
1.0,20,53.495819
1.0,18,53.496374
0.0,100,53.508561
1.0,16,53.509282
1.0,23,53.509995
1.0,55,53.511569
1.0,20,53.512258
1.0,48,53.527061
1.0,63,53.52926
1.0,38,53.530587
1.0,27,53.531501
1.0,44,53.542973
1.0,15,53.543559
1.0,13,53.543998
1.0,51,53.545466
1.0,16,53.545981
1.0,65,53.558035
0.0,100,53.561
1.0,14,53.561457
1.0,9,53.57212
1.0,22,53.573069
1.0,29,53.573949
1.0,6,53.574179
1.0,14,53.574638
1.0,58,53.5763
1.0,23,53.587376
1.0,7,53.587909
1.0,44,53.589365
1.0,20,53.590203
1.0,82,53.603165
1.0,61,53.605369
1.0,48,53.610058
1.0,22,53.61098
1.0,36,53.612207
1.0,29,53.615505
1.0,38,53.619162
1.0,12,53.619771
1.0,41,53.621121
1.0,80,53.635011
1.0,12,53.635756
1.0,44,53.637158
1.0,79,53.639436
1.0,37,53.640545
1.0,11,53.640923
1.0,43,53.644183
1.0,65,53.647117
1.0,51,53.651078
1.0,36,53.654411
1.0,45,53.656764
1.0,72,53.661868
1.0,45,53.663414
1.0,62,53.667557
1.0,30,53.670553
1.0,52,53.672066
1.0,15,53.672544
1.0,31,53.675473
1.0,52,53.679276
1.0,46,53.682985
1.0,75,53.687227
1.0,10,53.687582
1.0,11,53.687957
1.0,18,53.688511
1.0,81,53.697076
1.0,34,53.698195
1.0,16,53.698713
1.0,10,53.699053
1.0,58,53.702748
1.0,14,53.703225
1.0,15,53.705719
1.0,20,53.706336
1.0,23,53.707105
1.0,13,53.707603
1.0,9,53.710416
1.0,42,53.714247
1.0,24,53.715227
1.0,100,53.7212
1.0,19,53.724129
1.0,26,53.725216
1.0,93,53.732557
1.0,9,53.732985
1.0,53,53.736525
1.0,8,53.736873
1.0,10,53.737256
1.0,23,53.740127
1.0,59,53.744333
1.0,54,53.747284
1.0,14,53.750845
1.0,38,53.752005
1.0,21,53.752718
1.0,43,53.754074
1.0,13,53.754548
1.0,12,53.757134
1.0,23,53.757999
1.0,23,53.758787
1.0,16,53.759332
1.0,28,53.764213
1.0,52,53.765756
1.0,21,53.766397
1.0,23,53.772319
1.0,18,53.773037
1.0,19,53.773631
1.0,17,53.77416
1.0,21,53.774827
1.0,15,53.775338
1.0,24,53.776131
1.0,74,53.788428
1.0,26,53.789313
1.0,23,53.79002
1.0,10,53.790359
1.0,7,53.790625
1.0,28,53.791451
1.0,37,53.802684
1.0,100,53.805612
1.0,10,53.805959
1.0,34,53.817133
1.0,30,53.818247
1.0,20,53.818874
0.0,100,53.832102
1.0,9,53.832737
1.0,13,53.833162
1.0,40,53.834327
1.0,33,53.835301
1.0,23,53.836006
1.0,17,53.836535
1.0,35,53.847949
1.0,47,53.8497
1.0,23,53.850535
1.0,63,53.862592
1.0,18,53.863253
1.0,16,53.863773
0.0,100,53.866591
1.0,22,53.877546
0.0,100,53.880407
1.0,74,53.892701
1.0,15,53.893275
1.0,13,53.893716
1.0,15,53.894191
1.0,73,53.896273
1.0,21,53.907123
1.0,22,53.908087
1.0,28,53.909109
1.0,28,53.910117
1.0,32,53.911167
1.0,48,53.922966
1.0,11,53.923534
1.0,35,53.924599
1.0,11,53.924974
1.0,19,53.925557
1.0,23,53.926261
1.0,17,53.936981
1.0,21,53.937888
1.0,21,53.938531
1.0,21,53.939183
1.0,22,53.939861
1.0,30,53.940756
1.0,15,53.941231
1.0,26,53.95227
1.0,13,53.95289
1.0,38,53.954005
1.0,20,53.954628
1.0,13,53.955049
1.0,82,53.967549
1.0,31,53.968572
1.0,15,53.969062
1.0,29,53.969928
1.0,26,53.976887
1.0,28,53.977832
1.0,10,53.978171
1.0,14,53.97863
0.0,100,53.981452
1.0,37,53.992967
1.0,89,53.995758
1.0,34,54.00727
1.0,35,54.008652
1.0,37,54.009997
1.0,24,54.010895
1.0,55,54.025795
1.0,35,54.032487
1.0,18,54.033392
1.0,15,54.034003
1.0,64,54.036064
1.0,43,54.047981
1.0,92,54.051121
1.0,22,54.06266
1.0,31,54.063862
1.0,36,54.064942
1.0,94,54.078084
1.0,14,54.078846
1.0,18,54.07948
1.0,52,54.081122
1.0,52,54.093061
1.0,64,54.095143
1.0,13,54.095582
1.0,6,54.09582
1.0,100,54.109157
1.0,36,54.110543
1.0,94,54.123872
1.0,48,54.125741
1.0,29,54.137141
1.0,19,54.138035
1.0,48,54.139688
1.0,16,54.140388
1.0,55,54.153874
1.0,31,54.155058
1.0,80,54.162591
1.0,20,54.163377
1.0,17,54.163954
1.0,65,54.165833
1.0,22,54.166554
0.0,100,54.17971
1.0,34,54.180829
0.0,100,54.193815
1.0,36,54.194985
1.0,45,54.196288
1.0,13,54.206889
1.0,34,54.208145
1.0,38,54.209265
0.0,100,54.222442
1.0,29,54.22352
1.0,9,54.223948
0.0,100,54.233436
1.0,24,54.23442
1.0,12,54.234868
1.0,41,54.236089
1.0,19,54.246845
1.0,9,54.247263
1.0,72,54.249321
1.0,45,54.250642
1.0,20,54.251253
1.0,60,54.2631
1.0,46,54.264526
1.0,90,54.277217
1.0,36,54.278374
1.0,20,54.278998
1.0,26,54.279784
1.0,86,54.29257
1.0,57,54.294476
1.0,30,54.295411
1.0,9,54.295736
1.0,56,54.31176
1.0,77,54.314226
1.0,54,54.322292
1.0,86,54.324931
1.0,16,54.325466
1.0,42,54.332915
1.0,52,54.334465
1.0,28,54.335309
1.0,32,54.336264
1.0,15,54.346881
0.0,100,54.349813
1.0,51,54.351286
1.0,24,54.362138
1.0,78,54.364442
1.0,23,54.365155
1.0,31,54.366078
1.0,8,54.366361
1.0,26,54.374261
1.0,20,54.376963
1.0,24,54.377702
1.0,22,54.378366
1.0,32,54.381324
1.0,59,54.385336
1.0,13,54.385956
1.0,35,54.38918
1.0,9,54.389702
1.0,19,54.390366
1.0,22,54.393179
1.0,61,54.395007
1.0,31,54.400178
1.0,17,54.400902
1.0,67,54.405292
1.0,39,54.408778
1.0,53,54.410369
1.0,23,54.413282
1.0,56,54.417496
1.0,23,54.41849
1.0,33,54.421874
1.0,22,54.424652
1.0,15,54.425137
1.0,34,54.426142
1.0,22,54.427298
1.0,42,54.428585
1.0,27,54.431832
1.0,48,54.435718
1.0,9,54.436114
1.0,13,54.43653
1.0,21,54.44036
1.0,61,54.444249
1.0,10,54.444653
0.0,100,54.450666
1.0,20,54.451387
1.0,35,54.454666
1.0,16,54.455271
1.0,8,54.455583
1.0,26,54.457454
1.0,23,54.460397
1.0,31,54.46157
1.0,23,54.464438
1.0,30,54.465345
1.0,46,54.469765
1.0,13,54.470271
1.0,23,54.471012
0.0,100,54.476441
1.0,36,54.482852
1.0,37,54.487343
1.0,47,54.494383
1.0,26,54.496226
1.0,18,54.503266
1.0,27,54.504389
1.0,30,54.508448
1.0,24,54.514942
1.0,71,54.524718
1.0,20,54.525424
1.0,24,54.526173
1.0,35,54.528527
1.0,45,54.532366
1.0,35,54.535942
1.0,23,54.537955
1.0,37,54.539114
1.0,22,54.542046
1.0,33,54.543298
1.0,24,54.546414
1.0,66,54.550927
1.0,54,54.554854
1.0,41,54.557314
1.0,45,54.561143
1.0,36,54.56478
1.0,34,54.567123
1.0,11,54.56757
1.0,37,54.570822
1.0,17,54.571431
1.0,80,54.57621
1.0,13,54.579204
1.0,48,54.583072
1.0,11,54.583535
1.0,69,54.587855
1.0,12,54.588474
1.0,37,54.591959
1.0,22,54.595212
1.0,40,54.598858
1.0,14,54.599409
1.0,32,54.600363
1.0,20,54.603308
1.0,15,54.604086
1.0,56,54.608177
1.0,28,54.611422
1.0,64,54.615571
1.0,51,54.619474
1.0,31,54.622872
1.0,34,54.624106
1.0,75,54.628477
1.0,43,54.634349
1.0,17,54.637386
1.0,37,54.641764
1.0,45,54.643255
1.0,30,54.64434
1.0,40,54.647858
1.0,23,54.648743
1.0,31,54.652009
1.0,75,54.657861
1.0,16,54.658461
1.0,35,54.661667
1.0,48,54.667413
1.0,51,54.66905
1.0,15,54.669536
1.0,41,54.670745
1.0,29,54.671598
1.0,21,54.682496
1.0,85,54.684923
1.0,36,54.685988
0.0,100,54.699001
1.0,53,54.700639
1.0,16,54.701142
1.0,35,54.714192
1.0,27,54.7151
1.0,23,54.715803
1.0,45,54.72225
1.0,41,54.723549
1.0,78,54.725777
1.0,53,54.737509
1.0,45,54.738948
1.0,51,54.74042
1.0,21,54.741075
1.0,56,54.752873
1.0,20,54.757327
1.0,39,54.758536
1.0,18,54.759106
0.0,100,54.772114
1.0,31,54.773169
1.0,13,54.773591
1.0,24,54.774318
1.0,21,54.774971
1.0,11,54.775337
1.0,32,54.776284
1.0,65,54.788346
1.0,59,54.790167
1.0,10,54.790511
1.0,41,54.801832
1.0,49,54.803343
1.0,30,54.804243
1.0,17,54.804784
1.0,14,54.805229
1.0,11,54.805591
1.0,20,54.806213
1.0,49,54.817777
1.0,16,54.818365
1.0,31,54.8193
1.0,12,54.819705
1.0,17,54.820233
1.0,11,54.820596
1.0,51,54.832407
1.0,25,54.833481
1.0,18,54.834151
1.0,16,54.834662
1.0,20,54.835269
1.0,23,54.835974
1.0,11,54.83634
1.0,50,54.848166
1.0,16,54.848912
1.0,19,54.849501
1.0,31,54.850419
1.0,51,54.862135
1.0,9,54.862735
1.0,14,54.863249
1.0,9,54.86363
1.0,46,54.86514
1.0,26,54.866155
1.0,13,54.87695
0.0,100,54.880341
1.0,56,54.892772
1.0,12,54.893493
1.0,8,54.893862
1.0,23,54.894668
1.0,23,54.895488
1.0,72,54.908107
1.0,13,54.908781
1.0,64,54.910848
1.0,8,54.911307
1.0,13,54.922065
1.0,14,54.92282
1.0,58,54.924734
1.0,22,54.925634
1.0,36,54.937112
1.0,44,54.938736
1.0,33,54.939941
1.0,44,54.941418
1.0,29,54.952814
1.0,11,54.953408
1.0,12,54.953886
1.0,30,54.954858
1.0,11,54.955261
1.0,30,54.956225
1.0,18,54.967281
1.0,50,54.96919
1.0,18,54.97256
1.0,59,54.974566
1.0,22,54.975338
1.0,50,54.987176
1.0,35,54.988572
1.0,94,55.001842
1.0,11,55.002306
1.0,31,55.003316
0.0,100,55.006513
1.0,41,55.018173
1.0,20,55.018919
1.0,45,55.020343
1.0,26,55.021215
1.0,40,55.032616
1.0,13,55.03315
1.0,35,55.034194
1.0,29,55.035061
1.0,24,55.035791
1.0,26,55.036565
1.0,51,55.048172
1.0,11,55.048634
1.0,45,55.049933
0.0,100,55.062905
1.0,13,55.06342
1.0,9,55.063751
1.0,34,55.064752
1.0,24,55.06547
1.0,36,55.06653
1.0,22,55.077331
1.0,91,55.087056
1.0,12,55.087526
1.0,17,55.088074
1.0,40,55.089351
1.0,35,55.09039
1.0,54,55.093961
1.0,12,55.094366
1.0,26,55.095152
1.0,36,55.098222
1.0,23,55.098935
1.0,39,55.102087
1.0,60,55.105823
1.0,36,55.107898
1.0,46,55.109226
0.0,100,55.114076
1.0,60,55.119916
1.0,16,55.120488
1.0,96,55.127517
1.0,23,55.128322
1.0,95,55.133206
1.0,48,55.136877
1.0,13,55.137384
1.0,32,55.141503
1.0,18,55.142239
1.0,49,55.143914
1.0,53,55.147789
1.0,35,55.148907
0.0,100,55.157197
1.0,63,55.166834
1.0,13,55.167395
1.0,12,55.167815
1.0,30,55.168707
1.0,33,55.169689
1.0,14,55.170136
1.0,22,55.170811
1.0,25,55.171555
1.0,15,55.175436
1.0,21,55.176395
1.0,13,55.176919
1.0,24,55.177652
0.0,100,55.187092
1.0,18,55.188044
1.0,10,55.188704
1.0,75,55.19329
0.0,100,55.205793
1.0,16,55.20652
1.0,32,55.207536
1.0,8,55.207832
1.0,28,55.208677
1.0,22,55.209344
1.0,93,55.211989
1.0,59,55.21584
1.0,12,55.216322
1.0,26,55.220424
1.0,15,55.221145
1.0,18,55.223914
