#{"t_start": 1522722450.587044, "env_id": "MyFrozenLake-v0"}
r,l,t
0.0,5,0.00149
0.0,27,0.002803
0.0,4,0.003054
0.0,9,0.003545
0.0,9,0.004018
0.0,7,0.004416
0.0,24,0.005634
0.0,13,0.006294
0.0,15,0.007054
0.0,41,0.008993
0.0,6,0.009338
0.0,42,0.011311
0.0,4,0.011578
0.0,3,0.011782
0.0,4,0.01203
0.0,5,0.012325
0.0,11,0.012897
0.0,16,0.013699
0.0,18,0.014594
0.0,6,0.014937
0.0,8,0.015384
0.0,14,0.016083
0.0,16,0.016877
0.0,28,0.018238
0.0,12,0.018866
0.0,24,0.020028
0.0,22,0.021092
0.0,18,0.021978
0.0,15,0.022731
0.0,59,0.025488
0.0,30,0.026925
0.0,6,0.027269
0.0,28,0.028621
0.0,100,0.033234
0.0,19,0.034171
0.0,8,0.034611
0.0,4,0.034862
0.0,26,0.036116
0.0,26,0.037381
0.0,9,0.037857
0.0,4,0.038105
0.0,12,0.038721
0.0,8,0.039149
0.0,18,0.040045
0.0,14,0.040756
0.0,9,0.041232
0.0,58,0.043936
1.0,35,0.045612
0.0,11,0.046179
0.0,10,0.046709
0.0,7,0.047095
0.0,6,0.047448
0.0,3,0.047655
0.0,17,0.048493
0.0,43,0.050504
0.0,7,0.050891
0.0,33,0.052459
0.0,38,0.054244
0.0,7,0.05464
0.0,10,0.055167
0.0,4,0.055435
0.0,13,0.056089
0.0,3,0.056293
0.0,9,0.056777
0.0,19,0.057719
0.0,36,0.059431
0.0,6,0.059772
0.0,4,0.060019
0.0,2,0.060177
0.0,19,0.06111
0.0,11,0.06169
0.0,15,0.062442
0.0,7,0.062828
0.0,9,0.063302
0.0,11,0.063879
0.0,58,0.066594
0.0,48,0.068835
0.0,25,0.070041
0.0,10,0.070585
0.0,16,0.07139
0.0,18,0.072268
0.0,15,0.073027
0.0,16,0.073829
0.0,5,0.074128
0.0,13,0.074794
0.0,13,0.075468
0.0,35,0.077118
0.0,5,0.077432
0.0,14,0.078135
0.0,73,0.081514
0.0,67,0.08462
0.0,33,0.086183
0.0,39,0.088028
0.0,37,0.089778
0.0,20,0.090761
0.0,36,0.092467
0.0,40,0.094334
0.0,100,0.098946
0.0,21,0.099971
0.0,3,0.100177
0.0,66,0.103235
0.0,8,0.103778
0.0,7,0.104163
0.0,100,0.108763
0.0,10,0.109286
0.0,12,0.109911
0.0,20,0.110891
0.0,9,0.111387
0.0,7,0.111771
0.0,13,0.112433
0.0,3,0.112638
0.0,12,0.113249
0.0,6,0.1136
0.0,24,0.114751
0.0,34,0.116376
0.0,100,0.120994
0.0,8,0.121435
0.0,13,0.122087
0.0,22,0.12315
0.0,12,0.123772
0.0,31,0.125242
0.0,10,0.125777
0.0,59,0.12852
0.0,24,0.129675
0.0,20,0.130653
0.0,25,0.131895
1.0,12,0.132512
0.0,7,0.132899
0.0,19,0.133831
1.0,14,0.134536
0.0,10,0.135053
0.0,12,0.135677
0.0,10,0.136196
0.0,16,0.137002
0.0,27,0.138296
0.0,19,0.139225
0.0,16,0.140031
0.0,68,0.143187
0.0,15,0.143947
0.0,14,0.144659
0.0,5,0.144954
0.0,38,0.146748
0.0,7,0.147138
0.0,77,0.150694
0.0,26,0.151956
0.0,15,0.15271
0.0,8,0.153144
0.0,31,0.154634
0.0,15,0.155399
0.0,33,0.15697
0.0,6,0.157314
1.0,12,0.157931
0.0,12,0.15855
0.0,21,0.159576
0.0,52,0.161993
0.0,17,0.162841
0.0,30,0.164281
0.0,24,0.165464
0.0,45,0.167578
0.0,17,0.168428
0.0,19,0.169357
0.0,5,0.169656
0.0,5,0.16995
0.0,7,0.170336
0.0,14,0.171041
0.0,100,0.175647
0.0,19,0.176591
0.0,7,0.176975
0.0,12,0.1776
0.0,3,0.177808
0.0,18,0.178697
0.0,4,0.178946
0.0,9,0.179433
0.0,8,0.179862
0.0,24,0.181027
0.0,20,0.182011
0.0,10,0.182541
0.0,35,0.184179
0.0,40,0.18607
0.0,29,0.187462
0.0,17,0.188292
0.0,20,0.189271
1.0,11,0.189843
0.0,19,0.190778
0.0,70,0.194018
0.0,16,0.194825
0.0,20,0.195815
0.0,5,0.19611
0.0,3,0.196318
0.0,26,0.197576
0.0,54,0.200086
0.0,53,0.20256
0.0,46,0.204706
0.0,50,0.207193
0.0,28,0.208546
0.0,9,0.209021
0.0,57,0.211678
0.0,10,0.212199
0.0,4,0.212459
0.0,49,0.214738
0.0,10,0.215257
0.0,31,0.216749
0.0,12,0.21738
0.0,10,0.217898
0.0,9,0.218386
0.0,5,0.21868
0.0,3,0.218885
0.0,4,0.219133
0.0,39,0.220968
0.0,14,0.221683
0.0,32,0.223203
0.0,7,0.223603
0.0,18,0.224491
0.0,3,0.224701
0.0,2,0.224858
0.0,4,0.22511
0.0,7,0.225511
0.0,32,0.227023
0.0,22,0.228094
0.0,13,0.228758
0.0,20,0.229732
0.0,25,0.230938
0.0,13,0.231601
0.0,18,0.23249
0.0,2,0.232652
0.0,15,0.233407
0.0,10,0.23393
0.0,36,0.235647
0.0,7,0.236033
0.0,19,0.236964
0.0,6,0.237308
0.0,20,0.238281
0.0,9,0.238769
0.0,6,0.239108
0.0,3,0.239319
0.0,100,0.243916
0.0,11,0.24449
0.0,8,0.244921
0.0,26,0.246175
0.0,24,0.247328
0.0,24,0.2485
0.0,19,0.249432
0.0,10,0.249955
0.0,56,0.252587
0.0,22,0.253659
0.0,41,0.255588
0.0,16,0.256395
1.0,24,0.257552
0.0,31,0.259042
0.0,27,0.260339
0.0,30,0.261775
0.0,10,0.262298
0.0,15,0.263046
0.0,6,0.263397
0.0,13,0.264047
0.0,17,0.264889
1.0,15,0.265655
0.0,17,0.2665
0.0,17,0.267336
0.0,53,0.269814
0.0,30,0.27126
0.0,10,0.271791
0.0,11,0.272366
0.0,27,0.273653
0.0,23,0.274773
0.0,2,0.274935
0.0,17,0.275782
0.0,5,0.276077
0.0,18,0.276963
0.0,7,0.27736
0.0,17,0.2782
0.0,56,0.280814
0.0,11,0.281392
1.0,6,0.281732
0.0,31,0.2832
0.0,21,0.284221
0.0,19,0.285165
0.0,31,0.286658
0.0,65,0.289675
0.0,27,0.290968
0.0,77,0.294557
0.0,7,0.294944
1.0,29,0.296332
1.0,17,0.297174
0.0,10,0.297704
0.0,20,0.298689
0.0,30,0.300112
0.0,25,0.301318
0.0,16,0.302119
1.0,44,0.30418
0.0,14,0.304891
0.0,12,0.305619
0.0,13,0.306275
0.0,50,0.30862
0.0,16,0.309426
0.0,36,0.31112
0.0,16,0.311924
0.0,27,0.313217
0.0,21,0.314242
0.0,7,0.31464
0.0,24,0.315808
0.0,7,0.316193
1.0,14,0.316902
0.0,3,0.317106
0.0,8,0.317545
0.0,68,0.320701
0.0,56,0.323303
0.0,9,0.323786
0.0,8,0.324214
0.0,25,0.325429
0.0,28,0.326779
0.0,29,0.328163
0.0,35,0.329832
0.0,6,0.330175
0.0,12,0.330801
0.0,25,0.332008
0.0,43,0.334039
0.0,47,0.336251
0.0,27,0.337555
0.0,18,0.33845
0.0,8,0.338881
0.0,6,0.339221
1.0,45,0.341327
0.0,18,0.342211
0.0,15,0.342964
0.0,5,0.343259
0.0,22,0.344332
0.0,30,0.345772
0.0,12,0.346396
0.0,9,0.346872
0.0,10,0.347402
0.0,34,0.349009
0.0,40,0.350904
0.0,28,0.35225
0.0,8,0.352692
0.0,17,0.353536
0.0,11,0.354104
0.0,5,0.354409
0.0,32,0.355941
0.0,20,0.356921
0.0,17,0.357772
0.0,25,0.359718
0.0,22,0.360844
0.0,23,0.36202
0.0,36,0.363791
0.0,24,0.365036
1.0,31,0.366601
0.0,8,0.367039
0.0,13,0.367708
0.0,4,0.36796
1.0,9,0.368452
0.0,95,0.372832
0.0,17,0.373697
1.0,14,0.374453
0.0,9,0.374947
0.0,26,0.376252
0.0,14,0.377027
0.0,7,0.377449
0.0,4,0.377707
0.0,4,0.377959
0.0,50,0.380326
0.0,23,0.381558
0.0,4,0.38185
0.0,25,0.383071
0.0,43,0.385097
0.0,7,0.385512
0.0,52,0.387941
0.0,8,0.38839
0.0,12,0.389004
0.0,20,0.389987
0.0,20,0.390973
0.0,13,0.391641
1.0,36,0.393359
0.0,6,0.393739
0.0,5,0.394035
0.0,14,0.394768
0.0,13,0.39546
0.0,40,0.397356
0.0,8,0.397817
0.0,15,0.39858
0.0,57,0.401246
0.0,3,0.401515
1.0,9,0.401992
0.0,17,0.402842
0.0,41,0.404778
0.0,13,0.405458
0.0,10,0.406175
0.0,9,0.406671
0.0,16,0.407478
0.0,48,0.40975
0.0,8,0.41018
0.0,24,0.411343
1.0,6,0.411694
0.0,14,0.412404
0.0,4,0.412654
0.0,17,0.413494
0.0,38,0.415279
0.0,18,0.416202
0.0,11,0.416789
0.0,7,0.41718
0.0,16,0.417979
0.0,34,0.419607
0.0,13,0.420281
0.0,5,0.420595
0.0,32,0.422135
0.0,3,0.422374
0.0,40,0.424262
0.0,5,0.424577
0.0,10,0.425094
0.0,13,0.425773
0.0,4,0.426026
0.0,14,0.426743
0.0,8,0.427172
0.0,4,0.427433
0.0,9,0.427908
0.0,7,0.428292
0.0,9,0.428781
0.0,26,0.430039
0.0,6,0.430397
0.0,5,0.430693
0.0,7,0.431075
0.0,29,0.432471
0.0,4,0.432723
0.0,18,0.433611
0.0,38,0.43544
0.0,9,0.43594
0.0,11,0.436527
0.0,3,0.436736
0.0,7,0.437125
0.0,7,0.437523
0.0,7,0.437912
0.0,9,0.4384
0.0,9,0.438878
0.0,13,0.439542
0.0,5,0.439843
0.0,4,0.440094
0.0,25,0.441301
0.0,32,0.442835
0.0,71,0.446127
0.0,13,0.446798
0.0,13,0.447464
0.0,29,0.448851
1.0,7,0.449239
0.0,6,0.44959
0.0,11,0.45016
0.0,29,0.451564
0.0,30,0.452999
0.0,12,0.453622
0.0,13,0.454274
1.0,59,0.457032
1.0,14,0.457744
0.0,11,0.458311
0.0,3,0.45853
0.0,100,0.463135
0.0,28,0.464492
0.0,8,0.464926
0.0,48,0.467178
0.0,6,0.467538
0.0,12,0.468155
0.0,51,0.47056
0.0,38,0.472366
0.0,12,0.472977
0.0,11,0.473554
0.0,52,0.476009
0.0,19,0.476952
0.0,26,0.478204
0.0,11,0.478791
0.0,29,0.480173
0.0,8,0.480619
0.0,2,0.480783
0.0,74,0.484208
0.0,14,0.484926
0.0,63,0.487873
0.0,8,0.488305
0.0,9,0.488791
0.0,16,0.489595
0.0,12,0.490208
0.0,36,0.491922
0.0,31,0.49342
0.0,3,0.49363
0.0,10,0.49415
0.0,40,0.496056
0.0,15,0.496825
0.0,40,0.498729
0.0,14,0.499443
0.0,21,0.500478
0.0,15,0.501227
0.0,9,0.501714
0.0,8,0.502147
0.0,33,0.503736
0.0,6,0.504101
0.0,68,0.507276
0.0,14,0.508176
0.0,7,0.50858
0.0,22,0.509655
0.0,60,0.512453
0.0,62,0.515356
0.0,24,0.516519
0.0,26,0.517765
0.0,14,0.518479
0.0,13,0.519134
0.0,6,0.519487
0.0,8,0.519913
0.0,12,0.520539
0.0,70,0.523782
0.0,13,0.52445
0.0,9,0.524923
0.0,54,0.527453
0.0,22,0.528529
0.0,11,0.529091
0.0,13,0.529759
0.0,21,0.530788
0.0,28,0.532127
0.0,4,0.532393
0.0,5,0.532686
0.0,5,0.532979
0.0,15,0.533733
0.0,7,0.534119
0.0,18,0.535008
0.0,20,0.535995
0.0,16,0.536804
0.0,12,0.537428
0.0,34,0.53903
0.0,10,0.539568
0.0,8,0.540004
0.0,10,0.540536
0.0,30,0.541968
0.0,7,0.542377
0.0,12,0.542991
0.0,36,0.544703
0.0,19,0.545643
0.0,4,0.545893
0.0,20,0.546875
0.0,4,0.547127
0.0,26,0.548381
0.0,15,0.549131
0.0,8,0.549569
1.0,6,0.549909
0.0,38,0.551709
0.0,46,0.553866
1.0,13,0.554538
0.0,11,0.555099
0.0,24,0.556262
0.0,15,0.557022
0.0,9,0.557509
0.0,4,0.557762
1.0,18,0.558649
0.0,17,0.559495
0.0,42,0.561473
0.0,15,0.562222
0.0,59,0.565001
0.0,6,0.565344
0.0,27,0.566655
0.0,21,0.567672
0.0,23,0.568789
0.0,9,0.569269
0.0,9,0.569759
0.0,52,0.572194
0.0,10,0.572733
0.0,4,0.572983
0.0,19,0.573912
0.0,42,0.575903
0.0,17,0.576752
0.0,38,0.578558
0.0,13,0.579216
0.0,53,0.581701
0.0,12,0.582309
0.0,26,0.583567
0.0,7,0.583954
0.0,27,0.585247
0.0,24,0.586427
0.0,52,0.588857
0.0,8,0.58929
0.0,39,0.591134
0.0,91,0.595365
0.0,12,0.595979
0.0,20,0.596963
0.0,31,0.598449
0.0,50,0.600795
0.0,21,0.601831
0.0,43,0.603857
0.0,22,0.604925
0.0,21,0.605951
0.0,5,0.606247
0.0,13,0.606917
0.0,25,0.60812
0.0,8,0.608716
0.0,54,0.611258
0.0,25,0.612476
0.0,25,0.613681
1.0,13,0.61434
0.0,21,0.61538
0.0,15,0.616126
0.0,12,0.616754
0.0,8,0.617182
0.0,25,0.61839
0.0,15,0.619136
0.0,13,0.6198
0.0,19,0.62073
0.0,36,0.622435
0.0,7,0.622819
0.0,8,0.623249
1.0,27,0.624553
0.0,59,0.62729
0.0,15,0.628046
0.0,6,0.628405
1.0,12,0.629013
0.0,22,0.630078
0.0,18,0.630968
0.0,22,0.632038
0.0,7,0.632437
0.0,18,0.63332
0.0,23,0.634444
0.0,47,0.636651
0.0,5,0.636946
1.0,16,0.637746
0.0,4,0.638
1.0,8,0.638446
0.0,38,0.640223
0.0,36,0.641932
0.0,14,0.642645
0.0,4,0.642894
0.0,37,0.644652
0.0,44,0.646731
0.0,31,0.648204
0.0,8,0.64865
0.0,8,0.649084
0.0,12,0.649708
0.0,4,0.649958
0.0,8,0.650397
0.0,16,0.651184
0.0,41,0.65312
0.0,19,0.654066
0.0,11,0.654646
0.0,18,0.655545
0.0,18,0.656445
0.0,18,0.657328
0.0,9,0.657816
0.0,11,0.658391
0.0,8,0.65882
0.0,21,0.659848
0.0,10,0.660385
0.0,16,0.661173
0.0,18,0.662058
0.0,26,0.663313
0.0,18,0.664201
0.0,6,0.664557
0.0,6,0.6649
0.0,5,0.665197
0.0,5,0.665509
1.0,37,0.667262
0.0,5,0.667567
0.0,10,0.668088
0.0,74,0.671525
0.0,24,0.672684
0.0,5,0.672981
0.0,54,0.675499
0.0,100,0.680102
0.0,18,0.680992
0.0,18,0.681887
0.0,24,0.683045
0.0,10,0.683575
0.0,56,0.686188
0.0,16,0.68699
0.0,32,0.688522
1.0,26,0.689773
0.0,35,0.691432
0.0,8,0.691866
0.0,45,0.693977
0.0,12,0.694601
0.0,23,0.695717
0.0,7,0.696101
0.0,47,0.698305
0.0,8,0.698749
0.0,52,0.701176
0.0,9,0.701668
1.0,10,0.702187
0.0,2,0.702356
0.0,3,0.702563
0.0,4,0.702814
1.0,15,0.703577
0.0,16,0.704374
1.0,31,0.705884
0.0,22,0.706957
0.0,36,0.708662
0.0,12,0.709398
0.0,8,0.709834
0.0,21,0.710856
0.0,11,0.711432
1.0,13,0.712089
0.0,14,0.712802
0.0,10,0.713319
0.0,2,0.713486
0.0,4,0.713734
0.0,18,0.714621
0.0,13,0.715276
1.0,13,0.715944
0.0,14,0.716652
0.0,30,0.718092
0.0,5,0.718405
0.0,16,0.719193
1.0,8,0.719633
0.0,8,0.720065
0.0,10,0.720599
0.0,16,0.721399
0.0,19,0.722322
0.0,13,0.722984
0.0,41,0.72492
0.0,10,0.725463
0.0,49,0.727768
0.0,19,0.728707
0.0,4,0.728958
0.0,14,0.72967
0.0,10,0.730188
0.0,33,0.731761
0.0,3,0.731968
0.0,33,0.73354
0.0,6,0.733881
0.0,40,0.735777
0.0,4,0.736027
0.0,19,0.736964
0.0,5,0.737261
0.0,18,0.738148
0.0,15,0.738909
0.0,32,0.740439
0.0,8,0.740871
0.0,3,0.741078
0.0,29,0.742475
0.0,62,0.745362
0.0,40,0.747226
0.0,19,0.748158
0.0,13,0.748822
0.0,21,0.749845
0.0,47,0.752048
0.0,5,0.752343
0.0,13,0.753004
0.0,15,0.753761
0.0,12,0.754399
0.0,6,0.754738
0.0,27,0.756033
0.0,13,0.756699
0.0,17,0.757546
0.0,45,0.759653
0.0,7,0.760037
0.0,56,0.762648
0.0,15,0.763405
0.0,4,0.763655
0.0,13,0.764312
0.0,79,0.767975
0.0,7,0.768375
0.0,29,0.769758
0.0,14,0.770473
0.0,9,0.77095
0.0,10,0.771483
0.0,4,0.771735
0.0,8,0.772162
0.0,21,0.773188
0.0,12,0.773807
0.0,44,0.775879
0.0,22,0.776954
0.0,18,0.777851
0.0,36,0.779558
0.0,13,0.780215
0.0,7,0.78061
0.0,81,0.784334
0.0,7,0.784731
0.0,28,0.786079
0.0,39,0.787921
0.0,100,0.792528
0.0,13,0.793184
0.0,12,0.793809
0.0,9,0.79428
0.0,3,0.794502
0.0,13,0.79516
0.0,24,0.796322
0.0,71,0.799612
0.0,63,0.802532
0.0,31,0.804009
0.0,17,0.804859
0.0,4,0.805114
0.0,8,0.805562
0.0,100,0.810161
0.0,21,0.811301
0.0,5,0.811614
0.0,22,0.812687
0.0,18,0.81358
0.0,17,0.814428
0.0,13,0.815089
0.0,16,0.815898
0.0,7,0.816288
0.0,18,0.817168
0.0,13,0.817837
0.0,8,0.818274
0.0,25,0.819494
0.0,30,0.820921
0.0,13,0.821588
0.0,3,0.821793
0.0,28,0.823124
0.0,21,0.824156
0.0,100,0.828763
0.0,5,0.82906
0.0,28,0.830412
0.0,24,0.831573
0.0,11,0.832142
0.0,4,0.832407
0.0,2,0.832567
0.0,37,0.834311
0.0,3,0.834524
0.0,43,0.836557
0.0,28,0.837903
0.0,65,0.840919
0.0,16,0.841722
0.0,6,0.842066
0.0,12,0.842683
0.0,4,0.842935
0.0,10,0.843471
0.0,34,0.845085
0.0,23,0.846207
0.0,10,0.84674
0.0,5,0.847039
0.0,5,0.847337
0.0,13,0.848009
0.0,5,0.848305
0.0,15,0.849061
0.0,6,0.849416
0.0,17,0.850243
0.0,9,0.850734
0.0,39,0.852582
0.0,5,0.852884
0.0,21,0.853914
0.0,10,0.854447
0.0,100,0.859064
0.0,8,0.859513
0.0,5,0.859811
0.0,15,0.860565
0.0,8,0.860994
0.0,84,0.864867
0.0,12,0.8655
0.0,22,0.866573
0.0,3,0.866778
0.0,21,0.867808
0.0,10,0.86833
0.0,3,0.868544
0.0,6,0.86888
0.0,12,0.869503
0.0,42,0.87149
0.0,4,0.871742
0.0,18,0.872634
0.0,33,0.874199
0.0,14,0.874914
0.0,17,0.875766
0.0,28,0.877113
0.0,11,0.877694
0.0,9,0.878175
0.0,9,0.878661
0.0,7,0.879048
0.0,30,0.880488
0.0,13,0.88115
0.0,24,0.882309
0.0,13,0.882973
0.0,13,0.883644
0.0,22,0.884712
0.0,9,0.885187
0.0,49,0.887497
0.0,29,0.888882
0.0,14,0.889598
0.0,9,0.890072
0.0,8,0.89051
0.0,22,0.891577
0.0,52,0.894005
0.0,18,0.894893
1.0,32,0.896423
0.0,52,0.898848
0.0,100,0.903463
0.0,10,0.903991
0.0,8,0.904448
0.0,19,0.905387
0.0,10,0.905906
0.0,21,0.906941
0.0,12,0.907563
0.0,16,0.908368
0.0,6,0.908709
0.0,10,0.909229
0.0,21,0.910252
0.0,9,0.910848
0.0,24,0.912019
0.0,19,0.912964
0.0,37,0.914726
0.0,7,0.915111
0.0,4,0.915374
0.0,13,0.916031
0.0,8,0.916478
0.0,5,0.916773
0.0,31,0.918252
0.0,31,0.91973
0.0,48,0.921985
0.0,18,0.92288
0.0,41,0.924813
0.0,7,0.925204
0.0,15,0.925964
0.0,3,0.926171
0.0,22,0.927243
0.0,27,0.928552
0.0,11,0.929118
0.0,18,0.930012
0.0,25,0.931215
0.0,25,0.932432
0.0,13,0.933087
0.0,8,0.933529
0.0,37,0.935279
0.0,21,0.936304
0.0,5,0.936617
0.0,45,0.93873
0.0,9,0.939205
0.0,21,0.940227
0.0,6,0.940586
0.0,42,0.942558
0.0,16,0.943354
0.0,6,0.943696
0.0,3,0.943899
0.0,45,0.946009
0.0,44,0.948071
0.0,96,0.952495
0.0,9,0.952972
0.0,56,0.955591
0.0,5,0.955889
0.0,11,0.956469
0.0,54,0.958997
0.0,4,0.959249
0.0,12,0.959876
0.0,8,0.960307
0.0,6,0.960657
0.0,11,0.961223
0.0,42,0.963199
0.0,17,0.96405
0.0,27,0.965336
0.0,37,0.967091
0.0,16,0.967889
0.0,50,0.97023
0.0,47,0.972443
0.0,8,0.972879
0.0,11,0.973458
0.0,10,0.973977
0.0,3,0.974185
0.0,7,0.974581
0.0,20,0.975569
0.0,3,0.975777
0.0,21,0.976799
0.0,19,0.977737
0.0,12,0.978343
0.0,27,0.979648
0.0,26,0.980895
0.0,48,0.983139
0.0,12,0.983765
0.0,33,0.98532
0.0,4,0.985586
0.0,38,0.987375
0.0,13,0.98803
0.0,14,0.98874
0.0,7,0.989129
0.0,51,0.991521
1.0,38,0.993298
0.0,7,0.993698
0.0,23,0.994809
0.0,13,0.995482
0.0,22,0.996557
0.0,7,0.996947
0.0,8,0.997388
0.0,13,0.998047
0.0,6,0.998401
0.0,3,0.998608
0.0,100,1.0032
0.0,37,1.004959
1.0,18,1.005866
0.0,16,1.006665
0.0,51,1.009046
0.0,4,1.009298
0.0,4,1.00956
0.0,8,1.009988
0.0,12,1.01061
0.0,22,1.011787
0.0,11,1.012359
0.0,16,1.013155
0.0,9,1.013665
0.0,53,1.016138
0.0,12,1.016761
0.0,39,1.018604
0.0,7,1.018991
0.0,19,1.01993
0.0,26,1.021176
0.0,5,1.021488
0.0,14,1.022207
0.0,7,1.022605
0.0,9,1.023081
1.0,73,1.026491
1.0,56,1.029101
0.0,8,1.029548
0.0,14,1.030252
0.0,8,1.030694
0.0,8,1.031125
0.0,15,1.031888
0.0,59,1.034638
1.0,6,1.034978
0.0,12,1.035604
0.0,12,1.036214
0.0,19,1.037143
0.0,5,1.037456
0.0,11,1.038015
0.0,33,1.039584
0.0,13,1.040234
1.0,16,1.041026
0.0,13,1.041688
0.0,57,1.044377
0.0,3,1.044602
0.0,20,1.045591
0.0,16,1.046394
0.0,7,1.046786
0.0,3,1.04699
0.0,9,1.047477
0.0,14,1.048176
0.0,13,1.048843
0.0,14,1.049554
0.0,21,1.050578
0.0,19,1.051514
0.0,5,1.051809
0.0,13,1.052472
0.0,2,1.052634
0.0,23,1.053747
0.0,45,1.055863
0.0,22,1.056934
0.0,17,1.057781
1.0,28,1.059107
0.0,20,1.06009
0.0,40,1.061981
0.0,7,1.06238
0.0,43,1.064396
0.0,22,1.065474
0.0,9,1.065946
0.0,5,1.066237
0.0,7,1.06663
0.0,46,1.068782
1.0,9,1.069258
0.0,18,1.070147
0.0,49,1.072474
0.0,43,1.07449
0.0,6,1.074833
0.0,12,1.07546
0.0,5,1.075754
0.0,28,1.077086
0.0,21,1.078115
0.0,10,1.078654
0.0,15,1.079415
0.0,14,1.080108
0.0,21,1.08113
0.0,17,1.081975
1.0,10,1.082507
0.0,10,1.08303
0.0,7,1.083431
0.0,7,1.08382
0.0,10,1.084341
0.0,8,1.084785
0.0,6,1.085125
0.0,18,1.086029
0.0,23,1.087146
0.0,9,1.087638
0.0,29,1.089021
0.0,17,1.089869
0.0,34,1.091496
0.0,39,1.093328
0.0,9,1.093821
0.0,39,1.095676
0.0,7,1.096065
0.0,22,1.097138
0.0,16,1.09795
0.0,54,1.100487
0.0,3,1.100694
1.0,45,1.102804
0.0,6,1.103146
0.0,24,1.104313
0.0,24,1.105492
0.0,28,1.106829
0.0,4,1.107083
0.0,42,1.109068
0.0,8,1.109514
0.0,5,1.109809
0.0,17,1.110659
0.0,43,1.112869
0.0,21,1.113908
0.0,49,1.11621
0.0,12,1.116831
0.0,61,1.119686
0.0,6,1.120031
0.0,3,1.120237
0.0,4,1.120497
0.0,12,1.12111
0.0,34,1.122732
0.0,26,1.123979
0.0,14,1.124693
0.0,27,1.125989
0.0,15,1.126741
0.0,8,1.12717
0.0,10,1.127701
0.0,26,1.128949
0.0,12,1.129578
0.0,7,1.129964
0.0,9,1.130447
0.0,100,1.135061
0.0,37,1.136821
0.0,25,1.138036
0.0,11,1.138613
0.0,27,1.139901
0.0,22,1.140975
0.0,5,1.14127
0.0,3,1.141489
0.0,31,1.142956
0.0,20,1.14394
0.0,7,1.144326
0.0,8,1.144767
0.0,27,1.146065
0.0,71,1.149373
0.0,12,1.149983
0.0,74,1.153423
0.0,26,1.154667
0.0,14,1.155383
0.0,27,1.156677
0.0,10,1.157197
0.0,10,1.157727
0.0,11,1.158293
0.0,4,1.158551
0.0,53,1.161022
0.0,17,1.161879
0.0,34,1.163502
0.0,47,1.16571
0.0,19,1.166642
0.0,56,1.169248
0.0,11,1.169833
0.0,3,1.170037
0.0,34,1.171655
0.0,3,1.17186
1.0,12,1.172475
0.0,18,1.173372
0.0,24,1.174525
0.0,7,1.174911
0.0,71,1.178198
0.0,10,1.178727
0.0,41,1.180664
0.0,35,1.182317
0.0,14,1.183029
0.0,39,1.184883
0.0,35,1.186547
0.0,14,1.187245
0.0,3,1.187467
0.0,43,1.18949
0.0,5,1.189791
0.0,6,1.190132
0.0,100,1.194746
0.0,17,1.195594
0.0,42,1.197577
0.0,13,1.198236
0.0,37,1.19998
0.0,48,1.202221
0.0,4,1.202487
0.0,42,1.204463
0.0,20,1.205449
0.0,9,1.205922
0.0,16,1.20672
0.0,3,1.206928
0.0,10,1.207464
0.0,7,1.20785
0.0,9,1.208327
0.0,24,1.209504
0.0,8,1.209934
0.0,38,1.211735
0.0,14,1.212447
0.0,30,1.21388
0.0,21,1.214909
0.0,17,1.215756
0.0,5,1.216053
1.0,8,1.216491
0.0,83,1.220334
0.0,14,1.221051
0.0,51,1.223442
0.0,6,1.223782
0.0,4,1.224032
0.0,6,1.224381
0.0,9,1.224961
0.0,26,1.226217
0.0,28,1.227577
0.0,20,1.228562
0.0,4,1.228816
0.0,19,1.229759
0.0,27,1.231053
0.0,33,1.23262
0.0,25,1.233834
0.0,33,1.235419
0.0,22,1.236483
0.0,44,1.238554
0.0,11,1.23912
0.0,24,1.240288
0.0,24,1.241464
0.0,9,1.241943
0.0,13,1.24261
0.0,6,1.242952
0.0,5,1.243244
0.0,21,1.244275
0.0,14,1.244985
0.0,15,1.245752
0.0,9,1.246228
0.0,4,1.24649
0.0,13,1.247147
0.0,16,1.247951
0.0,14,1.248663
0.0,8,1.249096
0.0,19,1.250033
0.0,26,1.251284
0.0,24,1.252456
0.0,22,1.253532
0.0,66,1.256591
0.0,6,1.256967
0.0,32,1.2585
0.0,9,1.258976
0.0,7,1.259377
1.0,20,1.260355
0.0,17,1.261191
0.0,32,1.262727
0.0,4,1.262977
0.0,9,1.263463
0.0,15,1.26421
0.0,12,1.264828
0.0,3,1.265032
0.0,4,1.265302
0.0,12,1.26593
0.0,8,1.266369
0.0,54,1.268889
0.0,38,1.270706
0.0,23,1.27183
0.0,41,1.273774
0.0,31,1.275246
0.0,23,1.276382
0.0,14,1.277078
0.0,14,1.277795
0.0,20,1.278785
0.0,39,1.280631
0.0,6,1.280972
0.0,28,1.282315
0.0,17,1.283152
0.0,22,1.284219
0.0,8,1.284668
0.0,8,1.285097
0.0,6,1.28546
0.0,4,1.28571
0.0,35,1.287371
0.0,8,1.287805
0.0,21,1.288831
0.0,49,1.291121
0.0,8,1.291574
0.0,7,1.291963
0.0,11,1.292536
0.0,25,1.293746
0.0,18,1.294633
0.0,3,1.294838
0.0,8,1.295264
0.0,11,1.295844
1.0,8,1.296277
0.0,14,1.296988
0.0,18,1.297876
0.0,87,1.301898
0.0,14,1.302615
0.0,16,1.303426
0.0,11,1.303992
0.0,24,1.305149
0.0,8,1.305602
0.0,12,1.306209
0.0,85,1.310125
0.0,16,1.310922
0.0,16,1.311727
0.0,4,1.311976
0.0,9,1.312462
0.0,32,1.31398
0.0,4,1.314229
0.0,10,1.31476
0.0,17,1.315618
1.0,78,1.319228
0.0,27,1.320534
0.0,21,1.321558
0.0,13,1.322213
0.0,5,1.322518
0.0,13,1.323176
0.0,38,1.324983
1.0,17,1.325955
0.0,53,1.328443
0.0,40,1.330324
0.0,3,1.33054
0.0,54,1.333053
0.0,17,1.333901
0.0,28,1.335238
0.0,23,1.336372
0.0,99,1.340933
0.0,61,1.343789
0.0,16,1.344596
1.0,10,1.345121
0.0,54,1.347662
0.0,13,1.348318
1.0,32,1.349852
0.0,2,1.350011
0.0,7,1.350411
0.0,8,1.350843
0.0,49,1.353144
0.0,6,1.353506
0.0,16,1.354293
0.0,22,1.355371
0.0,14,1.356071
0.0,17,1.356915
0.0,23,1.358029
0.0,25,1.359227
0.0,21,1.360259
0.0,4,1.360523
0.0,5,1.360821
0.0,10,1.361352
0.0,9,1.361833
0.0,7,1.362219
0.0,20,1.363201
0.0,20,1.364179
0.0,15,1.364938
0.0,3,1.365146
0.0,2,1.365305
0.0,12,1.365928
0.0,22,1.367002
0.0,24,1.368173
0.0,68,1.371338
0.0,15,1.372098
0.0,8,1.372535
0.0,7,1.372919
0.0,11,1.3735
0.0,19,1.374431
0.0,8,1.374863
0.0,7,1.375247
0.0,66,1.378319
0.0,9,1.378803
0.0,9,1.379282
0.0,16,1.380088
0.0,17,1.38094
0.0,12,1.381567
0.0,29,1.382954
0.0,3,1.383159
0.0,69,1.386383
0.0,33,1.38796
0.0,30,1.389407
0.0,100,1.394013
0.0,5,1.394312
0.0,41,1.396254
0.0,11,1.396842
0.0,26,1.398093
0.0,15,1.398853
0.0,4,1.399103
0.0,7,1.399503
0.0,12,1.400116
0.0,2,1.400275
0.0,18,1.401167
0.0,16,1.401974
0.0,46,1.404148
0.0,7,1.404553
0.0,9,1.40503
0.0,8,1.405481
0.0,79,1.409142
0.0,20,1.410131
0.0,11,1.410713
0.0,14,1.411431
0.0,15,1.412177
0.0,18,1.413067
0.0,20,1.41405
0.0,32,1.415585
0.0,7,1.415971
0.0,18,1.416865
0.0,13,1.417534
0.0,21,1.41857
0.0,5,1.418865
0.0,10,1.419403
0.0,6,1.419743
0.0,11,1.420307
0.0,23,1.421433
0.0,39,1.423271
0.0,11,1.423854
0.0,8,1.424283
0.0,15,1.425041
0.0,13,1.425724
0.0,4,1.425975
0.0,30,1.427529
0.0,24,1.428695
0.0,26,1.429959
0.0,8,1.430402
0.0,13,1.431059
0.0,5,1.43137
0.0,31,1.432847
0.0,51,1.435246
0.0,6,1.435612
0.0,10,1.436135
0.0,6,1.436486
0.0,3,1.436691
0.0,10,1.437208
0.0,6,1.437567
0.0,5,1.437865
0.0,6,1.438207
0.0,67,1.441323
0.0,5,1.441633
0.0,15,1.442394
0.0,16,1.443186
0.0,11,1.443771
0.0,14,1.444484
0.0,33,1.446064
0.0,35,1.447742
0.0,12,1.448363
0.0,3,1.448571
0.0,9,1.449049
0.0,33,1.450633
1.0,27,1.451932
0.0,9,1.45242
0.0,65,1.45545
0.0,67,1.458566
0.0,12,1.459178
0.0,15,1.459935
0.0,12,1.460565
0.0,18,1.461458
0.0,5,1.461757
0.0,3,1.461961
1.0,11,1.462539
0.0,3,1.462744
0.0,3,1.462946
0.0,3,1.46315
0.0,10,1.463682
0.0,4,1.463933
0.0,19,1.464868
0.0,3,1.465074
0.0,5,1.465397
0.0,36,1.467095
0.0,11,1.467686
0.0,41,1.469624
0.0,29,1.471019
1.0,10,1.471562
0.0,13,1.472222
0.0,27,1.473522
0.0,100,1.47813
0.0,39,1.479992
0.0,12,1.480613
1.0,26,1.48188
0.0,11,1.482456
0.0,45,1.484582
0.0,5,1.484878
0.0,9,1.485365
0.0,8,1.485799
0.0,8,1.48623
0.0,6,1.486579
0.0,18,1.487476
0.0,27,1.488778
0.0,7,1.489163
0.0,22,1.490236
0.0,29,1.49164
0.0,8,1.492074
0.0,32,1.493605
0.0,7,1.49399
0.0,9,1.494477
0.0,10,1.495
0.0,17,1.495852
0.0,6,1.496192
0.0,37,1.497949
0.0,7,1.498336
0.0,28,1.499691
0.0,20,1.500671
0.0,29,1.502051
0.0,6,1.502405
0.0,62,1.5053
0.0,2,1.505477
0.0,25,1.506685
0.0,26,1.507952
0.0,54,1.510485
0.0,6,1.510829
0.0,7,1.511215
0.0,4,1.511481
0.0,19,1.512444
0.0,16,1.513235
0.0,32,1.514767
0.0,17,1.515625
0.0,26,1.516884
0.0,9,1.51738
0.0,5,1.517678
0.0,21,1.518703
0.0,11,1.519277
0.0,11,1.519856
0.0,11,1.520437
0.0,37,1.522192
0.0,13,1.52286
0.0,7,1.523247
0.0,49,1.525565
0.0,6,1.525907
0.0,22,1.526978
0.0,46,1.529248
0.0,8,1.5297
0.0,11,1.530264
1.0,12,1.530887
0.0,19,1.531824
0.0,25,1.533032
0.0,10,1.533567
0.0,35,1.535225
0.0,15,1.535993
0.0,44,1.538075
0.0,3,1.53828
0.0,44,1.540357
0.0,26,1.541617
0.0,4,1.541867
0.0,43,1.543888
0.0,16,1.544694
0.0,7,1.545081
0.0,13,1.545756
0.0,14,1.54647
0.0,32,1.54799
0.0,60,1.550789
0.0,5,1.55109
0.0,43,1.553113
0.0,31,1.5546
0.0,5,1.554894
0.0,10,1.555432
0.0,12,1.556048
0.0,10,1.556579
0.0,27,1.557883
0.0,39,1.55973
0.0,41,1.561671
0.0,84,1.565563
0.0,13,1.566218
0.0,2,1.566386
0.0,11,1.56695
0.0,13,1.567618
0.0,67,1.570734
0.0,32,1.572257
0.0,8,1.572698
0.0,5,1.572992
0.0,34,1.574616
0.0,4,1.574866
0.0,50,1.577195
0.0,33,1.578774
0.0,5,1.579069
0.0,45,1.581181
0.0,64,1.584152
0.0,47,1.58637
0.0,44,1.588443
0.0,84,1.592327
0.0,42,1.59431
0.0,35,1.595966
0.0,30,1.597405
0.0,100,1.601981
0.0,18,1.602877
0.0,14,1.603593
0.0,49,1.605893
0.0,22,1.606963
0.0,5,1.607259
0.0,10,1.607799
0.0,6,1.608142
0.0,28,1.609497
0.0,28,1.610838
0.0,62,1.613746
0.0,47,1.615954
0.0,63,1.618882
0.0,100,1.623499
0.0,23,1.624625
0.0,36,1.626323
0.0,11,1.626905
0.0,12,1.627526
0.0,23,1.628646
0.0,10,1.629171
0.0,100,1.633786
0.0,7,1.634177
0.0,12,1.634804
0.0,10,1.63532
0.0,14,1.636029
0.0,4,1.636279
0.0,29,1.637682
0.0,52,1.640101
0.0,34,1.641727
0.0,13,1.642396
0.0,5,1.642694
0.0,19,1.643627
0.0,14,1.644325
0.0,40,1.646218
0.0,25,1.647439
0.0,11,1.648
0.0,8,1.648443
0.0,21,1.650155
0.0,33,1.651793
0.0,37,1.653614
1.0,23,1.654815
0.0,16,1.655675
0.0,56,1.658313
0.0,30,1.659868
0.0,10,1.66047
0.0,18,1.661391
0.0,26,1.662681
0.0,4,1.662955
0.0,3,1.663333
1.0,26,1.664614
0.0,6,1.664956
0.0,16,1.665762
0.0,6,1.666107
0.0,10,1.666643
0.0,55,1.669223
0.0,38,1.671044
0.0,5,1.671343
0.0,9,1.671834
0.0,10,1.672367
1.0,12,1.672975
0.0,43,1.675029
0.0,18,1.676002
0.0,36,1.677774
0.0,25,1.679056
0.0,12,1.67971
0.0,7,1.680095
0.0,51,1.682512
0.0,4,1.682802
0.0,6,1.683144
0.0,23,1.684259
0.0,5,1.68457
0.0,5,1.68489
0.0,24,1.686068
0.0,5,1.686378
0.0,13,1.687036
0.0,17,1.687884
0.0,40,1.689786
0.0,16,1.690596
0.0,21,1.691628
1.0,18,1.692526
1.0,18,1.693403
0.0,9,1.693885
0.0,22,1.694963
0.0,5,1.695264
0.0,19,1.696206
0.0,12,1.696845
0.0,4,1.697097
1.0,22,1.69817
0.0,23,1.699291
0.0,7,1.699689
0.0,21,1.700717
0.0,41,1.702653
0.0,8,1.703084
0.0,13,1.703748
0.0,8,1.704176
0.0,34,1.705811
0.0,10,1.70637
0.0,5,1.706666
0.0,12,1.707269
0.0,9,1.707758
0.0,17,1.708614
0.0,63,1.711562
0.0,60,1.714414
0.0,100,1.719037
0.0,27,1.720415
0.0,82,1.72421
0.0,5,1.724528
0.0,61,1.727376
0.0,57,1.730024
0.0,17,1.730876
0.0,25,1.732086
0.0,20,1.733079
0.0,46,1.735226
0.0,7,1.73563
0.0,17,1.736478
0.0,28,1.737819
0.0,12,1.738446
0.0,4,1.738696
0.0,27,1.739986
0.0,7,1.740386
0.0,30,1.741806
0.0,58,1.744513
0.0,6,1.744856
0.0,12,1.745479
0.0,6,1.745823
0.0,7,1.746208
0.0,13,1.746876
0.0,7,1.747266
0.0,7,1.747668
0.0,16,1.748472
0.0,4,1.748725
0.0,50,1.751077
0.0,41,1.753029
0.0,19,1.753964
0.0,15,1.754723
0.0,13,1.755396
0.0,12,1.756007
1.0,12,1.756635
0.0,25,1.757833
1.0,12,1.758461
0.0,6,1.758806
0.0,41,1.760741
0.0,18,1.761632
0.0,7,1.762018
0.0,10,1.762553
0.0,10,1.763076
0.0,16,1.764053
0.0,34,1.765684
0.0,40,1.767594
0.0,5,1.76789
0.0,11,1.768471
0.0,18,1.769367
0.0,29,1.77075
0.0,14,1.771469
0.0,4,1.77172
0.0,42,1.773697
0.0,8,1.774128
0.0,5,1.774441
0.0,34,1.776055
0.0,84,1.779938
0.0,43,1.78197
0.0,5,1.782266
0.0,8,1.782714
1.0,24,1.783879
0.0,8,1.784306
0.0,20,1.785287
0.0,38,1.787106
0.0,13,1.787771
0.0,11,1.788339
0.0,39,1.790181
0.0,32,1.79171
0.0,22,1.792788
0.0,6,1.793128
0.0,4,1.793389
0.0,10,1.793913
0.0,10,1.794444
0.0,19,1.795407
0.0,34,1.797013
0.0,12,1.797637
0.0,36,1.799333
0.0,22,1.800416
0.0,13,1.801071
0.0,33,1.802649
0.0,2,1.802812
0.0,6,1.803149
0.0,15,1.803911
0.0,17,1.804766
0.0,3,1.804973
0.0,6,1.805318
0.0,20,1.806306
0.0,27,1.807616
0.0,2,1.807776
0.0,2,1.807934
0.0,6,1.808271
0.0,10,1.808807
0.0,8,1.80924
0.0,6,1.809593
0.0,12,1.810205
0.0,11,1.810787
0.0,6,1.811126
1.0,37,1.812876
0.0,7,1.813267
0.0,20,1.814245
0.0,7,1.814648
0.0,17,1.815504
0.0,6,1.815844
0.0,9,1.816314
0.0,11,1.81689
0.0,7,1.817275
0.0,37,1.819027
0.0,13,1.819698
0.0,10,1.820223
0.0,20,1.821211
0.0,7,1.821608
0.0,7,1.821991
0.0,3,1.822199
0.0,40,1.824088
0.0,11,1.824672
0.0,71,1.827971
0.0,17,1.828829
0.0,5,1.829124
0.0,8,1.829567
0.0,9,1.830045
0.0,37,1.831805
0.0,24,1.832973
0.0,15,1.83373
0.0,24,1.834897
0.0,12,1.835535
0.0,13,1.836187
0.0,5,1.836501
0.0,4,1.836751
0.0,9,1.837226
0.0,9,1.837711
0.0,17,1.838565
0.0,7,1.838949
0.0,16,1.839755
0.0,48,1.842009
0.0,41,1.84395
0.0,28,1.8453
0.0,31,1.846804
0.0,35,1.848482
0.0,5,1.848782
0.0,10,1.8493
0.0,28,1.850647
0.0,30,1.852083
0.0,9,1.852578
0.0,5,1.852877
0.0,5,1.853174
0.0,3,1.85339
0.0,15,1.854133
0.0,20,1.855127
0.0,7,1.855532
0.0,8,1.855963
0.0,35,1.857639
0.0,17,1.858495
0.0,39,1.860329
0.0,39,1.862182
0.0,2,1.862343
0.0,30,1.863785
0.0,32,1.865466
0.0,21,1.8665
0.0,17,1.867337
0.0,19,1.86828
0.0,4,1.868543
1.0,67,1.871668
0.0,55,1.874245
0.0,2,1.874419
0.0,9,1.874894
0.0,58,1.877608
0.0,22,1.878678
1.0,6,1.879026
0.0,12,1.87966
0.0,63,1.882597
0.0,23,1.883712
0.0,6,1.884058
0.0,8,1.884506
0.0,13,1.885167
0.0,8,1.885617
0.0,4,1.885869
0.0,3,1.886075
1.0,21,1.887104
0.0,2,1.887264
0.0,15,1.888028
0.0,63,1.890965
0.0,7,1.891361
0.0,5,1.891657
0.0,6,1.891998
0.0,16,1.892804
0.0,13,1.893474
0.0,28,1.894825
0.0,4,1.895075
0.0,6,1.895434
0.0,4,1.895686
0.0,4,1.895934
0.0,33,1.897522
0.0,6,1.897863
0.0,22,1.898932
0.0,14,1.899651
0.0,18,1.900543
0.0,22,1.90162
0.0,4,1.901873
0.0,13,1.902538
0.0,15,1.903276
0.0,57,1.905939
0.0,7,1.906323
0.0,6,1.906672
0.0,21,1.907701
0.0,3,1.907906
0.0,5,1.9082
0.0,13,1.908867
0.0,10,1.909396
0.0,4,1.909646
0.0,5,1.909941
0.0,4,1.910189
0.0,29,1.911582
0.0,32,1.913105
0.0,4,1.913364
0.0,4,1.913614
0.0,4,1.91386
0.0,10,1.914391
0.0,26,1.915642
0.0,20,1.916617
0.0,28,1.917963
0.0,6,1.918306
0.0,51,1.920705
0.0,13,1.921372
0.0,8,1.921806
0.0,52,1.924229
0.0,9,1.924717
0.0,10,1.925242
0.0,6,1.9256
0.0,16,1.926401
0.0,13,1.927057
0.0,17,1.927901
0.0,7,1.928288
0.0,30,1.929726
0.0,15,1.930487
0.0,12,1.931096
0.0,18,1.931993
0.0,4,1.932245
0.0,10,1.932779
0.0,5,1.933076
0.0,23,1.934184
0.0,5,1.934494
0.0,34,1.936107
0.0,7,1.936504
0.0,2,1.936664
0.0,11,1.937223
0.0,18,1.938115
0.0,23,1.939223
0.0,6,1.939577
0.0,28,1.940908
0.0,9,1.941391
0.0,18,1.942273
0.0,11,1.942845
1.0,14,1.943557
0.0,15,1.944297
0.0,22,1.945375
0.0,8,1.945807
0.0,28,1.947148
0.0,49,1.949443
0.0,12,1.950057
0.0,11,1.950632
0.0,34,1.952242
0.0,10,1.952781
0.0,83,1.956642
0.0,62,1.959524
0.0,13,1.960183
0.0,20,1.961166
0.0,5,1.961473
0.0,10,1.961998
0.0,20,1.962986
0.0,3,1.963192
0.0,16,1.963992
0.0,26,1.96536
0.0,12,1.965973
0.0,18,1.966863
0.0,19,1.967805
0.0,28,1.969148
0.0,49,1.971442
0.0,73,1.974817
0.0,4,1.97507
0.0,19,1.976013
0.0,2,1.976173
0.0,12,1.976794
0.0,5,1.977088
0.0,27,1.978384
0.0,5,1.978682
0.0,46,1.980833
0.0,42,1.982815
0.0,3,1.983022
0.0,18,1.983916
0.0,42,1.985901
0.0,14,1.986612
0.0,20,1.987598
0.0,100,1.992198
0.0,27,1.993506
0.0,17,1.99434
0.0,50,1.996694
0.0,4,1.996944
0.0,22,1.998015
0.0,7,1.998417
0.0,19,1.999344
0.0,51,2.001729
0.0,11,2.002292
0.0,5,2.002599
0.0,9,2.003077
0.0,14,2.003793
0.0,48,2.006053
0.0,46,2.008202
0.0,10,2.008742
0.0,6,2.009081
0.0,26,2.010326
0.0,37,2.012072
0.0,28,2.013431
0.0,5,2.013729
0.0,8,2.014162
0.0,15,2.014919
0.0,36,2.01663
0.0,12,2.017243
0.0,62,2.020144
0.0,4,2.020405
0.0,11,2.020972
0.0,32,2.022492
0.0,6,2.022842
0.0,22,2.023922
0.0,14,2.02463
0.0,6,2.024974
0.0,5,2.025267
0.0,22,2.026343
0.0,10,2.02687
0.0,100,2.031467
0.0,33,2.03304
0.0,15,2.033798
0.0,25,2.035007
0.0,18,2.035915
0.0,66,2.038971
0.0,49,2.041261
0.0,3,2.04148
0.0,28,2.042823
0.0,6,2.043161
0.0,8,2.043602
0.0,41,2.045551
0.0,33,2.047115
0.0,23,2.04823
0.0,21,2.049251
0.0,4,2.049513
0.0,22,2.050579
0.0,45,2.052689
0.0,31,2.054157
0.0,19,2.055094
0.0,37,2.056855
0.0,43,2.058874
0.0,13,2.059544
0.0,5,2.059841
0.0,98,2.064474
0.0,74,2.067907
0.0,91,2.072102
0.0,16,2.07291
0.0,61,2.075759
0.0,7,2.076149
0.0,73,2.079531
0.0,61,2.08237
0.0,100,2.086977
0.0,16,2.087782
0.0,9,2.088257
0.0,38,2.090048
0.0,38,2.091841
0.0,19,2.092783
0.0,40,2.094674
0.0,31,2.096153
0.0,49,2.098453
0.0,58,2.101148
0.0,7,2.101551
0.0,16,2.102341
0.0,61,2.105175
0.0,34,2.106802
0.0,11,2.107387
0.0,24,2.108542
0.0,100,2.113244
0.0,30,2.114681
0.0,11,2.115249
0.0,18,2.116147
0.0,35,2.117821
0.0,34,2.119435
0.0,100,2.124039
0.0,31,2.125527
0.0,37,2.127274
0.0,100,2.131882
0.0,7,2.13227
0.0,11,2.132849
0.0,24,2.134007
0.0,95,2.138385
0.0,14,2.139083
0.0,22,2.140163
0.0,54,2.142685
0.0,54,2.145195
0.0,11,2.145778
0.0,58,2.148474
0.0,12,2.149087
0.0,27,2.150392
0.0,10,2.150911
0.0,74,2.15433
0.0,100,2.158947
0.0,100,2.163573
0.0,21,2.164608
0.0,10,2.165129
0.0,11,2.16571
0.0,2,2.16587
0.0,20,2.166854
0.0,68,2.170015
0.0,23,2.171139
0.0,24,2.172291
0.0,18,2.173184
0.0,7,2.17358
0.0,17,2.17443
0.0,14,2.17513
0.0,50,2.177477
0.0,33,2.179052
0.0,5,2.17936
0.0,39,2.181192
0.0,78,2.184805
0.0,65,2.187832
0.0,100,2.192441
0.0,9,2.192919
0.0,2,2.193077
0.0,63,2.196009
0.0,8,2.196455
0.0,41,2.1984
0.0,14,2.199106
0.0,31,2.200592
0.0,16,2.2014
0.0,22,2.202471
1.0,6,2.202816
0.0,12,2.203435
0.0,9,2.203914
0.0,54,2.206443
0.0,38,2.208235
0.0,4,2.208498
0.0,42,2.210488
0.0,61,2.213316
0.0,25,2.214535
0.0,22,2.215612
0.0,3,2.21582
0.0,28,2.217162
0.0,75,2.220645
0.0,22,2.221721
0.0,21,2.222742
0.0,22,2.223814
0.0,11,2.224386
0.0,45,2.22649
0.0,15,2.227236
0.0,16,2.228041
0.0,39,2.229893
0.0,43,2.231907
0.0,77,2.235483
0.0,20,2.236467
0.0,11,2.237037
0.0,21,2.238067
0.0,3,2.238276
0.0,26,2.23954
0.0,16,2.24033
0.0,35,2.242007
0.0,7,2.242407
0.0,6,2.242749
0.0,78,2.246362
0.0,3,2.246568
0.0,11,2.247138
0.0,3,2.247341
0.0,20,2.248323
0.0,30,2.249761
0.0,18,2.250656
0.0,13,2.25131
0.0,17,2.252155
0.0,10,2.252815
0.0,15,2.253577
0.0,45,2.255707
0.0,6,2.25605
0.0,5,2.256344
0.0,16,2.257147
0.0,21,2.258176
0.0,4,2.258437
1.0,32,2.259969
0.0,8,2.260412
0.0,34,2.262029
0.0,17,2.262877
1.0,22,2.263954
0.0,14,2.264665
0.0,10,2.265186
0.0,6,2.265544
0.0,11,2.266109
0.0,48,2.268371
0.0,17,2.269206
0.0,20,2.270188
0.0,12,2.270827
0.0,42,2.272806
1.0,88,2.276864
0.0,9,2.277341
0.0,26,2.278597
0.0,94,2.282928
0.0,9,2.283418
0.0,11,2.283989
0.0,22,2.285063
0.0,4,2.285314
1.0,13,2.28598
0.0,12,2.28661
0.0,8,2.287038
0.0,15,2.287796
1.0,26,2.289041
0.0,37,2.290792
0.0,18,2.29169
0.0,3,2.291897
0.0,18,2.292783
0.0,7,2.293167
0.0,8,2.293615
0.0,7,2.293998
1.0,11,2.294571
0.0,16,2.295377
0.0,37,2.297121
0.0,16,2.297933
0.0,21,2.298963
0.0,5,2.299258
0.0,29,2.300648
0.0,27,2.301942
0.0,13,2.302615
0.0,18,2.30351
0.0,10,2.304029
0.0,36,2.305746
0.0,59,2.308501
0.0,9,2.308976
0.0,2,2.309134
1.0,13,2.309798
1.0,27,2.311086
0.0,21,2.312118
0.0,31,2.313606
0.0,17,2.31446
0.0,7,2.314846
0.0,21,2.315872
0.0,10,2.316407
0.0,31,2.317886
0.0,10,2.318422
1.0,42,2.320407
1.0,17,2.321243
0.0,21,2.322265
0.0,14,2.322978
0.0,6,2.323317
0.0,13,2.323986
0.0,12,2.324605
0.0,5,2.324904
0.0,13,2.325575
0.0,6,2.325917
0.0,10,2.326445
0.0,6,2.326785
0.0,19,2.32773
0.0,22,2.328799
0.0,33,2.330375
0.0,7,2.330763
0.0,10,2.331284
0.0,7,2.331682
0.0,4,2.331935
0.0,26,2.333177
0.0,32,2.334706
0.0,19,2.335652
0.0,11,2.336219
0.0,8,2.336665
0.0,11,2.337233
0.0,8,2.337682
0.0,37,2.339442
0.0,7,2.339832
0.0,25,2.34106
0.0,16,2.341865
0.0,39,2.343711
0.0,46,2.345873
0.0,100,2.35048
0.0,19,2.35142
0.0,11,2.351993
0.0,9,2.352477
0.0,7,2.352975
0.0,5,2.353274
0.0,10,2.353807
0.0,8,2.354239
0.0,4,2.354498
0.0,11,2.355063
0.0,17,2.355917
0.0,63,2.358846
0.0,6,2.359188
0.0,25,2.360404
0.0,7,2.360788
0.0,10,2.361304
0.0,11,2.36188
0.0,10,2.362413
0.0,14,2.363114
0.0,13,2.36378
0.0,29,2.365165
0.0,20,2.366156
0.0,3,2.366371
0.0,91,2.370588
0.0,56,2.373199
0.0,18,2.374099
0.0,8,2.374543
0.0,23,2.375661
0.0,6,2.376
0.0,55,2.378578
0.0,11,2.379145
0.0,26,2.3804
0.0,60,2.383174
0.0,29,2.384573
0.0,39,2.386423
0.0,35,2.388071
0.0,58,2.390776
0.0,65,2.393803
0.0,22,2.394873
0.0,19,2.395819
0.0,35,2.397475
0.0,2,2.397635
0.0,51,2.400017
0.0,10,2.400551
0.0,5,2.400847
0.0,12,2.401472
0.0,43,2.403499
0.0,50,2.405848
1.0,16,2.406659
0.0,5,2.406953
0.0,8,2.407404
0.0,18,2.408281
0.0,26,2.409571
1.0,8,2.410006
0.0,17,2.410851
0.0,21,2.411878
0.0,40,2.41377
1.0,24,2.414943
0.0,37,2.4167
0.0,29,2.418089
1.0,29,2.419482
0.0,42,2.421458
0.0,22,2.422533
0.0,31,2.424014
0.0,41,2.42596
0.0,6,2.426305
0.0,42,2.428273
0.0,6,2.428629
0.0,66,2.431684
0.0,18,2.43258
0.0,30,2.434
0.0,5,2.434297
0.0,52,2.436736
0.0,15,2.437491
0.0,27,2.438788
0.0,24,2.439945
0.0,11,2.44052
0.0,22,2.44159
1.0,11,2.442153
0.0,7,2.442549
0.0,46,2.444713
0.0,28,2.446066
0.0,18,2.446968
0.0,42,2.448952
1.0,21,2.449983
0.0,17,2.450831
0.0,5,2.451126
0.0,38,2.452917
0.0,3,2.453125
0.0,7,2.453523
0.0,55,2.456095
0.0,13,2.456763
0.0,3,2.45697
0.0,4,2.457217
1.0,18,2.458111
0.0,29,2.459514
0.0,6,2.45995
0.0,50,2.462294
0.0,36,2.464005
0.0,27,2.465302
1.0,20,2.466289
0.0,15,2.467047
0.0,12,2.467675
0.0,5,2.467971
0.0,42,2.469944
0.0,30,2.47139
0.0,8,2.471834
0.0,23,2.472953
0.0,20,2.473936
0.0,56,2.476541
0.0,29,2.47792
0.0,22,2.478993
0.0,33,2.480574
0.0,10,2.481095
0.0,58,2.483785
0.0,12,2.484411
0.0,14,2.485105
0.0,12,2.485733
0.0,13,2.486394
0.0,51,2.488782
0.0,18,2.48968
0.0,5,2.489978
0.0,6,2.490317
0.0,50,2.492657
0.0,3,2.492862
0.0,25,2.494066
0.0,12,2.494692
0.0,4,2.494945
0.0,13,2.495618
0.0,50,2.49795
0.0,5,2.498245
0.0,6,2.498593
0.0,31,2.500075
0.0,7,2.500472
0.0,75,2.503939
0.0,27,2.505233
0.0,6,2.505597
0.0,27,2.506896
0.0,7,2.507284
0.0,6,2.507636
0.0,17,2.508481
0.0,18,2.509375
0.0,79,2.513034
0.0,15,2.513797
0.0,9,2.514277
0.0,15,2.51503
0.0,15,2.515793
0.0,2,2.515957
0.0,7,2.516342
0.0,34,2.517953
0.0,50,2.520293
0.0,16,2.521094
0.0,8,2.521537
0.0,7,2.521927
0.0,21,2.522951
1.0,54,2.525468
0.0,35,2.527117
0.0,11,2.527698
0.0,17,2.528548
0.0,8,2.528978
0.0,15,2.529733
0.0,9,2.53021
0.0,29,2.531604
0.0,15,2.532355
0.0,3,2.532564
0.0,12,2.53317
0.0,33,2.534745
0.0,21,2.535778
0.0,12,2.5364
0.0,10,2.536922
0.0,19,2.537856
0.0,7,2.538244
0.0,26,2.539504
0.0,6,2.539848
0.0,4,2.540096
0.0,21,2.541117
0.0,14,2.54183
0.0,8,2.542259
0.0,5,2.542564
0.0,19,2.543505
0.0,15,2.544251
0.0,71,2.547562
0.0,17,2.548409
0.0,71,2.551707
0.0,19,2.552648
0.0,58,2.555343
0.0,27,2.556657
0.0,5,2.556957
0.0,15,2.557715
0.0,19,2.558653
0.0,4,2.558906
0.0,10,2.559438
0.0,35,2.561091
0.0,11,2.561778
0.0,21,2.56281
0.0,12,2.563435
0.0,6,2.563778
0.0,6,2.56412
0.0,11,2.5647
0.0,18,2.565604
0.0,15,2.566356
0.0,26,2.567605
0.0,5,2.567902
0.0,44,2.569975
0.0,28,2.571315
0.0,29,2.572709
0.0,13,2.573376
0.0,23,2.574492
0.0,8,2.574921
0.0,43,2.576955
0.0,10,2.57749
0.0,17,2.578321
0.0,9,2.578804
0.0,41,2.580729
0.0,31,2.582213
0.0,18,2.583107
0.0,2,2.583269
0.0,46,2.585442
0.0,21,2.586464
0.0,34,2.588073
0.0,6,2.588429
0.0,15,2.589172
0.0,48,2.591431
0.0,80,2.595119
0.0,23,2.596245
0.0,8,2.596689
0.0,77,2.600263
0.0,31,2.601755
0.0,9,2.602231
0.0,16,2.603023
0.0,98,2.607555
0.0,16,2.608358
0.0,46,2.610518
0.0,47,2.612736
0.0,25,2.61394
0.0,36,2.615658
1.0,14,2.616371
0.0,5,2.616668
0.0,2,2.616827
0.0,79,2.620472
0.0,22,2.621546
0.0,43,2.623567
0.0,6,2.62391
0.0,19,2.624871
0.0,12,2.625497
0.0,11,2.626065
0.0,76,2.629596
0.0,8,2.630028
0.0,47,2.632241
0.0,64,2.635214
0.0,47,2.637435
0.0,39,2.639274
0.0,37,2.641028
0.0,29,2.642425
0.0,53,2.644891
0.0,9,2.645383
0.0,100,2.649972
0.0,53,2.65246
0.0,32,2.653981
0.0,50,2.656326
0.0,10,2.656862
0.0,22,2.657935
0.0,40,2.659827
0.0,44,2.661924
0.0,14,2.662643
0.0,12,2.663256
0.0,14,2.663961
0.0,9,2.664454
0.0,5,2.664749
0.0,83,2.668595
1.0,44,2.67067
0.0,24,2.671836
0.0,33,2.67341
0.0,14,2.674111
0.0,17,2.674959
0.0,32,2.676493
0.0,59,2.679249
0.0,6,2.679603
0.0,11,2.680172
0.0,29,2.68157
0.0,12,2.682189
0.0,12,2.682809
0.0,4,2.683059
0.0,9,2.683542
0.0,17,2.684391
0.0,6,2.684832
0.0,12,2.68546
0.0,22,2.686541
0.0,18,2.68744
0.0,28,2.688779
0.0,63,2.691717
1.0,70,2.694966
0.0,2,2.695129
0.0,13,2.695801
0.0,8,2.69623
0.0,20,2.697214
0.0,100,2.701819
0.0,41,2.703756
0.0,5,2.704052
0.0,14,2.704758
0.0,16,2.705569
0.0,5,2.705864
0.0,24,2.707024
0.0,3,2.707229
0.0,14,2.707936
0.0,45,2.710047
0.0,84,2.713921
0.0,11,2.714499
0.0,20,2.715484
0.0,14,2.716179
0.0,5,2.716488
0.0,41,2.718421
0.0,29,2.719798
0.0,14,2.720507
0.0,87,2.724521
0.0,11,2.725091
0.0,37,2.726847
0.0,4,2.727098
0.0,48,2.729325
0.0,99,2.73387
0.0,9,2.734356
0.0,35,2.736018
0.0,91,2.74021
0.0,6,2.740564
1.0,66,2.743633
0.0,39,2.74548
0.0,44,2.747539
0.0,47,2.749738
0.0,34,2.751354
0.0,21,2.752374
0.0,47,2.754579
0.0,6,2.75492
0.0,69,2.758125
0.0,21,2.759153
1.0,17,2.760001
0.0,15,2.760756
0.0,50,2.763088
0.0,34,2.764706
0.0,14,2.765421
0.0,15,2.766171
0.0,6,2.766522
0.0,11,2.767088
0.0,8,2.767528
0.0,11,2.76809
0.0,3,2.768292
0.0,9,2.768826
0.0,29,2.770214
0.0,5,2.770524
0.0,27,2.771822
0.0,5,2.772116
0.0,12,2.772736
0.0,14,2.773453
0.0,13,2.774113
1.0,10,2.774644
0.0,8,2.77507
0.0,9,2.77557
0.0,6,2.775923
0.0,6,2.776264
0.0,30,2.777707
0.0,9,2.778187
0.0,20,2.779166
0.0,4,2.779435
0.0,18,2.780317
0.0,10,2.780841
0.0,4,2.781093
0.0,3,2.781297
0.0,6,2.781647
0.0,18,2.782536
0.0,19,2.78348
0.0,53,2.785954
0.0,25,2.787152
0.0,16,2.787966
0.0,71,2.791394
0.0,15,2.792148
0.0,8,2.792593
0.0,12,2.793201
0.0,19,2.794143
0.0,33,2.795731
0.0,21,2.796759
0.0,16,2.797565
0.0,11,2.79813
0.0,21,2.799157
0.0,8,2.799603
0.0,16,2.800409
0.0,10,2.800931
1.0,34,2.802557
0.0,20,2.803542
0.0,66,2.806601
0.0,17,2.807453
0.0,7,2.80784
0.0,14,2.808551
0.0,30,2.809991
0.0,8,2.810435
0.0,22,2.811512
0.0,80,2.815199
0.0,11,2.815787
0.0,15,2.816547
0.0,33,2.818112
0.0,5,2.818425
0.0,28,2.819778
0.0,30,2.821211
0.0,7,2.821611
0.0,11,2.822173
0.0,21,2.823201
1.0,18,2.824097
0.0,8,2.824536
0.0,7,2.824925
0.0,5,2.825218
0.0,19,2.826162
0.0,4,2.826427
0.0,12,2.827042
0.0,61,2.829894
0.0,9,2.830388
0.0,29,2.831787
0.0,9,2.832268
0.0,12,2.832886
0.0,41,2.834824
0.0,43,2.836861
0.0,19,2.837804
0.0,11,2.838382
0.0,19,2.839312
0.0,18,2.840198
0.0,7,2.840594
0.0,2,2.840755
0.0,11,2.841319
0.0,18,2.842209
0.0,14,2.842926
0.0,12,2.843556
0.0,5,2.843852
0.0,98,2.84838
0.0,15,2.84913
0.0,60,2.851924
0.0,11,2.852505
0.0,7,2.852889
0.0,19,2.853827
0.0,85,2.857761
0.0,53,2.860233
0.0,12,2.860859
0.0,79,2.864522
0.0,51,2.866926
0.0,28,2.868271
0.0,57,2.870946
0.0,5,2.871246
0.0,29,2.872662
0.0,40,2.87456
0.0,4,2.874814
0.0,61,2.877678
0.0,23,2.878799
0.0,5,2.879096
0.0,41,2.881028
0.0,19,2.88197
0.0,3,2.882174
0.0,26,2.883438
0.0,5,2.883734
0.0,56,2.886354
0.0,14,2.887057
0.0,10,2.88759
0.0,3,2.887795
0.0,37,2.88953
0.0,6,2.889998
0.0,42,2.89195
0.0,17,2.892789
0.0,46,2.894919
0.0,8,2.895344
0.0,6,2.8957
0.0,62,2.898548
0.0,3,2.898755
0.0,8,2.89918
0.0,5,2.89949
0.0,19,2.900417
0.0,4,2.900664
0.0,5,2.900956
0.0,21,2.901976
0.0,25,2.90318
0.0,57,2.905854
1.0,28,2.907194
0.0,2,2.907366
0.0,60,2.91015
0.0,68,2.913306
0.0,69,2.916517
0.0,7,2.916909
0.0,15,2.917668
0.0,64,2.920638
0.0,21,2.92167
0.0,12,2.922283
0.0,13,2.92295
0.0,25,2.924152
0.0,7,2.924552
0.0,22,2.925627
0.0,34,2.927247
0.0,27,2.92856
0.0,6,2.9289
0.0,11,2.929476
0.0,9,2.929949
0.0,3,2.930154
0.0,4,2.930412
0.0,40,2.932301
0.0,7,2.932699
0.0,15,2.933459
0.0,9,2.933939
0.0,9,2.934429
0.0,3,2.934634
0.0,58,2.937339
0.0,4,2.937605
0.0,13,2.938263
0.0,61,2.941097
0.0,4,2.94136
0.0,6,2.941704
0.0,10,2.942227
0.0,38,2.944029
1.0,85,2.947953
0.0,13,2.948622
0.0,10,2.949145
0.0,3,2.94936
0.0,3,2.949569
0.0,68,2.952719
0.0,19,2.953661
0.0,61,2.956518
0.0,8,2.95695
0.0,7,2.957333
1.0,15,2.958086
0.0,9,2.958571
0.0,41,2.960497
0.0,8,2.960927
0.0,12,2.961548
0.0,28,2.962882
0.0,38,2.964686
0.0,8,2.96512
0.0,10,2.965659
0.0,32,2.96717
0.0,27,2.968479
0.0,9,2.968962
0.0,2,2.969122
0.0,29,2.970519
0.0,16,2.97131
0.0,8,2.97176
0.0,6,2.972098
0.0,11,2.972675
0.0,19,2.973622
1.0,19,2.974555
0.0,16,2.975362
0.0,45,2.977474
0.0,5,2.977773
0.0,11,2.978336
0.0,5,2.978642
0.0,49,2.980924
0.0,4,2.981177
0.0,26,2.982441
0.0,7,2.982831
0.0,9,2.98331
0.0,18,2.984199
0.0,18,2.985085
0.0,3,2.985291
0.0,32,2.986827
0.0,3,2.987035
0.0,4,2.987284
0.0,21,2.988309
0.0,9,2.988792
0.0,33,2.990374
0.0,24,2.991693
0.0,5,2.991996
0.0,10,2.992529
0.0,2,2.992689
0.0,19,2.993632
0.0,15,2.994383
0.0,11,2.994956
0.0,17,2.995816
0.0,4,2.996069
0.0,8,2.996513
0.0,67,2.999637
0.0,11,3.000205
0.0,25,3.001429
0.0,23,3.002542
0.0,70,3.005789
0.0,24,3.006946
0.0,47,3.009143
1.0,8,3.009589
0.0,9,3.010062
0.0,41,3.011992
0.0,36,3.013707
0.0,12,3.014313
0.0,28,3.015665
0.0,6,3.01601
0.0,20,3.016994
0.0,4,3.017243
0.0,20,3.018226
1.0,35,3.019888
0.0,12,3.020507
0.0,37,3.022255
0.0,6,3.022609
0.0,11,3.023175
1.0,49,3.025494
0.0,17,3.02633
0.0,14,3.027038
0.0,22,3.028107
0.0,54,3.03063
0.0,6,3.030972
0.0,24,3.032129
0.0,36,3.033843
0.0,28,3.035173
1.0,60,3.037984
0.0,11,3.038563
0.0,20,3.039547
0.0,7,3.039932
0.0,25,3.041135
0.0,21,3.042161
0.0,7,3.042557
0.0,24,3.04371
0.0,8,3.044137
0.0,11,3.044714
0.0,13,3.045389
0.0,36,3.047084
0.0,30,3.048537
0.0,31,3.05002
0.0,59,3.052777
1.0,8,3.05321
0.0,12,3.053839
0.0,14,3.054546
0.0,12,3.055154
0.0,5,3.05547
0.0,9,3.055947
0.0,4,3.056195
0.0,16,3.056998
0.0,8,3.057447
0.0,4,3.057701
0.0,5,3.057994
0.0,4,3.058244
0.0,2,3.058413
0.0,14,3.059117
0.0,4,3.059379
0.0,7,3.059765
0.0,21,3.06079
0.0,23,3.061914
0.0,45,3.064039
0.0,15,3.064796
0.0,33,3.066379
0.0,13,3.067038
0.0,4,3.067291
0.0,13,3.067959
0.0,31,3.069447
0.0,8,3.069884
0.0,15,3.070652
0.0,3,3.070858
0.0,29,3.072235
0.0,9,3.072725
0.0,47,3.074927
0.0,51,3.077311
0.0,5,3.077624
0.0,4,3.077874
0.0,48,3.080118
0.0,9,3.080606
0.0,10,3.081131
0.0,8,3.081576
0.0,29,3.082959
0.0,22,3.084048
0.0,14,3.084758
0.0,24,3.08593
0.0,10,3.086466
0.0,4,3.08672
1.0,24,3.087885
0.0,45,3.090004
0.0,2,3.090168
0.0,15,3.090935
0.0,5,3.091333
0.0,21,3.09238
0.0,82,3.096172
0.0,27,3.097476
1.0,17,3.098308
0.0,22,3.099394
0.0,16,3.100192
0.0,13,3.100858
0.0,16,3.101665
0.0,7,3.102056
0.0,14,3.102771
0.0,45,3.104891
0.0,15,3.105654
0.0,15,3.106407
0.0,6,3.106747
0.0,22,3.107828
0.0,13,3.108493
0.0,48,3.110747
0.0,10,3.111269
0.0,20,3.112255
0.0,5,3.112561
0.0,11,3.113124
0.0,12,3.113751
0.0,20,3.114728
0.0,6,3.115072
0.0,6,3.115431
0.0,5,3.115728
0.0,13,3.116395
0.0,5,3.116694
0.0,9,3.117172
0.0,8,3.117622
0.0,86,3.121598
0.0,4,3.121855
0.0,8,3.122284
0.0,29,3.123679
0.0,26,3.12493
0.0,6,3.12527
0.0,33,3.12687
0.0,35,3.128534
0.0,22,3.129612
0.0,32,3.131129
0.0,5,3.13144
0.0,3,3.131649
0.0,8,3.132081
0.0,5,3.132388
0.0,6,3.13273
0.0,6,3.133073
0.0,9,3.133565
0.0,38,3.135373
0.0,11,3.135941
0.0,9,3.136428
1.0,20,3.13742
0.0,4,3.13767
0.0,7,3.138056
0.0,50,3.140407
0.0,4,3.140658
0.0,2,3.140821
0.0,4,3.141069
0.0,9,3.141567
0.0,9,3.142045
0.0,4,3.142294
0.0,41,3.144228
0.0,18,3.145117
0.0,24,3.146294
0.0,24,3.147474
0.0,5,3.147776
0.0,17,3.148621
0.0,12,3.149237
1.0,41,3.151182
1.0,24,3.152354
0.0,10,3.152876
1.0,7,3.153265
0.0,9,3.153753
0.0,55,3.156327
0.0,7,3.156725
0.0,5,3.157067
0.0,4,3.157316
0.0,7,3.157717
0.0,6,3.158061
0.0,66,3.161126
0.0,54,3.163678
0.0,11,3.164252
0.0,5,3.16456
0.0,12,3.165169
0.0,6,3.165527
0.0,44,3.167597
0.0,19,3.168539
0.0,43,3.170574
0.0,4,3.170825
0.0,4,3.171073
0.0,7,3.171471
1.0,23,3.172591
0.0,6,3.172933
0.0,25,3.174141
0.0,4,3.174407
0.0,11,3.174976
0.0,27,3.176276
0.0,47,3.178492
0.0,14,3.179196
1.0,9,3.17969
0.0,37,3.181451
1.0,17,3.182293
0.0,9,3.182776
0.0,17,3.183636
0.0,72,3.186994
0.0,100,3.191643
0.0,15,3.19253
0.0,22,3.193605
0.0,38,3.195422
0.0,14,3.196121
0.0,8,3.196569
0.0,87,3.200578
0.0,68,3.203742
0.0,8,3.204175
0.0,3,3.204395
0.0,7,3.204779
1.0,27,3.206084
0.0,16,3.206892
0.0,12,3.207514
0.0,20,3.208497
0.0,16,3.209294
0.0,35,3.210966
0.0,33,3.212542
0.0,7,3.212927
0.0,34,3.214548
0.0,13,3.215205
0.0,6,3.215562
0.0,28,3.216905
0.0,9,3.21739
0.0,40,3.219284
0.0,7,3.21968
0.0,4,3.219934
0.0,9,3.220425
0.0,11,3.220995
0.0,6,3.221337
0.0,17,3.222184
0.0,17,3.223035
0.0,4,3.223286
0.0,50,3.225643
0.0,14,3.226343
0.0,24,3.227516
0.0,16,3.228311
0.0,11,3.228888
0.0,2,3.229048
0.0,14,3.229755
0.0,21,3.23078
0.0,18,3.231677
0.0,6,3.23202
0.0,8,3.232466
0.0,20,3.233442
0.0,20,3.234429
0.0,23,3.235549
0.0,29,3.23693
0.0,4,3.23718
0.0,11,3.237758
0.0,17,3.238615
0.0,4,3.238864
0.0,33,3.240444
0.0,26,3.241706
0.0,69,3.244907
0.0,26,3.246167
0.0,14,3.246887
0.0,30,3.248311
0.0,12,3.248943
0.0,11,3.249523
0.0,7,3.249912
0.0,13,3.250595
0.0,14,3.251299
0.0,16,3.252097
0.0,9,3.25259
0.0,12,3.253202
0.0,10,3.253732
0.0,11,3.254298
0.0,30,3.255751
0.0,7,3.256137
0.0,4,3.256399
0.0,6,3.256745
0.0,32,3.258267
0.0,15,3.259029
0.0,14,3.25974
0.0,5,3.260036
0.0,53,3.262523
0.0,8,3.262955
1.0,29,3.26434
0.0,39,3.266185
0.0,23,3.267301
0.0,12,3.267925
0.0,28,3.269267
0.0,17,3.270115
0.0,4,3.270387
0.0,11,3.270953
0.0,48,3.273211
0.0,5,3.273519
0.0,5,3.27382
0.0,13,3.274486
0.0,28,3.27583
0.0,15,3.276584
0.0,19,3.277524
0.0,5,3.277819
0.0,8,3.27825
0.0,64,3.281243
0.0,74,3.284689
0.0,12,3.285307
0.0,8,3.285755
0.0,23,3.286881
0.0,4,3.287132
0.0,25,3.288333
0.0,6,3.28869
1.0,17,3.289537
0.0,19,3.290472
0.0,4,3.290726
0.0,8,3.291158
0.0,5,3.291463
0.0,6,3.291801
0.0,23,3.293022
0.0,17,3.293954
0.0,4,3.29421
0.0,10,3.294747
0.0,12,3.295376
0.0,2,3.295538
0.0,14,3.296237
0.0,13,3.296912
1.0,20,3.297906
0.0,5,3.298201
1.0,97,3.302681
0.0,38,3.30449
0.0,10,3.305011
0.0,3,3.305217
0.0,27,3.306526
0.0,21,3.307558
0.0,9,3.308037
0.0,12,3.30866
0.0,69,3.311862
0.0,30,3.313507
0.0,72,3.316867
0.0,18,3.317764
0.0,9,3.31824
0.0,17,3.319087
0.0,10,3.319623
0.0,11,3.320192
1.0,14,3.320901
0.0,58,3.323613
0.0,26,3.324874
0.0,5,3.325168
0.0,11,3.325754
1.0,11,3.326321
0.0,30,3.327763
0.0,15,3.328523
0.0,26,3.329776
0.0,6,3.330116
0.0,29,3.331511
0.0,46,3.333676
0.0,9,3.334157
0.0,13,3.334823
0.0,7,3.335211
0.0,20,3.336199
0.0,45,3.338309
0.0,51,3.340708
0.0,8,3.34114
0.0,23,3.342267
0.0,12,3.342887
0.0,10,3.343424
0.0,26,3.344673
0.0,19,3.345617
0.0,18,3.346504
0.0,7,3.346887
0.0,13,3.347558
0.0,2,3.34772
0.0,2,3.347878
0.0,41,3.34982
1.0,37,3.35158
0.0,17,3.352428
0.0,10,3.352948
0.0,4,3.353197
0.0,12,3.353828
0.0,32,3.355344
0.0,13,3.356018
0.0,17,3.356861
0.0,12,3.357491
0.0,8,3.357923
1.0,9,3.358416
0.0,29,3.3598
0.0,18,3.360687
0.0,16,3.361498
0.0,17,3.362341
0.0,16,3.363139
0.0,75,3.366624
0.0,39,3.368466
0.0,28,3.369806
0.0,15,3.37056
0.0,6,3.370903
0.0,4,3.371153
0.0,35,3.372818
0.0,15,3.373582
0.0,11,3.37415
0.0,65,3.377166
0.0,12,3.37779
0.0,7,3.378179
0.0,29,3.379581
0.0,16,3.380378
0.0,9,3.380854
1.0,10,3.381387
0.0,38,3.38316
0.0,51,3.385549
0.0,20,3.386538
0.0,19,3.387476
0.0,57,3.39013
0.0,30,3.391571
0.0,7,3.391954
0.0,13,3.392627
0.0,14,3.393331
0.0,11,3.393911
0.0,10,3.39444
0.0,10,3.39496
0.0,24,3.396128
0.0,8,3.396677
0.0,37,3.398452
0.0,9,3.398931
0.0,20,3.399918
0.0,37,3.401682
0.0,26,3.402931
0.0,17,3.403785
0.0,29,3.405185
0.0,89,3.409316
0.0,22,3.410399
0.0,2,3.410562
0.0,28,3.411902
0.0,5,3.412198
0.0,41,3.414135
0.0,21,3.415158
0.0,38,3.416973
0.0,5,3.417268
0.0,18,3.418163
0.0,4,3.418425
0.0,23,3.419561
0.0,6,3.419904
0.0,21,3.420929
0.0,27,3.422234
0.0,4,3.422501
0.0,12,3.423113
0.0,15,3.423873
0.0,50,3.42621
0.0,11,3.42679
0.0,13,3.427459
0.0,39,3.429282
0.0,6,3.429635
0.0,17,3.430483
0.0,39,3.432325
0.0,39,3.434164
0.0,21,3.435193
0.0,9,3.435688
0.0,14,3.436405
0.0,10,3.43693
0.0,3,3.437138
0.0,24,3.438294
0.0,20,3.439267
0.0,4,3.439536
0.0,10,3.44006
0.0,5,3.440366
0.0,18,3.441244
0.0,58,3.443963
0.0,100,3.44857
0.0,25,3.449786
0.0,5,3.450081
0.0,10,3.450609
0.0,4,3.450858
0.0,12,3.451484
0.0,26,3.452738
0.0,31,3.454212
0.0,23,3.455328
0.0,12,3.455957
0.0,13,3.456632
0.0,7,3.45702
0.0,29,3.45842
0.0,3,3.458627
0.0,54,3.461156
0.0,12,3.461788
0.0,22,3.462863
0.0,12,3.463489
0.0,4,3.463739
0.0,23,3.464854
0.0,10,3.465394
0.0,53,3.467877
0.0,5,3.468174
0.0,27,3.469477
0.0,7,3.469868
0.0,13,3.470542
0.0,74,3.473967
0.0,7,3.474367
0.0,11,3.474941
0.0,25,3.476156
0.0,11,3.476733
0.0,20,3.477723
0.0,41,3.47966
0.0,7,3.480048
0.0,8,3.480492
0.0,18,3.481386
0.0,100,3.485987
0.0,14,3.4867
0.0,32,3.488223
0.0,3,3.488439
0.0,6,3.488778
0.0,14,3.489495
0.0,21,3.490519
0.0,20,3.491501
0.0,17,3.492333
0.0,9,3.492816
0.0,17,3.493666
0.0,27,3.494965
0.0,7,3.495371
0.0,34,3.496986
0.0,69,3.500203
0.0,14,3.500917
0.0,16,3.501721
0.0,21,3.502747
0.0,26,3.50411
0.0,46,3.50628
0.0,7,3.506676
0.0,37,3.508435
0.0,24,3.509598
0.0,11,3.510167
0.0,33,3.51174
0.0,49,3.514037
0.0,68,3.5172
0.0,9,3.517694
0.0,60,3.520487
0.0,60,3.523274
0.0,19,3.524213
0.0,92,3.528483
0.0,17,3.529323
0.0,58,3.532042
0.0,7,3.532441
0.0,21,3.533472
0.0,90,3.537639
0.0,10,3.538165
0.0,29,3.539561
0.0,91,3.543737
0.0,100,3.548353
0.0,19,3.549281
1.0,52,3.551718
0.0,50,3.554051
0.0,3,3.554259
0.0,36,3.555964
0.0,9,3.55645
0.0,47,3.558649
0.0,83,3.56249
0.0,91,3.566694
0.0,20,3.56767
0.0,44,3.569736
0.0,10,3.570251
0.0,18,3.571139
0.0,7,3.571543
0.0,39,3.573376
0.0,45,3.575502
0.0,8,3.575933
0.0,4,3.576184
0.0,13,3.57685
0.0,4,3.577099
0.0,10,3.577636
0.0,27,3.578925
0.0,11,3.579506
0.0,28,3.58084
0.0,7,3.581226
0.0,27,3.582543
1.0,18,3.583435
0.0,8,3.583863
0.0,32,3.585398
0.0,7,3.585783
0.0,11,3.586355
0.0,8,3.58679
0.0,6,3.58713
0.0,10,3.587667
0.0,41,3.589606
0.0,34,3.591216
0.0,6,3.591572
0.0,24,3.592741
0.0,8,3.593174
0.0,16,3.594209
0.0,21,3.595289
0.0,37,3.597063
0.0,13,3.59774
0.0,27,3.599049
0.0,2,3.599213
0.0,12,3.599841
0.0,15,3.600602
0.0,13,3.601263
0.0,11,3.601852
1.0,53,3.604357
0.0,48,3.60665
0.0,24,3.607825
0.0,34,3.609459
0.0,49,3.611772
0.0,6,3.612115
0.0,20,3.613106
0.0,11,3.613695
0.0,14,3.614413
0.0,14,3.615122
0.0,11,3.615709
0.0,10,3.616232
0.0,41,3.618184
0.0,7,3.618583
0.0,14,3.619285
0.0,26,3.620565
0.0,16,3.621376
0.0,59,3.624127
0.0,36,3.625857
0.0,28,3.627209
0.0,26,3.628485
0.0,21,3.629528
0.0,21,3.630561
0.0,42,3.632567
0.0,6,3.632912
0.0,4,3.633164
0.0,16,3.634086
0.0,13,3.634764
0.0,13,3.63545
0.0,10,3.635974
0.0,4,3.636227
0.0,11,3.636811
0.0,14,3.637534
0.0,36,3.639254
0.0,26,3.640541
0.0,5,3.64084
0.0,36,3.642573
0.0,25,3.6438
0.0,7,3.64419
0.0,6,3.644547
0.0,8,3.644982
0.0,66,3.648097
0.0,38,3.649925
0.0,19,3.650874
0.0,10,3.65147
0.0,24,3.652699
0.0,51,3.655122
0.0,3,3.65533
0.0,12,3.655965
0.0,6,3.656312
0.0,6,3.656662
0.0,22,3.657744
0.0,31,3.659233
0.0,23,3.660384
0.0,4,3.660637
0.0,31,3.662134
0.0,14,3.662855
0.0,13,3.663532
0.0,9,3.664013
0.0,7,3.664411
0.0,14,3.665118
0.0,8,3.665571
0.0,7,3.665967
0.0,28,3.667331
0.0,95,3.671785
0.0,37,3.673566
0.0,18,3.674464
0.0,17,3.675309
0.0,21,3.676359
0.0,34,3.67799
0.0,50,3.680377
0.0,19,3.681314
0.0,5,3.681623
0.0,11,3.682194
0.0,34,3.683836
0.0,14,3.68455
0.0,5,3.684851
0.0,12,3.685481
0.0,14,3.686192
0.0,33,3.687788
0.0,23,3.688914
0.0,23,3.690064
0.0,9,3.690562
0.0,15,3.691315
0.0,23,3.692447
0.0,21,3.693491
0.0,21,3.694535
0.0,100,3.699179
0.0,11,3.699764
0.0,3,3.699972
0.0,23,3.701103
0.0,43,3.703169
0.0,4,3.70344
0.0,22,3.704529
0.0,14,3.705241
0.0,18,3.706149
0.0,9,3.706641
0.0,4,3.706893
0.0,2,3.707056
0.0,16,3.707865
0.0,3,3.708075
0.0,16,3.708889
0.0,16,3.70971
0.0,15,3.710476
0.0,19,3.711425
0.0,28,3.712781
0.0,40,3.714704
0.0,23,3.715843
0.0,6,3.71619
0.0,7,3.716587
0.0,5,3.716888
0.0,16,3.717705
0.0,9,3.718188
0.0,4,3.718452
0.0,48,3.720727
0.0,97,3.725245
0.0,11,3.725839
0.0,11,3.726429
0.0,100,3.731091
0.0,36,3.732822
0.0,10,3.733359
0.0,3,3.73368
0.0,11,3.73426
1.0,17,3.735112
0.0,6,3.735476
0.0,65,3.738535
0.0,29,3.739949
0.0,10,3.740484
0.0,10,3.741011
0.0,23,3.742145
0.0,15,3.742908
0.0,11,3.743497
0.0,19,3.744446
0.0,5,3.744746
0.0,5,3.745042
0.0,15,3.74581
0.0,15,3.746571
0.0,15,3.747325
0.0,15,3.748095
0.0,4,3.748355
0.0,26,3.749626
0.0,5,3.749927
0.0,7,3.750316
0.0,3,3.750528
0.0,15,3.751283
0.0,3,3.751502
0.0,13,3.75217
0.0,8,3.752618
1.0,20,3.753617
0.0,11,3.754194
0.0,9,3.754686
0.0,16,3.755505
0.0,24,3.756682
1.0,12,3.7573
0.0,13,3.757975
0.0,51,3.760392
0.0,7,3.760781
0.0,21,3.761819
0.0,13,3.762495
0.0,10,3.763018
0.0,4,3.763269
0.0,18,3.764174
0.0,3,3.764393
0.0,9,3.764877
0.0,22,3.76596
0.0,28,3.767309
0.0,8,3.767755
0.0,6,3.768097
0.0,26,3.769371
0.0,7,3.769763
0.0,25,3.770981
0.0,13,3.771659
0.0,8,3.7721
0.0,14,3.772821
0.0,85,3.776809
0.0,17,3.77767
0.0,36,3.779398
0.0,12,3.780016
0.0,61,3.782901
0.0,5,3.7832
0.0,4,3.783467
0.0,33,3.785052
0.0,14,3.78578
0.0,100,3.790457
0.0,4,3.790711
0.0,8,3.791147
0.0,37,3.792922
0.0,13,3.793605
0.0,8,3.794039
0.0,4,3.794292
0.0,12,3.794919
0.0,57,3.797608
0.0,2,3.797775
0.0,10,3.798297
0.0,5,3.798606
0.0,2,3.798767
0.0,7,3.799157
1.0,32,3.800694
0.0,14,3.801414
0.0,23,3.802546
0.0,11,3.803116
0.0,15,3.803883
0.0,14,3.804602
0.0,23,3.805733
0.0,52,3.808181
0.0,71,3.811512
0.0,3,3.811719
0.0,64,3.814728
0.0,12,3.815363
0.0,6,3.815707
0.0,7,3.816097
0.0,48,3.818381
0.0,27,3.819696
0.0,28,3.821051
0.0,11,3.821641
1.0,15,3.822406
0.0,21,3.823455
0.0,9,3.823936
0.0,8,3.824388
0.0,24,3.825567
0.0,43,3.827622
0.0,6,3.827965
0.0,77,3.831568
0.0,40,3.833483
0.0,15,3.834344
0.0,25,3.835579
0.0,30,3.837036
0.0,8,3.837486
0.0,50,3.839859
0.0,9,3.840339
0.0,17,3.84119
1.0,8,3.841642
0.0,64,3.844637
0.0,21,3.84568
0.0,31,3.847167
0.0,7,3.847577
0.0,100,3.852224
0.0,6,3.852584
0.0,27,3.853894
0.0,35,3.855588
0.0,16,3.856396
0.0,43,3.858449
0.0,32,3.859986
0.0,7,3.860389
0.0,14,3.861098
0.0,15,3.861865
0.0,3,3.862076
0.0,14,3.862797
0.0,7,3.863186
0.0,31,3.864687
0.0,32,3.866229
0.0,29,3.86764
0.0,25,3.868858
0.0,61,3.871742
0.0,19,3.872691
0.0,8,3.873129
0.0,6,3.873488
0.0,26,3.874749
0.0,33,3.876343
0.0,20,3.877327
0.0,10,3.877868
0.0,12,3.878498
0.0,4,3.878753
0.0,19,3.879703
0.0,9,3.880185
0.0,25,3.881413
1.0,14,3.882122
0.0,15,3.882889
0.0,6,3.883233
0.0,25,3.884458
0.0,71,3.88781
0.0,27,3.889123
1.0,29,3.890543
0.0,49,3.892853
0.0,35,3.894537
0.0,3,3.894745
0.0,14,3.895471
0.0,11,3.896043
0.0,14,3.896761
0.0,45,3.898896
0.0,53,3.90142
0.0,15,3.902173
0.0,3,3.902391
0.0,8,3.902832
0.0,4,3.903085
0.0,44,3.905179
0.0,3,3.905404
0.0,12,3.906023
0.0,11,3.906601
0.0,22,3.907678
0.0,3,3.907885
0.0,10,3.908418
0.0,9,3.908896
0.0,28,3.910258
0.0,12,3.910886
0.0,10,3.911426
0.0,44,3.913518
0.0,68,3.916705
1.0,18,3.917613
0.0,7,3.918003
0.0,8,3.91845
0.0,10,3.918981
0.0,2,3.919141
0.0,2,3.919302
0.0,10,3.919843
0.0,7,3.920231
0.0,10,3.920767
0.0,20,3.921761
0.0,17,3.922621
0.0,14,3.923329
0.0,4,3.923593
0.0,11,3.924162
0.0,9,3.924654
0.0,6,3.924999
0.0,12,3.925633
0.0,7,3.926023
0.0,21,3.927062
0.0,37,3.928828
0.0,10,3.929371
0.0,13,3.930032
0.0,41,3.931979
0.0,36,3.933713
0.0,6,3.934166
0.0,5,3.934477
0.0,12,3.935093
0.0,3,3.935298
0.0,44,3.937401
0.0,4,3.937657
0.0,19,3.938615
0.0,14,3.939329
0.0,6,3.939684
0.0,20,3.940667
0.0,10,3.941192
0.0,8,3.941642
0.0,66,3.944743
0.0,15,3.945543
0.0,21,3.946579
0.0,19,3.94754
0.0,37,3.9493
0.0,9,3.949802
0.0,32,3.95133
0.0,46,3.953532
0.0,11,3.95411
0.0,13,3.954782
0.0,22,3.955867
0.0,7,3.956263
0.0,96,3.960732
1.0,19,3.961694
1.0,32,3.963234
0.0,10,3.963775
0.0,14,3.964493
0.0,14,3.965195
0.0,6,3.96556
0.0,4,3.965811
0.0,6,3.966151
0.0,7,3.966547
0.0,6,3.96689
0.0,18,3.967796
0.0,51,3.970201
0.0,3,3.97042
0.0,16,3.971219
0.0,46,3.973417
0.0,64,3.976417
0.0,47,3.97864
1.0,46,3.980807
0.0,32,3.982356
0.0,7,3.982749
0.0,29,3.984152
0.0,29,3.985577
0.0,6,3.985929
0.0,4,3.98618
0.0,10,3.98672
0.0,5,3.987022
0.0,12,3.987655
0.0,9,3.988132
0.0,20,3.989125
0.0,14,3.989852
0.0,12,3.990477
0.0,5,3.990776
0.0,6,3.991117
0.0,20,3.992114
0.0,22,3.993199
0.0,67,3.996364
0.0,20,3.997358
0.0,40,3.999258
0.0,21,4.000302
0.0,7,4.000701
0.0,10,4.001253
0.0,8,4.001703
0.0,14,4.002422
0.0,26,4.003683
0.0,29,4.005089
0.0,4,4.005343
0.0,25,4.006575
0.0,3,4.006782
0.0,10,4.007306
0.0,3,4.007524
0.0,8,4.007963
0.0,5,4.00826
0.0,9,4.008751
0.0,13,4.009424
0.0,16,4.010217
0.0,16,4.011024
0.0,17,4.011883
0.0,18,4.012778
0.0,4,4.013033
0.0,16,4.013844
0.0,20,4.014839
0.0,11,4.015429
0.0,2,4.01559
0.0,30,4.017034
0.0,20,4.01803
0.0,15,4.018796
0.0,53,4.021287
0.0,2,4.021464
0.0,44,4.023564
0.0,9,4.024042
0.0,44,4.026138
0.0,52,4.028608
0.0,6,4.028956
0.0,6,4.029302
0.0,26,4.030577
0.0,3,4.030784
0.0,25,4.032006
0.0,7,4.03241
0.0,6,4.032758
0.0,10,4.033285
0.0,40,4.035198
0.0,5,4.035676
0.0,21,4.036717
0.0,100,4.041375
0.0,4,4.04163
0.0,8,4.042062
0.0,11,4.042652
0.0,44,4.04475
0.0,26,4.046015
0.0,16,4.046827
0.0,62,4.049742
0.0,11,4.050315
0.0,9,4.050804
0.0,16,4.051611
0.0,9,4.05209
0.0,13,4.052768
0.0,18,4.053666
0.0,7,4.054055
0.0,27,4.055384
0.0,19,4.056314
0.0,15,4.057074
0.0,10,4.057612
0.0,67,4.060759
0.0,24,4.061933
0.0,7,4.062327
0.0,42,4.064319
0.0,61,4.067188
0.0,85,4.071183
0.0,7,4.071585
0.0,39,4.073451
0.0,58,4.076178
0.0,64,4.0792
0.0,19,4.080147
0.0,73,4.083583
0.0,66,4.086694
0.0,29,4.088097
0.0,71,4.091429
0.0,57,4.094099
0.0,37,4.09588
0.0,65,4.098921
0.0,16,4.099735
0.0,4,4.099988
0.0,15,4.100754
0.0,49,4.103071
0.0,13,4.103748
0.0,49,4.106083
0.0,85,4.110046
0.0,100,4.114678
0.0,31,4.11619
0.0,17,4.117051
0.0,86,4.121062
0.0,9,4.121562
0.0,8,4.122
0.0,9,4.12249
0.0,30,4.123931
0.0,41,4.125893
0.0,100,4.130545
0.0,46,4.132735
0.0,100,4.137397
0.0,51,4.139806
0.0,29,4.141207
0.0,18,4.142107
0.0,11,4.142695
0.0,15,4.143457
0.0,4,4.143708
0.0,4,4.143961
0.0,58,4.146694
0.0,36,4.148427
0.0,65,4.151526
0.0,83,4.155406
0.0,21,4.15644
0.0,100,4.161098
0.0,20,4.162088
0.0,6,4.162444
0.0,11,4.163017
0.0,17,4.163871
0.0,4,4.164123
0.0,11,4.164706
0.0,8,4.165141
0.0,3,4.165361
0.0,78,4.168996
0.0,54,4.171565
0.0,81,4.17534
0.0,62,4.178255
0.0,38,4.180077
0.0,6,4.180438
0.0,10,4.180966
0.0,100,4.185625
0.0,10,4.186155
0.0,11,4.186742
0.0,7,4.187134
0.0,13,4.187806
0.0,16,4.188619
0.0,5,4.188917
1.0,7,4.18931
0.0,29,4.190722
0.0,12,4.191341
0.0,9,4.19183
0.0,27,4.193143
0.0,6,4.193498
0.0,13,4.194289
0.0,6,4.194645
0.0,8,4.195077
0.0,15,4.195847
0.0,40,4.197758
0.0,24,4.198932
0.0,11,4.199515
0.0,14,4.200227
0.0,22,4.201309
0.0,8,4.201756
0.0,39,4.203631
0.0,20,4.204618
0.0,14,4.205329
0.0,54,4.207879
0.0,22,4.208962
0.0,18,4.209867
0.0,7,4.210258
0.0,37,4.212019
1.0,19,4.212968
0.0,46,4.215156
0.0,58,4.217914
0.0,11,4.218503
0.0,33,4.220087
0.0,19,4.221029
0.0,17,4.221881
0.0,7,4.222268
0.0,12,4.222901
0.0,26,4.224163
0.0,16,4.22497
0.0,12,4.225603
1.0,23,4.226735
0.0,8,4.227168
0.0,9,4.227657
0.0,12,4.22827
0.0,12,4.228899
0.0,9,4.229389
0.0,86,4.23341
0.0,77,4.237
0.0,2,4.237165
0.0,12,4.237795
0.0,22,4.23888
0.0,17,4.239739
0.0,59,4.242529
0.0,4,4.242785
0.0,24,4.243961
0.0,6,4.244309
0.0,33,4.245899
0.0,3,4.246106
0.0,6,4.246481
0.0,44,4.24857
0.0,19,4.249519
0.0,13,4.250182
0.0,16,4.250984
0.0,25,4.252202
1.0,8,4.25265
0.0,2,4.252813
0.0,48,4.25509
0.0,68,4.258326
0.0,100,4.262983
0.0,68,4.266189
0.0,16,4.267001
0.0,42,4.269001
0.0,9,4.2695
0.0,17,4.270345
0.0,8,4.270799
0.0,35,4.272476
0.0,39,4.274331
0.0,20,4.275318
0.0,11,4.275904
0.0,28,4.27726
0.0,3,4.277482
0.0,22,4.278561
0.0,9,4.279042
0.0,5,4.279341
0.0,10,4.279877
0.0,27,4.281181
0.0,7,4.281585
0.0,4,4.281838
0.0,33,4.283434
0.0,11,4.284009
0.0,7,4.284409
0.0,12,4.285031
0.0,8,4.285483
0.0,7,4.285877
0.0,26,4.287145
0.0,29,4.288556
0.0,35,4.290218
0.0,4,4.290483
0.0,33,4.292064
0.0,15,4.292834
0.0,45,4.294976
0.0,13,4.295762
0.0,9,4.296247
0.0,2,4.296422
0.0,25,4.297647
0.0,8,4.298083
0.0,19,4.29903
0.0,4,4.299284
0.0,38,4.301116
0.0,67,4.304272
0.0,18,4.305171
0.0,42,4.307179
0.0,5,4.307492
0.0,7,4.307885
0.0,30,4.309336
0.0,5,4.309644
0.0,18,4.310547
0.0,34,4.312184
0.0,25,4.313415
0.0,9,4.313897
0.0,15,4.314663
0.0,38,4.31649
0.0,16,4.31729
0.0,16,4.318099
0.0,11,4.318686
0.0,44,4.320781
0.0,42,4.322785
0.0,12,4.323413
0.0,25,4.324637
0.0,15,4.325408
0.0,12,4.326028
0.0,17,4.326888
0.0,92,4.331193
0.0,44,4.333291
0.0,12,4.333916
1.0,31,4.335433
0.0,35,4.337103
0.0,46,4.339301
0.0,12,4.339929
0.0,4,4.340181
0.0,32,4.341724
0.0,24,4.342896
0.0,75,4.346419
0.0,12,4.347035
0.0,53,4.349534
0.0,6,4.349879
0.0,56,4.352519
0.0,11,4.353096
0.0,94,4.35748
0.0,82,4.361322
0.0,40,4.363234
0.0,11,4.363817
0.0,12,4.364449
0.0,26,4.365723
0.0,28,4.367076
0.0,45,4.369214
0.0,100,4.37387
0.0,11,4.374457
0.0,13,4.37512
0.0,17,4.375987
0.0,22,4.377067
0.0,8,4.377512
0.0,17,4.378367
0.0,40,4.38026
0.0,9,4.380755
0.0,14,4.381479
0.0,6,4.381824
0.0,12,4.382448
0.0,3,4.382655
0.0,25,4.383872
0.0,26,4.385139
0.0,43,4.387192
0.0,9,4.387686
0.0,14,4.388404
0.0,12,4.389021
0.0,9,4.389513
0.0,3,4.38972
0.0,68,4.39292
0.0,15,4.393687
0.0,6,4.394031
0.0,15,4.394803
0.0,49,4.397123
0.0,41,4.39908
0.0,38,4.400906
0.0,12,4.401532
0.0,21,4.40258
0.0,32,4.404115
0.0,8,4.404565
0.0,14,4.405279
0.0,13,4.405958
0.0,5,4.406367
0.0,5,4.406666
0.0,26,4.407941
0.0,25,4.409163
0.0,25,4.410422
0.0,12,4.411044
0.0,9,4.411535
0.0,4,4.411786
0.0,86,4.415809
0.0,12,4.416442
0.0,24,4.417615
0.0,12,4.418231
0.0,12,4.418862
0.0,44,4.420944
0.0,15,4.421712
0.0,40,4.42362
0.0,57,4.426308
0.0,5,4.42662
0.0,6,4.426963
0.0,13,4.427637
0.0,32,4.429178
0.0,8,4.429624
0.0,30,4.43108
0.0,19,4.432032
0.0,8,4.432481
0.0,4,4.432736
0.0,28,4.434092
0.0,39,4.435962
0.0,7,4.43636
0.0,22,4.437441
0.0,8,4.437876
0.0,4,4.43813
1.0,16,4.438944
0.0,17,4.439802
0.0,38,4.441625
0.0,12,4.442242
0.0,6,4.442597
1.0,9,4.443076
0.0,5,4.443385
0.0,7,4.443772
0.0,8,4.44421
0.0,38,4.446032
0.0,26,4.447299
0.0,10,4.447838
1.0,14,4.448558
0.0,15,4.449317
0.0,56,4.45196
0.0,4,4.452212
0.0,25,4.453446
0.0,14,4.454149
0.0,21,4.455182
0.0,6,4.455546
0.0,6,4.455891
0.0,18,4.456794
0.0,22,4.457881
1.0,6,4.458228
0.0,10,4.458769
0.0,7,4.459159
0.0,9,4.459653
0.0,7,4.460045
0.0,20,4.461037
0.0,5,4.461338
0.0,3,4.461555
0.0,9,4.462035
0.0,25,4.463263
0.0,15,4.464025
0.0,5,4.464326
0.0,11,4.464901
0.0,13,4.465581
0.0,13,4.466245
0.0,36,4.467973
1.0,24,4.469146
0.0,27,4.470478
0.0,54,4.473017
0.0,67,4.47617
0.0,8,4.476616
0.0,16,4.477426
0.0,9,4.477912
0.0,33,4.479498
0.0,23,4.480623
0.0,11,4.481195
0.0,36,4.482932
0.0,13,4.483611
0.0,27,4.484912
0.0,6,4.485256
0.0,6,4.485616
0.0,2,4.48578
1.0,13,4.486448
1.0,11,4.487016
0.0,21,4.488051
0.0,7,4.488454
0.0,4,4.488708
0.0,21,4.489749
0.0,4,4.490005
0.0,2,4.490168
0.0,24,4.491344
0.0,31,4.492848
0.0,28,4.49421
0.0,33,4.49581
0.0,35,4.497492
0.0,25,4.498709
0.0,8,4.499142
0.0,32,4.500681
0.0,44,4.502765
0.0,8,4.503203
0.0,23,4.504329
0.0,54,4.506879
0.0,7,4.507385
0.0,6,4.507735
0.0,14,4.508452
0.0,6,4.508795
0.0,30,4.510239
0.0,35,4.511924
0.0,16,4.512736
0.0,9,4.513216
0.0,54,4.515791
0.0,9,4.516278
0.0,7,4.516683
0.0,6,4.517026
0.0,45,4.519164
0.0,35,4.520844
0.0,19,4.521791
0.0,5,4.522089
0.0,13,4.522766
0.0,4,4.523019
0.0,10,4.523558
0.0,40,4.525479
0.0,40,4.52739
0.0,18,4.528286
0.0,5,4.528595
0.0,33,4.53018
0.0,15,4.530949
0.0,8,4.531398
0.0,36,4.53311
0.0,4,4.533376
0.0,19,4.534301
0.0,24,4.535489
0.0,10,4.536018
0.0,36,4.53774
0.0,12,4.538368
0.0,9,4.538848
0.0,11,4.53943
0.0,5,4.539731
0.0,13,4.5404
0.0,29,4.541799
0.0,14,4.542516
0.0,53,4.545019
0.0,11,4.545613
0.0,38,4.547433
0.0,24,4.548604
0.0,7,4.548994
0.0,10,4.549531
0.0,4,4.549787
0.0,10,4.550311
0.0,9,4.550799
0.0,58,4.55354
0.0,3,4.553766
0.0,39,4.555645
0.0,74,4.559103
0.0,41,4.561062
0.0,15,4.561831
0.0,23,4.562962
0.0,22,4.564044
0.0,36,4.565781
0.0,24,4.566949
0.0,31,4.56845
0.0,14,4.569154
0.0,41,4.571101
0.0,15,4.571864
0.0,14,4.572585
0.0,12,4.573198
0.0,51,4.575625
0.0,12,4.576242
0.0,100,4.5809
0.0,5,4.581202
0.0,3,4.581421
0.0,7,4.581812
0.0,6,4.58216
0.0,22,4.583241
0.0,15,4.584008
0.0,25,4.585225
0.0,23,4.586366
0.0,8,4.586806
0.0,2,4.586968
0.0,26,4.588236
0.0,7,4.588642
0.0,7,4.589032
0.0,32,4.590578
0.0,35,4.592246
0.0,8,4.592695
0.0,43,4.594753
0.0,13,4.595436
0.0,59,4.598216
0.0,12,4.598848
0.0,28,4.600208
0.0,13,4.600883
0.0,10,4.601424
0.0,6,4.601771
0.0,61,4.604631
0.0,9,4.605117
0.0,11,4.605704
0.0,15,4.606472
0.0,100,4.611106
0.0,27,4.612529
0.0,17,4.613389
0.0,10,4.613913
0.0,23,4.615035
0.0,34,4.616671
0.0,30,4.618114
0.0,21,4.619148
0.0,4,4.619415
0.0,9,4.619894
0.0,20,4.620886
0.0,78,4.624535
0.0,77,4.628123
0.0,30,4.629585
0.0,20,4.630576
1.0,13,4.631241
0.0,43,4.633287
0.0,2,4.63346
0.0,54,4.636005
0.0,15,4.636768
0.0,16,4.637578
0.0,14,4.638285
0.0,3,4.638501
0.0,14,4.639206
0.0,10,4.639742
0.0,4,4.639993
1.0,99,4.644619
0.0,18,4.645524
0.0,18,4.64643
0.0,61,4.649298
0.0,22,4.650395
0.0,3,4.650604
0.0,16,4.651415
0.0,6,4.651761
0.0,5,4.652059
0.0,23,4.653184
0.0,31,4.65468
0.0,23,4.655814
0.0,22,4.65689
0.0,16,4.657704
0.0,83,4.66156
0.0,32,4.663104
0.0,24,4.664282
1.0,10,4.664817
0.0,35,4.666501
0.0,38,4.668308
0.0,3,4.66853
0.0,64,4.671548
0.0,16,4.672353
0.0,5,4.672655
0.0,10,4.673178
0.0,7,4.673582
0.0,75,4.677091
0.0,29,4.678495
0.0,8,4.678931
0.0,18,4.679834
0.0,5,4.680133
0.0,29,4.681541
0.0,54,4.684078
0.0,10,4.684618
0.0,61,4.687491
0.0,17,4.688337
0.0,20,4.689325
0.0,19,4.690264
0.0,16,4.691074
0.0,4,4.691327
0.0,4,4.691586
0.0,5,4.691882
0.0,29,4.693276
0.0,3,4.693497
0.0,7,4.693884
0.0,17,4.694743
0.0,49,4.697062
0.0,12,4.697691
0.0,4,4.697944
0.0,15,4.698712
0.0,9,4.699191
0.0,4,4.699457
0.0,13,4.700116
0.0,21,4.701154
0.0,39,4.703023
0.0,12,4.703655
0.0,40,4.705605
0.0,27,4.706918
0.0,4,4.707171
0.0,16,4.707983
0.0,5,4.708284
0.0,17,4.709137
0.0,22,4.710219
0.0,9,4.710711
0.0,10,4.711236
0.0,10,4.711772
0.0,32,4.71331
0.0,35,4.715084
0.0,43,4.717132
0.0,2,4.717299
0.0,37,4.719068
0.0,9,4.719559
0.0,26,4.720821
0.0,16,4.721626
0.0,10,4.722155
0.0,89,4.72632
0.0,13,4.726995
0.0,9,4.727491
0.0,23,4.728618
0.0,17,4.72948
0.0,10,4.730005
0.0,16,4.730812
0.0,38,4.732633
0.0,15,4.733399
0.0,15,4.734155
0.0,20,4.73515
0.0,25,4.736392
0.0,20,4.737388
0.0,10,4.737916
0.0,24,4.739085
0.0,13,4.739764
0.0,32,4.741302
0.0,8,4.741747
0.0,43,4.743793
0.0,6,4.744136
0.0,31,4.745649
0.0,7,4.746041
0.0,14,4.746761
0.0,7,4.74715
0.0,14,4.747873
0.0,11,4.748454
0.0,47,4.75068
0.0,21,4.751716
0.0,6,4.752059
0.0,6,4.752413
0.0,10,4.752937
0.0,29,4.754339
0.0,17,4.755194
0.0,20,4.75619
0.0,40,4.758098
0.0,31,4.759593
0.0,12,4.760213
0.0,32,4.76176
0.0,5,4.762058
0.0,19,4.762999
0.0,29,4.764414
0.0,13,4.765077
0.0,50,4.767457
0.0,37,4.769215
0.0,13,4.769888
0.0,10,4.77043
0.0,3,4.770637
0.0,17,4.771489
0.0,13,4.772151
0.0,18,4.773058
0.0,25,4.77428
0.0,6,4.774638
0.0,71,4.777977
0.0,3,4.778188
0.0,51,4.780612
0.0,35,4.782293
0.0,63,4.785265
0.0,14,4.785989
0.0,48,4.788286
0.0,12,4.78904
0.0,38,4.790868
0.0,10,4.791412
0.0,11,4.791986
0.0,27,4.793293
0.0,56,4.795945
0.0,19,4.796889
0.0,16,4.797703
0.0,9,4.798187
0.0,4,4.79845
0.0,40,4.800359
0.0,69,4.803591
0.0,61,4.806468
0.0,14,4.807176
0.0,22,4.80826
0.0,5,4.808568
0.0,44,4.810652
0.0,20,4.811654
0.0,100,4.816315
0.0,20,4.817305
0.0,40,4.819208
0.0,23,4.820335
0.0,6,4.820689
0.0,18,4.821588
0.0,47,4.823813
0.0,57,4.826621
0.0,25,4.827846
0.0,30,4.829295
0.0,58,4.832033
0.0,38,4.83386
0.0,15,4.83462
0.0,15,4.835397
0.0,8,4.835831
0.0,15,4.836596
0.0,19,4.837546
0.0,11,4.838119
0.0,28,4.839492
0.0,27,4.840803
0.0,22,4.841897
0.0,10,4.842434
0.0,6,4.84278
0.0,8,4.843213
0.0,31,4.844715
0.0,23,4.845848
0.0,25,4.847068
0.0,24,4.848249
0.0,9,4.848739
0.0,49,4.851058
0.0,12,4.851693
0.0,35,4.853381
0.0,10,4.853905
0.0,5,4.854203
0.0,11,4.854785
0.0,34,4.856436
0.0,23,4.857569
0.0,20,4.858557
1.0,16,4.859372
0.0,4,4.859622
0.0,9,4.860106
1.0,6,4.860461
0.0,7,4.860854
0.0,5,4.861153
0.0,2,4.861313
0.0,14,4.862032
0.0,27,4.863336
0.0,11,4.863921
0.0,12,4.864548
0.0,6,4.864891
0.0,16,4.865708
1.0,15,4.86647
0.0,28,4.867828
0.0,22,4.868918
0.0,59,4.871721
0.0,34,4.873344
0.0,16,4.874161
0.0,31,4.875671
0.0,11,4.876248
0.0,21,4.877289
0.0,19,4.878241
0.0,2,4.878417
0.0,10,4.878947
0.0,8,4.879394
0.0,5,4.879694
0.0,42,4.881699
0.0,54,4.884248
0.0,23,4.885396
0.0,3,4.885606
0.0,94,4.889994
0.0,11,4.89058
0.0,36,4.892304
0.0,9,4.892796
0.0,7,4.893185
0.0,16,4.893997
1.0,7,4.894397
0.0,7,4.894787
0.0,30,4.89624
0.0,52,4.898707
0.0,31,4.900198
0.0,17,4.901059
0.0,5,4.901376
0.0,9,4.901857
0.0,12,4.902502
0.0,16,4.903303
0.0,8,4.903753
0.0,13,4.904424
0.0,12,4.905042
0.0,63,4.90802
1.0,90,4.912212
0.0,35,4.91389
0.0,9,4.914379
0.0,23,4.915515
0.0,13,4.916183
0.0,10,4.916717
0.0,10,4.917246
0.0,38,4.919069
0.0,51,4.921487
0.0,39,4.923367
0.0,16,4.924171
1.0,35,4.925972
0.0,6,4.926321
0.0,14,4.927035
0.0,20,4.928036
0.0,32,4.929587
0.0,13,4.930253
0.0,10,4.93079
0.0,13,4.931472
0.0,6,4.931818
0.0,6,4.932159
0.0,23,4.933285
0.0,19,4.934232
0.0,6,4.93459
0.0,29,4.935993
0.0,10,4.936533
0.0,11,4.937109
0.0,44,4.939207
0.0,3,4.93943
0.0,4,4.939682
0.0,20,4.940675
0.0,17,4.941537
0.0,4,4.941791
0.0,46,4.94399
0.0,22,4.945071
0.0,17,4.945935
0.0,29,4.947334
0.0,2,4.947509
0.0,15,4.948264
0.0,12,4.948891
0.0,10,4.949431
0.0,5,4.949729
0.0,65,4.952796
0.0,100,4.957479
0.0,30,4.958933
0.0,12,4.959562
0.0,10,4.960093
0.0,13,4.960769
0.0,5,4.961071
1.0,41,4.963022
0.0,12,4.963651
0.0,31,4.96515
0.0,9,4.965649
0.0,19,4.9666
0.0,11,4.96717
0.0,5,4.967484
0.0,55,4.970078
0.0,54,4.972656
0.0,9,4.97314
0.0,4,4.973406
0.0,16,4.974206
0.0,6,4.974563
0.0,18,4.975476
0.0,55,4.978063
0.0,34,4.979707
0.0,47,4.981928
0.0,3,4.982137
0.0,5,4.982449
0.0,13,4.983115
0.0,7,4.983522
0.0,21,4.984565
0.0,36,4.986291
0.0,25,4.987526
0.0,12,4.988147
1.0,8,4.988598
0.0,23,4.989729
0.0,19,4.990681
0.0,21,4.991721
0.0,35,4.993413
0.0,14,4.994123
0.0,23,4.99525
0.0,10,4.995795
0.0,46,4.997991
0.0,22,4.999084
0.0,10,4.999625
0.0,5,4.999926
0.0,4,5.000177
0.0,4,5.000443
0.0,14,5.00115
0.0,8,5.001592
0.0,7,5.001979
0.0,21,5.003021
0.0,4,5.003277
0.0,12,5.003905
0.0,7,5.004297
0.0,16,5.005113
0.0,12,5.005747
0.0,15,5.006519
0.0,10,5.007046
0.0,3,5.007253
0.0,7,5.007652
0.0,19,5.008603
0.0,3,5.008814
0.0,12,5.009444
0.0,9,5.009924
0.0,5,5.010221
0.0,20,5.011212
0.0,21,5.012245
0.0,63,5.015213
0.0,15,5.015984
0.0,62,5.018909
0.0,22,5.01999
0.0,27,5.021305
1.0,12,5.021936
0.0,63,5.024914
0.0,25,5.026251
0.0,10,5.026796
1.0,12,5.02742
0.0,21,5.028461
0.0,36,5.03018
0.0,13,5.030864
0.0,15,5.031628
1.0,10,5.032156
0.0,15,5.032928
0.0,8,5.033376
0.0,8,5.033811
0.0,11,5.034395
0.0,25,5.03562
0.0,52,5.038072
0.0,14,5.038792
0.0,11,5.039375
0.0,11,5.039952
0.0,14,5.04067
0.0,22,5.041747
0.0,14,5.042473
0.0,23,5.043601
0.0,16,5.04441
0.0,5,5.044712
0.0,33,5.046304
1.0,15,5.047069
0.0,2,5.047235
0.0,12,5.047862
1.0,6,5.048208
0.0,15,5.048974
0.0,21,5.05001
0.0,5,5.050307
0.0,8,5.050754
0.0,23,5.051875
0.0,75,5.055393
0.0,9,5.055874
0.0,12,5.056508
0.0,11,5.05708
0.0,13,5.057747
0.0,12,5.058377
0.0,7,5.058764
0.0,10,5.059284
0.0,22,5.060375
0.0,17,5.061225
0.0,58,5.063966
0.0,5,5.064267
0.0,15,5.065032
0.0,8,5.065489
0.0,7,5.065882
0.0,9,5.066375
0.0,34,5.067997
1.0,12,5.068632
0.0,45,5.07077
0.0,9,5.071254
0.0,21,5.072285
0.0,14,5.073005
0.0,5,5.073306
0.0,23,5.07444
0.0,86,5.078468
0.0,9,5.078946
0.0,3,5.07915
0.0,7,5.07955
0.0,6,5.079893
0.0,9,5.080389
0.0,9,5.080872
0.0,8,5.081304
0.0,27,5.082626
0.0,3,5.082833
0.0,44,5.084923
0.0,25,5.086141
0.0,10,5.086684
0.0,10,5.08721
0.0,3,5.087428
0.0,6,5.087776
0.0,17,5.088637
0.0,11,5.089211
0.0,7,5.089611
0.0,12,5.090233
0.0,46,5.092429
0.0,68,5.095641
0.0,17,5.096505
0.0,22,5.097591
0.0,71,5.10092
0.0,10,5.101463
0.0,10,5.101989
0.0,50,5.104365
0.0,8,5.104803
0.0,27,5.106119
0.0,13,5.106794
0.0,20,5.107784
0.0,23,5.108917
0.0,9,5.109415
0.0,9,5.109897
0.0,13,5.110576
0.0,3,5.110782
0.0,45,5.112923
0.0,7,5.113312
0.0,43,5.115372
0.0,8,5.115809
0.0,18,5.116715
0.0,9,5.117194
0.0,8,5.117641
0.0,5,5.117939
0.0,8,5.118389
0.0,42,5.120395
0.0,15,5.121144
0.0,23,5.122272
0.0,11,5.12286
0.0,38,5.124679
0.0,37,5.1265
0.0,16,5.12741
0.0,29,5.128822
0.0,12,5.129449
0.0,5,5.129746
0.0,15,5.130516
0.0,20,5.13152
0.0,3,5.13173
0.0,5,5.132031
0.0,7,5.132439
0.0,10,5.132965
0.0,28,5.134325
0.0,6,5.134683
0.0,7,5.135071
0.0,6,5.135432
0.0,32,5.136976
0.0,8,5.137422
0.0,39,5.139287
0.0,14,5.140007
0.0,15,5.140777
0.0,49,5.143101
0.0,51,5.145531
0.0,37,5.147297
0.0,39,5.149175
0.0,8,5.149625
0.0,5,5.149926
0.0,21,5.150967
0.0,54,5.153529
0.0,22,5.154617
0.0,7,5.155006
0.0,12,5.155638
0.0,16,5.156449
0.0,87,5.16051
0.0,23,5.161641
0.0,19,5.162584
0.0,9,5.163063
0.0,100,5.167734
0.0,17,5.168598
0.0,18,5.1695
0.0,28,5.170861
0.0,20,5.171852
0.0,37,5.173632
0.0,12,5.174245
0.0,42,5.176258
0.0,28,5.177625
0.0,19,5.178579
0.0,100,5.18323
0.0,100,5.187906
0.0,79,5.191614
0.0,42,5.193615
0.0,29,5.19501
0.0,31,5.196522
0.0,18,5.197426
0.0,6,5.197771
0.0,11,5.198339
0.0,61,5.201223
0.0,14,5.201943
0.0,32,5.203501
0.0,92,5.207778
0.0,32,5.20932
0.0,49,5.211643
0.0,65,5.214699
0.0,18,5.215611
0.0,15,5.216386
0.0,75,5.219892
0.0,44,5.221998
0.0,26,5.223263
0.0,70,5.226565
0.0,100,5.23122
0.0,81,5.235024
0.0,53,5.23754
0.0,21,5.238584
0.0,100,5.243235
0.0,3,5.243453
0.0,25,5.244684
0.0,7,5.245078
0.0,10,5.24562
0.0,22,5.246708
0.0,15,5.247476
0.0,18,5.248383
0.0,32,5.249921
0.0,34,5.251569
0.0,18,5.252478
0.0,2,5.25264
0.0,8,5.253074
0.0,18,5.253977
0.0,15,5.254751
0.0,4,5.255003
0.0,10,5.255543
0.0,14,5.256256
0.0,49,5.258595
0.0,100,5.263259
0.0,24,5.264453
0.0,5,5.264754
1.0,17,5.265609
0.0,25,5.266824
0.0,16,5.267638
0.0,38,5.269458
0.0,5,5.269758
0.0,8,5.270191
0.0,16,5.271103
0.0,28,5.272473
0.0,12,5.273089
0.0,9,5.273578
0.0,7,5.273969
0.0,43,5.276017
0.0,4,5.276276
0.0,32,5.277818
0.0,41,5.279779
0.0,50,5.282143
0.0,14,5.282862
0.0,51,5.285277
0.0,13,5.285962
0.0,39,5.287821
0.0,2,5.287986
0.0,49,5.290307
0.0,8,5.290751
0.0,5,5.291054
0.0,25,5.292269
0.0,5,5.292582
0.0,44,5.294671
0.0,9,5.295155
0.0,54,5.297719
0.0,26,5.298987
0.0,27,5.300292
0.0,42,5.302283
0.0,26,5.303552
0.0,11,5.304122
0.0,16,5.30493
0.0,10,5.305479
0.0,5,5.305778
0.0,19,5.30672
0.0,16,5.307525
0.0,26,5.308787
0.0,6,5.30913
0.0,36,5.310878
0.0,45,5.313017
0.0,26,5.314285
0.0,36,5.31602
0.0,5,5.316318
0.0,8,5.316759
0.0,5,5.317061
0.0,18,5.317963
0.0,8,5.318411
0.0,49,5.320734
0.0,7,5.321122
0.0,31,5.322627
0.0,43,5.32467
0.0,4,5.324924
0.0,13,5.325602
0.0,6,5.325945
0.0,21,5.326985
0.0,20,5.327982
0.0,19,5.328933
0.0,21,5.329976
0.0,15,5.330739
0.0,4,5.330992
0.0,9,5.331485
1.0,6,5.331829
0.0,27,5.333135
0.0,12,5.333765
0.0,4,5.33402
0.0,8,5.33449
0.0,31,5.335981
0.0,10,5.336521
0.0,76,5.340063
0.0,28,5.341431
0.0,9,5.34191
0.0,52,5.34437
1.0,16,5.345165
0.0,17,5.34603
0.0,10,5.346575
0.0,38,5.348397
0.0,18,5.349289
0.0,5,5.3496
0.0,7,5.349992
0.0,11,5.350572
0.0,44,5.352665
0.0,17,5.353517
0.0,3,5.353724
0.0,3,5.353928
0.0,18,5.354823
0.0,50,5.357187
0.0,18,5.358087
0.0,12,5.358716
0.0,43,5.360756
0.0,26,5.362023
0.0,62,5.364938
0.0,8,5.365391
0.0,42,5.367389
0.0,5,5.367691
0.0,15,5.368453
0.0,12,5.369068
0.0,2,5.369233
0.0,6,5.369586
0.0,28,5.370937
0.0,37,5.372818
0.0,60,5.37566
0.0,8,5.376102
0.0,11,5.376683
0.0,34,5.378307
0.0,22,5.379398
0.0,7,5.379791
0.0,27,5.381098
0.0,31,5.3826
0.0,26,5.383858
0.0,28,5.385212
0.0,21,5.386262
0.0,31,5.387759
0.0,100,5.392424
0.0,13,5.393087
0.0,12,5.393716
0.0,9,5.394195
0.0,10,5.394735
0.0,52,5.397191
0.0,6,5.39755
0.0,18,5.398449
1.0,22,5.399537
0.0,2,5.399698
0.0,46,5.401889
0.0,10,5.402429
0.0,16,5.403229
0.0,39,5.40512
0.0,9,5.405625
0.0,36,5.407339
0.0,4,5.407612
0.0,25,5.408824
0.0,15,5.409592
0.0,21,5.410623
0.0,38,5.412443
0.0,13,5.444117
0.0,17,5.473408
0.0,9,5.48719
0.0,8,5.50321
0.0,3,5.505864
0.0,6,5.513878
0.0,60,5.606908
0.0,11,5.624127
0.0,11,5.644718
0.0,13,5.661788
0.0,3,5.666588
0.0,14,5.692817
0.0,13,5.712429
0.0,33,5.762233
1.0,37,5.81696
0.0,5,5.824803
0.0,15,5.848049
0.0,15,5.872472
0.0,6,5.884443
0.0,17,5.907377
0.0,11,5.924603
0.0,12,5.946239
0.0,43,6.010152
0.0,12,6.028497
0.0,6,6.035285
0.0,3,6.038854
0.0,12,6.051856
0.0,22,6.075136
0.0,31,6.108809
1.0,14,6.124127
0.0,7,6.131876
0.0,11,6.143878
0.0,37,6.183847
0.0,4,6.188246
0.0,5,6.193813
0.0,32,6.229664
0.0,9,6.239238
0.0,7,6.246955
0.0,15,6.263041
0.0,10,6.273263
0.0,12,6.293428
0.0,16,6.316045
0.0,18,6.345039
0.0,13,6.366246
0.0,2,6.367933
0.0,9,6.384076
0.0,8,6.393565
1.0,8,6.407356
0.0,11,6.423454
0.0,20,6.454441
0.0,4,6.46077
0.0,15,6.484189
0.0,12,6.505234
0.0,11,6.520321
0.0,40,6.583031
1.0,38,6.640998
0.0,17,6.667377
0.0,5,6.675224
0.0,10,6.691638
0.0,4,6.69795
0.0,13,6.71816
0.0,16,6.7387
0.0,15,6.755745
0.0,18,6.775957
0.0,12,6.794044
0.0,6,6.805436
0.0,28,6.846703
0.0,8,6.859219
0.0,8,6.873053
0.0,17,6.898028
0.0,71,7.183051
0.0,16,7.206265
0.0,39,7.266266
0.0,4,7.272539
0.0,53,7.355288
0.0,16,7.376472
0.0,7,7.384107
0.0,11,7.396209
0.0,11,7.408393
0.0,8,7.417309
0.0,17,7.436152
0.0,7,7.443785
0.0,2,7.445804
0.0,42,7.490594
0.0,27,7.520117
0.0,11,7.532125
0.0,12,7.544519
0.0,12,7.557484
0.0,19,7.5783
0.0,6,7.584955
0.0,26,7.613846
0.0,13,7.627924
0.0,13,7.642545
0.0,13,7.658683
0.0,10,7.6696
0.0,11,7.681006
0.0,17,7.701213
0.0,26,7.729086
0.0,10,7.740298
0.0,7,7.748072
0.0,25,7.775354
1.0,23,7.800059
0.0,21,7.823196
0.0,4,7.827673
1.0,22,7.851661
0.0,4,7.855427
0.0,64,7.925565
0.0,22,7.949852
0.0,11,7.961634
0.0,2,7.963898
0.0,14,7.979125
0.0,9,7.989088
0.0,19,8.00959
0.0,7,8.017426
0.0,2,8.019768
0.0,13,8.034381
0.0,13,8.048057
0.0,19,8.068912
0.0,33,8.103399
0.0,5,8.108598
0.0,9,8.118094
0.0,22,8.142253
0.0,11,8.153386
0.0,10,8.1646
0.0,35,8.202828
0.0,42,8.248751
0.0,25,8.275765
0.0,11,8.287859
0.0,26,8.31559
0.0,7,8.323155
0.0,18,8.342876
0.0,17,8.361216
0.0,11,8.37352
1.0,6,8.380153
0.0,10,8.390944
0.0,11,8.402942
0.0,9,8.412945
0.0,18,8.432156
0.0,9,8.44339
0.0,3,8.446147
0.0,4,8.450613
0.0,12,8.46366
0.0,6,8.47018
0.0,10,8.481122
0.0,10,8.491791
0.0,5,8.49725
0.0,32,8.532017
0.0,11,8.544078
0.0,8,8.552658
0.0,44,8.600215
0.0,6,8.606874
0.0,3,8.610052
0.0,10,8.62102
0.0,18,8.640024
0.0,38,8.6818
0.0,17,8.700203
0.0,13,8.714035
0.0,14,8.729812
0.0,8,8.738843
0.0,30,8.772787
0.0,11,8.785572
0.0,18,8.805558
0.0,5,8.811101
0.0,24,8.836735
0.0,10,8.84771
0.0,20,8.869504
0.0,22,8.893683
0.0,17,8.912666
0.0,6,8.918753
0.0,7,8.92644
0.0,18,8.94584
0.0,30,8.980459
0.0,14,8.994049
0.0,7,9.001787
0.0,4,9.006033
0.0,4,9.0106
0.0,3,9.013979
0.0,9,9.024089
0.0,19,9.044688
0.0,8,9.052999
0.0,7,9.060522
0.0,4,9.064922
0.0,4,9.069448
0.0,26,9.292182
0.0,17,9.315013
0.0,3,9.318313
0.0,14,9.339247
0.0,5,9.344681
0.0,13,9.362984
0.0,14,9.380821
0.0,12,9.398009
0.0,8,9.40664
0.0,38,9.459459
0.0,16,9.480893
0.0,12,9.49763
0.0,12,9.51052
0.0,8,9.52192
0.0,15,9.542283
0.0,7,9.549857
0.0,40,9.605509
0.0,4,9.609852
0.0,3,9.618054
0.0,10,9.628792
0.0,9,9.639931
1.0,28,9.677505
1.0,21,9.707964
0.0,10,9.718751
0.0,11,9.73424
0.0,3,9.737555
0.0,25,9.772414
0.0,19,9.797556
1.0,16,9.81941
0.0,27,9.856266
0.0,8,9.868051
0.0,9,9.877768
0.0,18,9.905031
0.0,32,9.946584
0.0,13,9.964908
0.0,25,9.995933
0.0,20,10.021665
0.0,6,10.029959
0.0,5,10.038901
0.0,8,10.047819
0.0,19,10.07317
0.0,5,10.083587
0.0,8,10.092293
0.0,8,10.105673
0.0,9,10.115364
0.0,6,10.121855
0.0,2,10.125676
0.0,7,10.134581
0.0,6,10.145742
0.0,5,10.151158
0.0,6,10.157789
0.0,7,10.167121
0.0,22,10.19797
0.0,6,10.204458
0.0,10,10.219943
1.0,9,10.229636
0.0,10,10.242342
0.0,3,10.246964
0.0,11,10.262506
0.0,15,10.28314
0.0,18,10.305674
0.0,11,10.322085
0.0,42,10.378895
0.0,15,10.397673
0.0,11,10.414103
0.0,3,10.417394
0.0,23,10.446362
0.0,8,10.456978
0.0,5,10.462392
0.0,13,10.482148
0.0,4,10.486633
0.0,9,10.499101
0.0,12,10.516773
0.0,27,10.549948
0.0,7,10.560841
0.0,11,10.576813
0.0,24,10.605576
0.0,7,10.618179
0.0,15,10.638171
0.0,2,10.6404
0.0,11,10.652227
1.0,15,10.67596
0.0,13,10.69458
0.0,36,10.739943
0.0,18,10.763336
0.0,2,10.765564
0.0,3,10.768954
0.0,7,10.781498
0.0,2,10.78372
0.0,30,10.822804
0.0,2,10.825014
0.0,21,10.855643
0.0,6,10.862143
0.0,2,10.864374
0.0,3,10.867661
0.0,15,10.888898
0.0,31,10.932076
0.0,12,10.949265
0.0,19,10.972041
0.0,32,11.015434
0.0,5,11.025885
1.0,9,11.035598
0.0,19,11.060848
0.0,15,11.080984
0.0,13,11.099101
0.0,21,11.125492
0.0,10,11.137105
0.0,8,11.149943
0.0,25,11.181002
0.0,5,11.188369
0.0,19,11.395406
0.0,22,11.426596
0.0,14,11.445785
0.0,9,11.455516
0.0,7,11.467795
0.0,15,11.488719
0.0,15,11.507647
0.0,10,11.522668
0.0,13,11.536651
0.0,63,11.625641
0.0,23,11.653129
0.0,3,11.656503
0.0,5,11.666161
0.0,8,11.674819
0.0,13,11.693172
0.0,16,11.744966
0.0,3,11.750153
0.0,9,11.767198
0.0,10,11.787587
0.0,7,11.797319
0.0,13,11.814864
0.0,6,11.825403
0.0,11,11.842751
0.0,25,11.869412
0.0,5,11.875172
0.0,7,11.883033
0.0,12,11.896015
0.0,42,11.940732
0.0,21,11.963204
0.0,28,11.992624
0.0,10,12.003435
0.0,3,12.006848
0.0,16,12.023547
0.0,38,12.064414
0.0,12,12.07713
0.0,51,12.133076
0.0,7,12.140673
0.0,37,12.180435
0.0,35,12.219216
0.0,4,12.223611
0.0,12,12.236719
0.0,17,12.254853
0.0,9,12.264682
0.0,7,12.272361
0.0,5,12.27888
0.0,6,12.284993
0.0,12,12.29756
0.0,9,12.307374
0.0,13,12.323204
0.0,14,12.337134
0.0,13,12.351497
0.0,18,12.371336
0.0,14,12.386745
0.0,58,12.450019
0.0,44,12.503218
0.0,9,12.517257
0.0,13,12.537357
0.0,15,12.562237
0.0,19,12.590127
0.0,13,12.61047
0.0,14,12.632337
0.0,21,12.664694
0.0,76,12.782202
0.0,7,12.793259
0.0,41,12.8418
0.0,12,12.854903
0.0,11,12.866765
0.0,10,12.876968
0.0,10,12.887893
0.0,7,12.895474
0.0,12,12.908391
0.0,8,12.916997
0.0,6,12.923425
0.0,24,12.948682
0.0,19,12.968882
0.0,25,12.996691
0.0,9,13.006225
0.0,10,13.017147
0.0,13,13.031735
0.0,17,13.049876
0.0,20,13.07147
0.0,14,13.086072
0.0,3,13.089518
0.0,42,13.134561
0.0,3,13.137701
0.0,19,13.15833
0.0,4,13.162847
0.0,5,13.168476
0.0,24,13.194472
0.0,20,13.216309
0.0,9,13.22638
0.0,33,13.260773
0.0,53,13.52306
0.0,20,13.545464
0.0,22,13.569294
0.0,16,13.586897
0.0,18,13.606067
0.0,9,13.616046
0.0,9,13.626228
0.0,6,13.632957
0.0,34,13.670525
0.0,14,13.685578
0.0,31,13.719421
0.0,33,13.755453
0.0,7,13.762985
0.0,32,13.798461
0.0,24,13.82484
0.0,11,13.836859
0.0,7,13.844764
0.0,38,13.886467
0.0,15,13.902765
0.0,26,13.931342
0.0,15,13.947369
0.0,67,14.021806
0.0,3,14.025084
0.0,31,14.05913
0.0,12,14.077442
0.0,20,14.108393
0.0,38,14.168305
0.0,13,14.187872
0.0,28,14.232244
0.0,24,14.271437
0.0,27,14.313067
0.0,15,14.344038
0.0,12,14.359404
0.0,25,14.403299
0.0,12,14.423356
0.0,5,14.434719
0.0,8,14.444993
0.0,16,14.469755
0.0,8,14.482235
0.0,9,14.49615
0.0,8,14.50872
0.0,28,14.551994
0.0,33,14.603928
0.0,11,14.624435
0.0,30,14.668563
0.0,18,14.696444
0.0,5,14.704233
0.0,24,14.74324
0.0,15,14.76494
0.0,2,14.768163
0.0,14,14.790067
0.0,3,14.794797
0.0,50,14.866933
0.0,7,14.875067
0.0,8,14.883517
0.0,49,14.936845
0.0,11,14.948874
0.0,6,14.95541
0.0,4,14.960032
0.0,5,14.965641
0.0,52,15.021736
0.0,11,15.03368
0.0,27,15.063108
0.0,14,15.078009
0.0,30,15.110795
0.0,3,15.11417
0.0,11,15.126124
0.0,7,15.133731
0.0,26,15.162082
0.0,27,15.191842
0.0,6,15.198665
0.0,10,15.209514
1.0,44,15.256462
0.0,8,15.265496
0.0,14,15.281037
0.0,18,15.299849
1.0,25,15.327973
0.0,9,15.33746
0.0,23,15.362673
0.0,5,15.368425
0.0,16,15.385461
0.0,2,15.387604
1.0,14,15.596672
1.0,13,15.610208
0.0,70,15.685611
0.0,14,15.701441
0.0,73,15.777741
0.0,23,15.802881
0.0,30,15.835287
0.0,14,15.850907
0.0,21,15.873999
0.0,28,15.90441
0.0,17,15.922952
0.0,9,15.932743
0.0,47,15.983724
0.0,11,15.995567
0.0,20,16.017461
0.0,47,16.068205
0.0,16,16.086149
0.0,18,16.105917
0.0,19,16.126749
1.0,22,16.152082
0.0,8,16.160187
0.0,15,16.176751
0.0,40,16.220361
0.0,5,16.225552
0.0,15,16.242795
0.0,27,16.283099
0.0,14,16.304254
0.0,19,16.332098
0.0,52,16.389839
0.0,6,16.396619
0.0,19,16.416888
0.0,55,16.476094
0.0,14,16.491226
0.0,10,16.501679
0.0,4,16.505909
0.0,10,16.516889
0.0,14,16.532143
0.0,12,16.544769
0.0,6,16.551248
0.0,7,16.559701
0.0,10,16.570943
0.0,2,16.5732
0.0,21,16.595515
0.0,13,16.609964
0.0,13,16.624012
0.0,7,16.631648
0.0,13,16.645785
0.0,5,16.651092
0.0,6,16.657783
0.0,26,16.685794
0.0,3,16.68907
0.0,22,16.713548
0.0,9,16.72307
0.0,5,16.728511
0.0,28,16.758807
0.0,11,16.770538
0.0,37,16.810859
0.0,27,16.840724
0.0,26,16.869122
0.0,14,16.88453
0.0,12,16.897747
0.0,10,16.908897
0.0,11,16.922107
0.0,13,16.935869
0.0,15,16.952133
0.0,17,16.970844
0.0,4,16.974572
0.0,24,17.001155
0.0,3,17.004473
0.0,17,17.022745
0.0,13,17.036822
0.0,7,17.044482
0.0,7,17.051726
0.0,12,17.064381
0.0,5,17.070038
0.0,42,17.114923
0.0,13,17.128897
0.0,9,17.138827
0.0,20,17.160554
0.0,13,17.174894
0.0,9,17.186457
0.0,4,17.18965
0.0,12,17.202969
0.0,19,17.223293
0.0,5,17.228986
0.0,13,17.243451
0.0,5,17.24911
0.0,8,17.258006
0.0,15,17.274697
0.0,8,17.283268
0.0,11,17.295638
0.0,32,17.330091
0.0,8,17.338488
0.0,15,17.354415
1.0,15,17.370147
0.0,16,17.387109
0.0,6,17.393728
0.0,22,17.418202
0.0,12,17.435414
0.0,6,17.44447
0.0,5,17.4523
0.0,9,17.470816
0.0,10,17.481847
0.0,7,17.495589
0.0,5,17.566486
0.0,37,17.722312
0.0,8,17.731939
0.0,12,17.75305
0.0,4,17.756879
0.0,5,17.764681
0.0,4,17.771233
0.0,12,17.792239
0.0,7,17.803236
0.0,5,17.807928
0.0,5,17.816436
0.0,22,17.853051
0.0,3,17.85568
0.0,13,17.87583
0.0,5,17.88266
0.0,13,17.905058
0.0,10,17.918856
0.0,15,17.941883
0.0,15,17.964998
0.0,22,17.999159
0.0,7,18.010244
0.0,5,18.022205
0.0,5,18.026817
0.0,25,18.065593
0.0,6,18.078089
0.0,10,18.094317
0.0,16,18.125334
0.0,12,18.14344
0.0,15,18.166437
0.0,36,18.230315
0.0,11,18.248577
0.0,8,18.262563
0.0,13,18.285619
0.0,10,18.303952
0.0,7,18.315583
0.0,15,18.343853
0.0,3,18.353465
0.0,16,18.378356
0.0,6,18.390421
0.0,5,18.398026
0.0,19,18.431127
0.0,15,18.454802
0.0,6,18.463536
0.0,10,18.479051
0.0,30,18.529031
0.0,6,18.53577
0.0,26,18.5765
0.0,24,18.612556
0.0,2,18.614912
0.0,6,18.626416
0.0,24,18.662311
0.0,11,18.679057
0.0,14,18.700344
0.0,36,18.755934
0.0,7,18.7662
0.0,35,18.822973
0.0,9,18.837046
0.0,11,18.85392
0.0,20,18.882027
0.0,3,18.885433
0.0,40,18.945077
0.0,7,18.957282
0.0,8,18.97025
0.0,22,19.008173
0.0,7,19.018151
0.0,11,19.037048
0.0,7,19.047415
0.0,34,19.095095
0.0,9,19.114713
0.0,13,19.129245
0.0,20,19.163954
0.0,5,19.169435
0.0,9,19.181841
0.0,15,19.203458
0.0,5,19.211344
0.0,6,19.224719
0.0,23,19.259847
1.0,32,19.306018
1.0,11,19.323024
0.0,7,19.335989
0.0,5,19.345668
0.0,12,19.364078
0.0,9,19.37307
1.0,11,19.390207
0.0,3,19.394943
0.0,18,19.424238
0.0,7,19.433926
0.0,7,19.445238
0.0,18,19.475755
0.0,10,19.488947
0.0,6,19.500631
0.0,16,19.52492
0.0,16,19.541263
0.0,6,19.547981
0.0,8,19.557017
0.0,9,19.566854
0.0,3,19.569961
0.0,9,19.579435
1.0,12,19.592321
0.0,4,19.790459
0.0,7,19.796295
0.0,36,19.83547
0.0,29,19.866783
0.0,7,19.874608
0.0,35,19.913099
0.0,9,19.923281
0.0,15,19.939669
0.0,6,19.946
0.0,12,19.959218
0.0,22,19.982658
0.0,10,19.993911
0.0,2,19.995862
0.0,4,20.000322
0.0,9,20.010184
0.0,17,20.029213
0.0,31,20.062771
0.0,13,20.076978
0.0,23,20.102192
0.0,74,20.182788
0.0,3,20.186194
0.0,8,20.19623
0.0,25,20.222995
0.0,4,20.227547
0.0,6,20.234071
0.0,31,20.267379
0.0,13,20.281273
0.0,25,20.308622
0.0,15,20.324369
0.0,18,20.343717
0.0,12,20.356967
0.0,20,20.379366
0.0,8,20.388293
0.0,10,20.399486
0.0,9,20.409334
0.0,12,20.422391
0.0,7,20.430077
0.0,11,20.441938
0.0,6,20.448773
0.0,11,20.462682
0.0,13,20.474683
0.0,5,20.480225
0.0,3,20.483629
0.0,11,20.495831
0.0,18,20.515623
0.0,28,20.547959
0.0,18,20.567259
0.0,17,20.585439
0.0,3,20.588491
0.0,9,20.597614
0.0,18,20.617139
0.0,14,20.632032
0.0,9,20.641827
0.0,14,20.657108
0.0,22,20.680509
0.0,15,20.69718
0.0,5,20.702441
0.0,16,20.719741
0.0,3,20.722574
0.0,9,20.732692
0.0,42,20.778484
0.0,9,20.788521
0.0,31,20.82216
0.0,4,20.826528
0.0,5,20.831846
0.0,20,20.853465
0.0,4,20.858075
0.0,9,20.868133
0.0,13,20.882242
0.0,8,20.891135
1.0,20,20.912783
0.0,5,20.918447
0.0,10,20.929515
0.0,15,20.945705
0.0,26,20.974167
0.0,6,20.9807
0.0,9,20.990666
0.0,4,20.994883
0.0,15,21.011477
0.0,8,21.020478
0.0,4,21.02494
0.0,2,21.027233
0.0,19,21.04812
0.0,8,21.056975
0.0,8,21.066447
0.0,21,21.089082
0.0,9,21.098568
0.0,13,21.113207
0.0,5,21.118915
0.0,4,21.123098
0.0,12,21.136491
0.0,4,21.140945
0.0,9,21.150258
0.0,6,21.156923
0.0,5,21.162452
0.0,8,21.170729
0.0,19,21.191362
0.0,2,21.19325
0.0,7,21.200746
0.0,9,21.212462
0.0,8,21.220248
1.0,10,21.231396
0.0,7,21.239191
0.0,3,21.242544
0.0,4,21.246689
0.0,7,21.257195
0.0,15,21.278521
0.0,11,21.29546
0.0,8,21.308859
0.0,10,21.323742
0.0,13,21.344427
0.0,3,21.348633
0.0,2,21.351806
0.0,8,21.364438
0.0,4,21.370508
0.0,13,21.388398
0.0,4,21.392696
0.0,11,21.404465
0.0,8,21.413014
0.0,7,21.420892
0.0,34,21.45689
0.0,23,21.481492
0.0,17,21.500144
0.0,7,21.508018
0.0,10,21.519083
0.0,18,21.539183
0.0,13,21.553328
0.0,18,21.572421
0.0,6,21.578953
0.0,6,21.585613
0.0,2,21.587866
0.0,18,21.607127
0.0,9,21.616844
0.0,34,21.654316
0.0,39,21.786553
0.0,27,21.906334
0.0,2,21.909132
0.0,10,21.924054
0.0,6,21.936246
0.0,17,21.959729
0.0,11,21.976895
0.0,10,21.994747
0.0,7,22.006435
0.0,5,22.011448
0.0,14,22.033839
0.0,28,22.076572
1.0,30,22.123299
0.0,6,22.132706
0.0,8,22.1452
0.0,12,22.164592
0.0,14,22.186142
0.0,37,22.244419
0.0,20,22.275356
0.0,3,22.281332
0.0,5,22.289158
0.0,32,22.336149
0.0,8,22.348382
0.0,9,22.362889
0.0,9,22.377273
1.0,7,22.387269
0.0,22,22.421429
0.0,14,22.445831
0.0,38,22.499189
0.0,5,22.506916
0.0,25,22.547379
0.0,5,22.555661
0.0,9,22.570517
0.0,11,22.583011
0.0,3,22.58736
0.0,30,22.635608
0.0,3,22.638972
0.0,3,22.64676
0.0,20,22.673042
1.0,13,22.694738
0.0,13,22.716635
0.0,16,22.745805
0.0,57,22.829094
0.0,22,22.862147
0.0,14,22.882283
0.0,13,22.901132
0.0,6,22.913635
0.0,11,22.930142
0.0,19,22.959651
0.0,24,22.993323
0.0,11,23.013113
1.0,22,23.046902
0.0,10,23.064661
0.0,15,23.08807
0.0,10,23.103604
0.0,13,23.125799
0.0,8,23.134609
0.0,4,23.139246
0.0,11,23.152463
0.0,7,23.16518
0.0,25,23.202924
0.0,14,23.225443
0.0,5,23.231216
0.0,17,23.259988
0.0,6,23.266682
0.0,21,23.302668
0.0,25,23.337291
0.0,15,23.358693
0.0,8,23.374943
0.0,23,23.405044
0.0,9,23.42204
0.0,6,23.428544
0.0,3,23.433271
1.0,17,23.459652
0.0,28,23.502614
0.0,4,23.507543
0.0,10,23.519571
0.0,7,23.526152
0.0,10,23.53679
0.0,24,23.562214
0.0,2,23.564519
0.0,39,23.609637
0.0,19,23.628055
0.0,3,23.63123
0.0,14,23.646753
0.0,26,23.674777
0.0,11,23.686617
0.0,6,23.692834
0.0,37,23.733259
0.0,4,23.737617
0.0,4,23.742136
0.0,4,23.74665
0.0,6,23.753097
0.0,19,23.774685
0.0,7,23.782679
0.0,10,23.793607
0.0,44,24.033962
0.0,15,24.053493
0.0,22,24.082848
0.0,21,24.11904
0.0,4,24.123201
0.0,43,24.187751
0.0,8,24.201074
0.0,8,24.212046
0.0,6,24.221267
0.0,16,24.247055
0.0,18,24.277089
0.0,15,24.296022
0.0,20,24.328264
0.0,15,24.359262
0.0,9,24.374742
0.0,20,24.409297
0.0,3,24.416391
0.0,21,24.450071
0.0,13,24.47387
0.0,11,24.495706
1.0,16,24.523326
0.0,5,24.530443
0.0,5,24.543552
0.0,4,24.547316
0.0,9,24.563721
0.0,18,24.59144
0.0,2,24.594677
0.0,16,24.619584
0.0,6,24.629004
0.0,4,24.636268
0.0,14,24.657871
0.0,15,24.682441
0.0,8,24.693277
0.0,19,24.723036
0.0,11,24.739856
0.0,29,24.781453
0.0,12,24.794438
0.0,15,24.810754
0.0,4,24.815228
0.0,6,24.821797
0.0,16,24.839577
0.0,31,24.874099
0.0,4,24.878277
0.0,9,24.887964
0.0,4,24.892532
0.0,3,24.895893
0.0,9,24.905502
0.0,11,24.917658
0.0,4,24.921915
0.0,22,24.945735
0.0,3,24.949005
0.0,14,24.963762
0.0,20,24.985511
0.0,10,24.995793
0.0,30,25.027763
0.0,3,25.030678
0.0,26,25.059619
0.0,8,25.068035
0.0,9,25.077902
0.0,12,25.091082
0.0,14,25.106458
0.0,31,25.140511
0.0,15,25.156068
0.0,11,25.168305
0.0,3,25.171711
1.0,7,25.179622
0.0,8,25.188532
0.0,25,25.215934
0.0,2,25.217676
0.0,15,25.233983
0.0,12,25.247367
0.0,22,25.270943
0.0,8,25.279807
0.0,10,25.290052
1.0,17,25.3081
0.0,7,25.315363
0.0,40,25.363821
0.0,27,25.405929
0.0,10,25.42145
0.0,9,25.435423
0.0,6,25.44722
0.0,7,25.456441
0.0,24,25.494246
0.0,3,25.497736
0.0,35,25.55343
0.0,10,25.567896
0.0,17,25.595845
0.0,39,25.655481
0.0,12,25.676233
0.0,4,25.680324
0.0,10,25.695815
0.0,33,25.750407
0.0,10,25.766281
0.0,16,25.791158
0.0,3,25.797055
0.0,17,25.822584
0.0,13,25.844033
0.0,5,25.850926
0.0,12,25.869466
0.0,21,26.095809
1.0,6,26.106573
0.0,9,26.116897
0.0,20,26.15226
0.0,2,26.153981
0.0,42,26.216462
0.0,24,26.253489
0.0,14,26.268197
0.0,16,26.286041
0.0,35,26.324571
0.0,17,26.342108
0.0,16,26.359592
0.0,5,26.365227
0.0,39,26.407912
0.0,5,26.41353
0.0,9,26.423687
0.0,15,26.440181
0.0,3,26.443173
0.0,11,26.454873
0.0,27,26.483358
0.0,12,26.49629
0.0,17,26.515026
0.0,9,26.524705
0.0,16,26.541982
0.0,13,26.555881
0.0,7,26.563177
0.0,2,26.565548
0.0,9,26.575459
0.0,6,26.582198
0.0,20,26.603717
0.0,7,26.61199
0.0,8,26.620901
0.0,41,26.664937
0.0,2,26.667103
0.0,6,26.673751
0.0,4,26.677979
0.0,19,26.698359
1.0,9,26.708204
0.0,6,26.714942
0.0,16,26.732365
0.0,6,26.738988
0.0,11,26.750932
1.0,9,26.760943
0.0,19,26.781769
0.0,20,26.802559
0.0,20,26.83383
0.0,3,26.837358
0.0,5,26.845309
0.0,29,26.890234
0.0,2,26.89343
0.0,12,26.914974
0.0,12,26.931166
0.0,16,26.956909
0.0,9,26.973434
0.0,24,27.00832
0.0,10,27.024016
0.0,12,27.044439
0.0,2,27.046138
0.0,5,27.05371
0.0,30,27.10079
0.0,14,27.124042
0.0,17,27.148873
0.0,10,27.164275
0.0,16,27.190339
0.0,19,27.222747
0.0,6,27.229906
0.0,13,27.253241
0.0,33,27.301757
0.0,9,27.315806
0.0,11,27.33543
0.0,15,27.35614
0.0,2,27.359265
0.0,2,27.362474
0.0,5,27.370471
0.0,7,27.382241
0.0,2,27.384531
0.0,6,27.393936
0.0,16,27.422433
0.0,8,27.43132
0.0,7,27.443241
0.0,26,27.48401
0.0,10,27.498292
0.0,7,27.509275
0.0,11,27.526118
0.0,5,27.536936
0.0,11,27.554228
0.0,4,27.557791
0.0,5,27.565482
0.0,7,27.576481
0.0,10,27.593431
0.0,24,27.633169
0.0,23,27.666405
0.0,22,27.70144
0.0,19,27.732234
0.0,39,27.792558
0.0,20,27.823051
0.0,43,27.887776
0.0,31,27.940624
0.0,11,27.953033
0.0,4,27.959167
0.0,4,27.965456
0.0,16,27.990881
0.0,11,28.026587
0.0,8,28.103629
1.0,14,28.205883
0.0,7,28.2154
0.0,15,28.238541
0.0,6,28.252132
0.0,13,28.269099
0.0,50,28.346137
0.0,17,28.374431
0.0,10,28.388849
0.0,21,28.420625
0.0,4,28.42701
0.0,6,28.436429
0.0,12,28.456816
0.0,14,28.477664
0.0,24,28.514039
0.0,25,28.554047
0.0,51,28.632234
0.0,11,28.651433
0.0,58,28.741432
0.0,10,28.751565
0.0,26,28.78176
0.0,17,28.800921
0.0,8,28.809636
0.0,17,28.82806
0.0,13,28.842208
0.0,31,28.875739
0.0,12,28.888214
0.0,12,28.901688
0.0,22,28.924843
0.0,21,28.948137
0.0,5,28.95347
0.0,19,28.973781
0.0,10,28.984962
0.0,13,28.999536
0.0,8,29.008422
0.0,7,29.015853
0.0,6,29.022339
0.0,20,29.043642
0.0,8,29.052487
0.0,52,29.10876
0.0,8,29.117193
0.0,4,29.12175
0.0,9,29.131584
0.0,18,29.151016
0.0,13,29.165021
0.0,9,29.174837
0.0,16,29.192261
0.0,8,29.20081
0.0,15,29.217106
0.0,16,29.234107
0.0,6,29.240955
0.0,23,29.265756
0.0,18,29.285782
0.0,8,29.294241
0.0,16,29.311636
0.0,9,29.321447
0.0,15,29.337977
0.0,10,29.349079
1.0,14,29.364526
0.0,28,29.394923
0.0,9,29.404975
0.0,4,29.409257
0.0,24,29.444822
0.0,4,29.455131
0.0,20,29.484239
0.0,30,29.531439
0.0,33,29.581318
0.0,6,29.590261
0.0,13,29.612219
0.0,25,29.655502
0.0,21,29.685319
0.0,57,29.769177
0.0,13,29.788136
0.0,24,29.825607
0.0,21,29.857324
0.0,4,29.865909
0.0,8,29.877021
0.0,21,29.908463
0.0,21,29.945172
0.0,23,29.977826
0.0,12,29.998114
0.0,7,30.006124
0.0,11,30.024331
0.0,17,30.049737
0.0,56,30.318641
0.0,3,30.321769
0.0,15,30.345931
0.0,13,30.369103
0.0,52,30.442407
0.0,3,30.446914
0.0,6,30.458041
0.0,9,30.468943
0.0,38,30.530406
0.0,20,30.557961
0.0,11,30.576025
0.0,16,30.602956
0.0,29,30.64571
0.0,7,30.653755
0.0,24,30.693621
0.0,2,30.697119
0.0,6,30.702556
0.0,3,30.707428
0.0,9,30.723571
0.0,14,30.745274
0.0,14,30.767387
0.0,33,30.818383
0.0,55,30.90387
0.0,15,30.92775
0.0,6,30.939022
0.0,29,30.983062
0.0,7,30.993552
0.0,2,30.995813
0.0,35,31.051187
0.0,25,31.089923
0.0,7,31.103805
0.0,21,31.13805
0.0,7,31.146085
0.0,4,31.151613
0.0,20,31.180262
0.0,2,31.183794
0.0,5,31.190203
0.0,4,31.197327
0.0,27,31.237277
0.0,17,31.265914
0.0,11,31.282478
0.0,3,31.287773
0.0,13,31.310179
0.0,27,31.355503
0.0,13,31.370103
0.0,17,31.393492
0.0,17,31.423029
0.0,6,31.429456
0.0,17,31.457157
0.0,17,31.483423
0.0,12,31.49909
0.0,56,31.585181
0.0,18,31.614893
0.0,8,31.623608
0.0,22,31.660263
0.0,51,31.738306
0.0,11,31.754696
0.0,4,31.759249
0.0,3,31.762842
0.0,75,31.87938
0.0,9,31.894301
0.0,7,31.904334
0.0,12,31.921788
0.0,46,31.996961
0.0,18,32.025671
0.0,15,32.047997
0.0,10,32.063825
0.0,13,32.082937
0.0,16,32.106585
0.0,7,32.117949
0.0,3,32.121406
0.0,12,32.14133
0.0,11,32.161031
0.0,19,32.190078
0.0,18,32.221594
0.0,27,32.414594
0.0,65,32.511396
0.0,5,32.517118
0.0,10,32.532652
0.0,11,32.55067
1.0,7,32.558695
0.0,7,32.57102
0.0,12,32.592947
0.0,100,32.743281
0.0,4,32.747258
0.0,19,32.776725
0.0,7,32.78746
0.0,4,32.79377
0.0,18,32.824482
0.0,10,32.838997
0.0,22,32.863374
0.0,45,32.913316
0.0,10,32.924384
0.0,15,32.940853
0.0,3,32.944274
0.0,22,32.968185
0.0,20,32.990302
0.0,41,33.035104
0.0,20,33.057199
0.0,13,33.071
0.0,15,33.087272
0.0,6,33.093902
0.0,31,33.128007
0.0,12,33.142037
0.0,22,33.165503
0.0,14,33.180332
0.0,4,33.184895
0.0,8,33.193874
0.0,13,33.207585
0.0,4,33.21197
0.0,20,33.233363
0.0,13,33.24783
0.0,6,33.254304
0.0,8,33.263165
0.0,20,33.28457
0.0,21,33.307584
0.0,24,33.333076
0.0,3,33.336499
0.0,32,33.382743
0.0,3,33.387526
0.0,7,33.398544
1.0,14,33.420438
0.0,15,33.443861
0.0,4,33.450109
0.0,4,33.456443
0.0,10,33.47423
0.0,9,33.487053
0.0,20,33.516815
0.0,24,33.554118
0.0,76,33.652454
0.0,20,33.67449
0.0,7,33.682199
0.0,6,33.688462
0.0,6,33.694879
0.0,4,33.699058
0.0,9,33.708293
0.0,16,33.725841
0.0,5,33.731069
0.0,10,33.742321
0.0,19,33.762542
0.0,39,33.817716
0.0,53,33.899449
0.0,6,33.908813
0.0,10,33.924201
0.0,14,33.947555
1.0,17,33.974043
0.0,15,33.997045
0.0,22,34.033913
0.0,15,34.056568
0.0,44,34.124562
0.0,10,34.140202
0.0,19,34.169654
0.0,50,34.228038
0.0,24,34.263205
0.0,3,34.267912
0.0,6,34.277314
0.0,10,34.293429
0.0,18,34.422531
0.0,35,34.542833
0.0,10,34.559103
0.0,7,34.57171
0.0,41,34.632392
0.0,13,34.650529
0.0,35,34.702254
0.0,16,34.725466
0.0,24,34.762145
0.0,17,34.792635
0.0,3,34.795928
0.0,18,34.823934
0.0,8,34.836779
0.0,22,34.874714
0.0,19,34.895665
0.0,6,34.904867
0.0,15,34.928449
0.0,20,34.958844
0.0,40,35.025907
0.0,10,35.0415
0.0,26,35.078284
0.0,6,35.089026
0.0,67,35.196918
0.0,7,35.204407
0.0,4,35.209039
0.0,24,35.242285
0.0,5,35.253666
0.0,10,35.269101
0.0,22,35.301094
0.0,33,35.345263
0.0,16,35.362603
0.0,4,35.367052
0.0,28,35.397626
0.0,36,35.436853
0.0,11,35.448761
0.0,4,35.453309
0.0,3,35.456755
0.0,3,35.460233
0.0,8,35.468659
0.0,9,35.477925
0.0,5,35.483202
0.0,16,35.500566
0.0,8,35.509608
0.0,14,35.524935
0.0,12,35.537728
0.0,14,35.553218
0.0,56,35.614407
0.0,3,35.617921
0.0,24,35.644428
0.0,18,35.663608
0.0,12,35.675498
0.0,4,35.680219
0.0,15,35.696668
0.0,4,35.701274
0.0,16,35.718578
1.0,34,35.755535
0.0,26,35.783873
0.0,39,35.825475
0.0,35,35.863171
0.0,8,35.871742
0.0,6,35.878323
0.0,7,35.88584
0.0,36,35.925474
0.0,3,35.928905
1.0,18,35.948137
0.0,4,35.952569
0.0,12,35.965904
0.0,30,35.998789
0.0,16,36.016167
0.0,13,36.03046
0.0,19,36.050367
0.0,6,36.056952
0.0,11,36.069177
0.0,16,36.086475
1.0,17,36.105232
0.0,3,36.108548
0.0,6,36.11449
0.0,7,36.122343
0.0,21,36.1447
0.0,18,36.164738
1.0,9,36.174613
0.0,80,36.261381
0.0,19,36.282099
0.0,20,36.303828
0.0,8,36.312742
0.0,33,36.349046
0.0,4,36.353683
0.0,13,36.367689
0.0,58,36.640459
0.0,14,36.66628
0.0,19,36.696216
0.0,11,36.717064
0.0,9,36.729325
0.0,18,36.759047
0.0,6,36.766754
0.0,6,36.777132
0.0,7,36.792758
0.0,21,36.821573
0.0,7,36.83612
0.0,17,36.860861
1.0,35,36.916883
0.0,9,36.931755
0.0,21,36.961892
0.0,3,36.96564
0.0,34,37.020702
0.0,14,37.041235
0.0,16,37.066131
0.0,2,37.070757
0.0,7,37.083291
0.0,8,37.092506
0.0,21,37.127642
0.0,8,37.141929
0.0,4,37.146559
0.0,4,37.151273
0.0,56,37.241883
0.0,17,37.265364
0.0,8,37.27965
0.0,21,37.31179
0.0,10,37.329127
0.0,11,37.346737
0.0,32,37.39419
0.0,6,37.406374
0.0,4,37.411063
0.0,10,37.427703
0.0,18,37.454203
0.0,20,37.486917
0.0,8,37.499107
0.0,6,37.507264
0.0,20,37.539922
0.0,7,37.55306
0.0,16,37.576556
0.0,13,37.597489
0.0,21,37.629073
0.0,10,37.646432
0.0,35,37.697918
0.0,17,37.726734
0.0,20,37.755995
0.0,6,37.767437
0.0,24,37.805748
0.0,17,37.831878
0.0,12,37.850698
1.0,13,37.870713
0.0,5,37.881593
0.0,12,37.895564
0.0,6,37.906784
0.0,18,37.93645
0.0,7,37.9446
0.0,3,37.952874
0.0,9,37.963406
0.0,39,38.024116
0.0,18,38.056008
0.0,5,38.061855
0.0,15,38.087861
0.0,6,38.094656
0.0,21,38.130151
0.0,17,38.157696
0.0,3,38.160618
0.0,3,38.165853
0.0,32,38.217435
0.0,5,38.22591
0.0,6,38.237986
0.0,13,38.257719
0.0,2,38.259815
0.0,8,38.274713
0.0,10,38.290625
0.0,19,38.320445
0.0,14,38.345179
1.0,10,38.360898
0.0,38,38.426062
0.0,6,38.432588
0.0,16,38.456914
0.0,9,38.472056
0.0,12,38.490802
0.0,7,38.504056
0.0,7,38.572907
0.0,5,38.664769
0.0,18,38.714377
0.0,3,38.717893
0.0,8,38.731414
0.0,13,38.749122
0.0,25,38.789031
0.0,18,38.818762
0.0,19,38.845996
0.0,7,38.859084
0.0,5,38.864914
0.0,20,38.898438
0.0,7,38.910993
0.0,7,38.91914
0.0,7,38.929615
0.0,15,38.955363
0.0,17,38.980689
0.0,26,39.024945
0.0,18,39.051392
0.0,4,39.056933
0.0,23,39.093587
0.0,34,39.139608
0.0,12,39.155553
0.0,36,39.206732
0.0,4,39.211236
0.0,26,39.248734
0.0,13,39.262703
0.0,12,39.27888
0.0,8,39.291955
0.0,12,39.307673
0.0,8,39.316443
0.0,12,39.334233
0.0,26,39.369804
1.0,41,39.426605
0.0,4,39.430981
0.0,6,39.437643
0.0,4,39.442021
0.0,16,39.465991
0.0,6,39.472497
0.0,8,39.486027
0.0,4,39.490404
0.0,12,39.506748
0.0,30,39.546601
0.0,7,39.554296
0.0,16,39.576529
0.0,27,39.613008
0.0,51,39.683679
0.0,22,39.711549
0.0,6,39.718055
1.0,27,39.754727
0.0,15,39.775113
0.0,7,39.785673
0.0,20,39.812232
0.0,8,39.82091
0.0,29,39.863585
0.0,12,39.876486
0.0,18,39.900619
0.0,9,39.912467
0.0,13,39.932154
0.0,38,39.985716
0.0,8,39.994339
0.0,3,39.997647
0.0,4,40.001998
0.0,5,40.009815
0.0,13,40.02799
0.0,4,40.03234
0.0,28,40.072082
0.0,20,40.096956
0.0,37,40.147644
0.0,14,40.166947
0.0,6,40.173459
0.0,19,40.198534
0.0,10,40.211265
0.0,3,40.216605
0.0,9,40.227117
0.0,14,40.246393
0.0,3,40.249679
0.0,11,40.266399
0.0,6,40.275494
0.0,4,40.279891
0.0,28,40.318013
0.0,10,40.328908
0.0,6,40.339971
0.0,30,40.379475
0.0,40,40.430462
0.0,5,40.439806
0.0,7,40.447355
0.0,29,40.487093
0.0,5,40.492539
0.0,11,40.509282
0.0,5,40.514715
0.0,12,40.531923
0.0,4,40.536274
1.0,11,40.549958
0.0,10,40.566666
0.0,22,40.593532
0.0,29,40.816193
1.0,10,40.826955
1.0,23,40.859851
0.0,18,40.882996
0.0,15,40.902093
0.0,35,40.959831
0.0,28,41.015247
0.0,7,41.029273
0.0,10,41.046561
0.0,6,41.058741
0.0,24,41.094775
0.0,8,41.107946
0.0,6,41.114454
0.0,54,41.187809
0.0,11,41.204206
0.0,8,41.212843
0.0,8,41.22148
0.0,10,41.23675
0.0,8,41.245383
0.0,15,41.265624
0.0,19,41.293223
0.0,10,41.306756
0.0,11,41.323646
1.0,12,41.33656
0.0,14,41.356428
0.0,24,41.390092
0.0,20,41.415517
0.0,5,41.421095
0.0,35,41.469997
0.0,9,41.479746
0.0,10,41.495326
0.0,23,41.527033
0.0,12,41.544599
0.0,18,41.568707
0.0,18,41.601844
0.0,17,41.633093
0.0,5,41.644426
0.0,16,41.673878
0.0,4,41.684036
0.0,19,41.71804
0.0,60,41.803494
0.0,4,41.807525
0.0,6,41.814123
0.0,15,41.834711
0.0,12,41.854611
0.0,20,41.877744
0.0,18,41.901324
0.0,25,41.936467
0.0,11,41.951626
0.0,5,41.956412
0.0,27,41.994548
0.0,36,42.041715
0.0,7,42.051915
0.0,18,42.078123
0.0,5,42.085558
0.0,10,42.099908
0.0,26,42.146162
0.0,10,42.160046
0.0,10,42.178434
0.0,29,42.227987
0.0,33,42.285953
0.0,9,42.299241
0.0,10,42.316587
0.0,5,42.323481
0.0,4,42.329682
0.0,5,42.340512
0.0,7,42.353795
0.0,3,42.357785
0.0,25,42.395898
0.0,3,42.399536
0.0,14,42.423761
0.0,29,42.471311
0.0,3,42.475833
0.0,4,42.485656
0.0,4,42.491184
0.0,27,42.537106
0.0,17,42.562769
0.0,4,42.568474
0.0,4,42.574308
0.0,10,42.593501
0.0,38,42.657789
0.0,8,42.671892
0.0,13,42.695734
0.0,2,42.698044
0.0,9,42.842859
0.0,15,42.926329
0.0,6,42.932952
0.0,9,42.947919
1.0,14,42.972722
0.0,3,42.976283
0.0,13,42.996367
0.0,16,43.020228
0.0,13,43.040335
0.0,5,43.047317
0.0,5,43.057632
0.0,12,43.076532
0.0,8,43.086898
0.0,28,43.130379
0.0,15,43.155714
1.0,25,43.193149
0.0,7,43.208066
0.0,5,43.213923
0.0,39,43.273131
0.0,13,43.294356
1.0,25,43.332571
0.0,47,43.408025
0.0,7,43.417274
0.0,5,43.427237
0.0,5,43.433095
0.0,13,43.455596
0.0,45,43.523735
0.0,4,43.53393
0.0,3,43.537492
0.0,22,43.570233
0.0,51,43.650327
0.0,6,43.662755
0.0,23,43.696729
0.0,5,43.702607
0.0,3,43.707275
0.0,9,43.721956
0.0,9,43.736961
0.0,8,43.749258
0.0,14,43.771798
0.0,9,43.787319
0.0,43,43.851423
0.0,16,43.878562
0.0,3,43.882112
0.0,19,43.914219
0.0,9,43.925755
0.0,17,43.954427
0.0,10,43.968082
0.0,52,44.049232
0.0,17,44.077607
0.0,33,44.127911
0.0,6,44.138084
0.0,4,44.143044
0.0,31,44.194289
0.0,24,44.232906
0.0,6,44.239916
0.0,53,44.321237
0.0,11,44.340357
0.0,16,44.36348
0.0,21,44.398609
0.0,8,44.41275
0.0,37,44.466
0.0,23,44.505438
0.0,66,44.606742
0.0,25,44.645757
0.0,8,44.659376
0.0,20,44.693497
0.0,17,44.721931
0.0,52,44.809801
0.0,20,45.01129
0.0,33,45.062113
0.0,8,45.071433
0.0,12,45.091528
0.0,6,45.102752
0.0,6,45.109796
0.0,7,45.119595
0.0,5,45.129772
0.0,3,45.13331
0.0,23,45.16985
0.0,7,45.183059
0.0,6,45.190203
0.0,10,45.206767
0.0,35,45.26018
0.0,18,45.29175
0.0,5,45.297718
0.0,2,45.300103
0.0,8,45.31443
0.0,11,45.331903
0.0,14,45.353753
0.0,7,45.361923
0.0,8,45.376904
0.0,13,45.396486
0.0,8,45.407759
0.0,7,45.421592
0.0,18,45.448244
0.0,14,45.468862
0.0,21,45.504752
0.0,4,45.509593
1.0,9,45.524884
0.0,7,45.533041
0.0,13,45.553162
0.0,10,45.569065
0.0,4,45.576884
0.0,3,45.580424
0.0,9,45.596595
0.0,8,45.606018
0.0,22,45.64203
0.0,51,45.721544
0.0,9,45.736633
0.0,14,45.758532
0.0,6,45.765551
0.0,13,45.787908
0.0,9,45.803767
0.0,15,45.82526
0.0,9,45.840764
0.0,21,45.874269
0.0,11,45.891931
0.0,15,45.915158
0.0,14,45.935607
0.0,45,46.003663
0.0,9,46.019888
0.0,5,46.025731
0.0,27,46.071752
0.0,78,46.19308
0.0,4,46.197959
0.0,15,46.220076
0.0,3,46.225753
0.0,3,46.229302
1.0,8,46.242512
0.0,11,46.260042
0.0,40,46.320994
0.0,3,46.326921
0.0,13,46.345757
0.0,17,46.375609
0.0,28,46.41843
0.0,22,46.450611
0.0,40,46.508994
0.0,3,46.512292
0.0,15,46.531518
0.0,4,46.535876
0.0,40,46.590976
0.0,25,46.627643
0.0,7,46.635178
0.0,6,46.641654
0.0,49,46.706569
0.0,31,46.748456
0.0,21,46.778017
0.0,9,46.787799
0.0,35,46.836407
0.0,37,46.884249
0.0,4,46.888755
0.0,5,46.896563
0.0,8,46.90518
0.0,3,46.912648
0.0,21,47.012537
0.0,25,47.130041
0.0,21,47.161079
1.0,9,47.170794
0.0,12,47.189877
0.0,16,47.209114
0.0,28,47.247864
0.0,23,47.279775
0.0,7,47.287416
0.0,14,47.306637
0.0,10,47.321019
0.0,39,47.374749
0.0,28,47.409037
0.0,16,47.430577
0.0,14,47.450866
0.0,6,47.457371
0.0,7,47.465871
0.0,28,47.504397
0.0,12,47.521585
0.0,29,47.560874
0.0,5,47.566484
0.0,13,47.582966
0.0,18,47.60709
0.0,7,47.617643
0.0,6,47.624118
0.0,6,47.63172
0.0,23,47.664947
0.0,9,47.674827
0.0,46,47.736325
0.0,8,47.749918
0.0,13,47.768056
0.0,7,47.775627
0.0,11,47.788844
0.0,47,47.855812
0.0,12,47.868745
0.0,7,47.879968
0.0,28,47.917819
0.0,11,47.934674
0.0,5,47.940135
0.0,11,47.952018
0.0,4,47.959166
0.0,4,47.963539
0.0,29,48.004234
0.0,3,48.007549
0.0,15,48.028736
0.0,13,48.047825
0.0,5,48.053268
0.0,47,48.116604
0.0,8,48.125242
0.0,8,48.138533
0.0,24,48.168303
0.0,3,48.171733
0.0,6,48.179975
0.0,21,48.208509
0.0,4,48.21286
0.0,15,48.236585
0.0,10,48.247368
0.0,17,48.272738
0.0,6,48.279554
0.0,14,48.299159
0.0,5,48.30458
0.0,54,48.407458
0.0,12,48.427101
0.0,23,48.46975
0.0,20,48.51077
0.0,46,48.60238
0.0,15,48.627082
0.0,15,48.649359
0.0,13,48.667619
0.0,20,48.70144
0.0,3,48.703942
0.0,7,48.713265
0.0,26,48.754453
0.0,5,48.765433
0.0,13,48.784435
0.0,11,48.799825
0.0,10,48.815601
0.0,39,48.876516
0.0,5,48.886441
0.0,6,48.89643
0.0,12,48.912622
0.0,12,48.933249
0.0,64,49.216274
0.0,31,49.264217
0.0,19,49.295251
0.0,27,49.339914
0.0,7,49.351498
0.0,10,49.366448
0.0,6,49.372718
0.0,22,49.405189
0.0,11,49.422558
0.0,5,49.434664
0.0,6,49.441489
0.0,13,49.462875
0.0,5,49.468139
0.0,6,49.47931
0.0,7,49.49191
0.0,11,49.506202
0.0,4,49.510354
0.0,10,49.526181
0.0,4,49.532922
0.0,32,49.584026
0.0,12,49.601121
0.0,13,49.624763
0.0,4,49.629205
0.0,20,49.661495
0.0,11,49.676025
0.0,21,49.709253
0.0,49,49.786871
0.0,14,49.805312
0.0,3,49.808594
0.0,16,49.837382
0.0,30,49.880759
0.0,18,49.90933
0.0,12,49.930004
0.0,30,49.975012
0.0,6,49.985877
0.0,3,49.989185
0.0,22,50.018358
0.0,34,50.072287
0.0,7,50.082405
0.0,14,50.103418
0.0,35,50.159899
0.0,5,50.166688
0.0,35,50.218559
0.0,9,50.234936
1.0,16,50.256186
0.0,8,50.269392
0.0,5,50.280979
0.0,9,50.293011
0.0,5,50.297466
0.0,5,50.305216
0.0,3,50.310641
0.0,26,50.351429
0.0,7,50.361439
0.0,17,50.391956
0.0,12,50.407725
0.0,10,50.423203
0.0,26,50.463273
0.0,10,50.478895
0.0,22,50.514859
0.0,9,50.528847
0.0,13,50.547814
0.0,10,50.564056
0.0,34,50.616344
0.0,29,50.663029
0.0,15,50.686054
0.0,24,50.723763
0.0,11,50.738533
0.0,11,50.756565
0.0,23,50.792218
0.0,5,50.802408
0.0,21,50.832114
0.0,13,50.852193
0.0,12,50.870802
0.0,16,50.895527
0.0,8,50.908141
0.0,10,50.923809
0.0,6,50.936243
0.0,16,50.959296
0.0,3,50.963681
0.0,8,50.976321
0.0,22,51.010358
0.0,4,51.016588
0.0,9,51.033419
0.0,6,51.039809
0.0,20,51.073245
0.0,15,51.094332
0.0,4,51.100706
0.0,14,51.265046
0.0,22,51.326977
0.0,6,51.336419
0.0,4,51.341205
0.0,7,51.353052
0.0,3,51.357017
0.0,2,51.360214
0.0,13,51.382423
0.0,6,51.389876
0.0,5,51.397726
0.0,7,51.408652
0.0,3,51.414409
0.0,8,51.427543
0.0,6,51.435565
0.0,14,51.457058
0.0,14,51.472711
0.0,14,51.488334
0.0,10,51.498808
0.0,12,51.511323
0.0,7,51.518803
0.0,16,51.535845
0.0,9,51.545469
0.0,6,51.551995
0.0,10,51.562778
0.0,15,51.579597
0.0,20,51.601008
0.0,6,51.608045
0.0,15,51.623694
0.0,15,51.639355
0.0,7,51.646752
0.0,7,51.653879
0.0,44,51.701407
0.0,25,51.727991
0.0,11,51.739975
0.0,8,51.74806
0.0,30,51.780613
0.0,7,51.788103
0.0,25,51.815062
0.0,3,51.818371
0.0,8,51.827103
0.0,8,51.835798
0.0,19,51.856987
0.0,3,51.860476
0.0,3,51.863461
0.0,25,51.890131
0.0,4,51.894325
0.0,18,51.913653
0.0,3,51.91684
0.0,9,51.926654
0.0,7,51.933937
0.0,41,51.977263
1.0,27,52.006579
0.0,4,52.010699
0.0,8,52.01934
0.0,3,52.02236
0.0,22,52.047218
0.0,9,52.056022
0.0,6,52.062743
0.0,47,52.111989
0.0,11,52.124367
0.0,9,52.133562
0.0,4,52.137808
0.0,10,52.148617
1.0,8,52.156855
0.0,8,52.165659
0.0,3,52.168968
0.0,7,52.176691
0.0,18,52.196059
0.0,42,52.240602
0.0,22,52.265011
0.0,32,52.299033
0.0,27,52.328737
0.0,23,52.353064
0.0,34,52.38932
0.0,6,52.395811
0.0,36,52.433684
0.0,20,52.453997
0.0,71,52.528907
0.0,29,52.560244
0.0,11,52.572082
0.0,3,52.575026
0.0,6,52.581815
0.0,11,52.593271
0.0,57,52.653913
0.0,5,52.661255
0.0,28,52.690017
0.0,24,52.714379
0.0,16,52.731897
1.0,10,52.752108
0.0,7,52.764001
0.0,57,52.857633
0.0,7,52.870962
0.0,11,52.89477
0.0,12,52.916903
0.0,37,52.982444
0.0,11,52.99836
0.0,16,53.02437
0.0,7,53.037052
0.0,41,53.098857
0.0,7,53.109809
0.0,26,53.152997
0.0,23,53.190595
0.0,6,53.195865
0.0,4,53.206289
0.0,4,53.209573
0.0,18,53.42695
0.0,12,53.440693
0.0,33,53.492238
0.0,9,53.50585
0.0,11,53.522999
0.0,8,53.535834
0.0,8,53.548377
0.0,44,53.616173
0.0,19,53.64684
0.0,14,53.667144
0.0,7,53.678253
0.0,56,53.765102
0.0,7,53.776257
0.0,39,53.834455
0.0,8,53.843401
0.0,7,53.851153
1.0,8,53.859857
0.0,3,53.863015
0.0,12,53.875926
0.0,40,53.918675
0.0,22,53.942595
0.0,8,53.951408
0.0,6,53.95814
0.0,6,53.96482
0.0,22,53.989262
0.0,26,54.01796
0.0,20,54.038774
0.0,11,54.050375
0.0,25,54.07759
0.0,5,54.083109
0.0,21,54.105808
0.0,19,54.126743
0.0,9,54.135967
0.0,17,54.154665
0.0,11,54.166946
0.0,15,54.183432
0.0,29,54.214418
0.0,25,54.242214
0.0,14,54.257759
0.0,50,54.311167
0.0,12,54.324811
0.0,9,54.334818
0.0,10,54.345649
0.0,12,54.359415
1.0,12,54.372783
0.0,19,54.393776
0.0,13,54.407566
0.0,6,54.414356
0.0,3,54.417949
0.0,10,54.428941
0.0,11,54.441134
0.0,19,54.461686
0.0,17,54.480005
0.0,15,54.496429
0.0,26,54.524822
0.0,14,54.540333
0.0,4,54.544869
0.0,54,54.605793
0.0,35,54.643339
0.0,30,54.676441
0.0,6,54.683208
0.0,18,54.702236
0.0,12,54.715616
0.0,48,54.768088
0.0,9,54.783407
0.0,9,54.795436
0.0,23,54.828976
0.0,16,54.853913
0.0,10,54.869267
0.0,43,54.936724
0.0,14,54.958441
0.0,24,54.991601
0.0,19,55.012158
0.0,3,55.015684
0.0,13,55.029769
0.0,16,55.047513
0.0,15,55.064072
1.0,27,55.093594
0.0,6,55.100403
0.0,3,55.103718
0.0,5,55.109445
0.0,47,55.161847
0.0,8,55.170619
0.0,33,55.206489
0.0,22,55.230291
0.0,16,55.247906
0.0,22,55.271923
0.0,21,55.29576
0.0,3,55.298815
0.0,10,55.309157
0.0,14,55.515858
0.0,9,55.532598
0.0,34,55.583035
0.0,5,55.590875
0.0,10,55.60643
0.0,19,55.636431
0.0,42,55.704243
0.0,4,55.70782
0.0,17,55.735306
0.0,6,55.745435
0.0,5,55.751916
1.0,9,55.766397
0.0,25,55.804863
0.0,4,55.811205
0.0,14,55.833175
0.0,25,55.871996
0.0,7,55.884334
0.0,20,55.914317
0.0,13,55.936239
0.0,17,55.963438
0.0,5,55.969023
0.0,2,55.972445
0.0,5,55.982695
0.0,14,56.002128
0.0,33,56.053179
0.0,4,56.05951
0.0,8,56.071986
0.0,3,56.076823
0.0,27,56.118469
0.0,12,56.136449
0.0,23,56.161145
0.0,15,56.178017
0.0,13,56.191626
0.0,11,56.20384
0.0,15,56.220021
0.0,17,56.23891
0.0,18,56.258743
0.0,50,56.313267
0.0,7,56.321009
0.0,12,56.333922
0.0,5,56.339245
0.0,29,56.371128
0.0,43,56.418684
0.0,36,56.4581
0.0,25,56.485639
0.0,9,56.495586
0.0,14,56.510947
0.0,26,56.539165
0.0,10,56.550158
0.0,2,56.552459
0.0,4,56.556779
0.0,11,56.568914
0.0,11,56.581463
0.0,6,56.588076
0.0,5,56.593253
0.0,31,56.627138
0.0,4,56.631654
0.0,19,56.652299
1.0,17,56.670768
1.0,17,56.68998
0.0,4,56.694134
0.0,13,56.70762
0.0,34,56.742933
0.0,15,56.759102
0.0,9,56.768852
0.0,3,56.773462
0.0,6,56.779242
0.0,22,56.802715
0.0,23,56.827757
0.0,5,56.833279
0.0,4,56.837699
0.0,5,56.843182
0.0,14,56.857958
0.0,3,56.861385
0.0,6,56.868217
0.0,6,56.874764
0.0,27,56.904984
0.0,6,56.911527
0.0,12,56.924896
1.0,20,56.946628
0.0,4,56.951129
0.0,4,56.955667
0.0,13,56.970039
0.0,12,56.981943
0.0,36,57.022142
0.0,12,57.034762
0.0,10,57.045614
0.0,15,57.06198
0.0,10,57.072335
0.0,16,57.089867
0.0,6,57.096044
0.0,14,57.111226
0.0,6,57.118082
0.0,24,57.144165
0.0,33,57.179844
0.0,2,57.181894
0.0,9,57.191368
0.0,25,57.218766
0.0,23,57.244189
0.0,18,57.264162
0.0,8,57.27311
0.0,27,57.302868
0.0,10,57.313383
0.0,16,57.330725
0.0,3,57.334156
0.0,16,57.351602
0.0,40,57.394859
0.0,37,57.628563
0.0,11,57.640198
0.0,10,57.650989
0.0,7,57.65855
0.0,29,57.689955
0.0,14,57.705091
0.0,9,57.714986
0.0,8,57.723892
0.0,25,57.751344
0.0,17,57.769445
1.0,23,57.79487
0.0,9,57.809424
0.0,12,57.83143
0.0,12,57.846523
0.0,15,57.872237
0.0,5,57.882301
0.0,11,57.895418
0.0,8,57.909535
0.0,29,57.954612
0.0,6,57.963097
0.0,4,57.973135
0.0,9,57.985692
0.0,7,57.995055
0.0,6,58.006735
0.0,11,58.024438
0.0,3,58.026931
0.0,6,58.035912
0.0,12,58.056043
0.0,2,58.058011
0.0,16,58.084242
0.0,13,58.105218
0.0,30,58.153142
0.0,10,58.16701
0.0,5,58.173255
0.0,3,58.177965
0.0,12,58.196722
0.0,4,58.203022
0.0,29,58.251416
0.0,8,58.260357
0.0,4,58.266628
0.0,35,58.323173
0.0,8,58.333542
0.0,17,58.359977
0.0,3,58.364709
0.0,4,58.371022
0.0,15,58.394428
0.0,12,58.416246
0.0,8,58.426438
0.0,4,58.433228
0.0,16,58.458199
0.0,7,58.469329
0.0,15,58.493851
0.0,17,58.519658
0.0,6,58.531431
0.0,2,58.533123
0.0,11,58.549478
0.0,10,58.565471
0.0,6,58.576422
0.0,7,58.587086
0.0,7,58.598039
0.0,9,58.613436
0.0,3,58.615939
0.0,24,58.655006
0.0,6,58.665943
1.0,14,58.686751
0.0,16,58.712499
0.0,20,58.743238
0.0,5,58.749531
0.0,7,58.760662
0.0,4,58.771132
0.0,6,58.776759
0.0,11,58.793992
0.0,20,58.825091
0.0,6,58.836444
0.0,13,58.854599
0.0,4,58.861251
0.0,8,58.873429
0.0,13,58.89344
0.0,8,58.906913
0.0,17,58.93608
0.0,23,58.969585
0.0,27,59.012334
0.0,7,59.020305
0.0,12,59.040338
0.0,18,59.066217
0.0,21,59.096903
0.0,18,59.127179
0.0,34,59.183664
0.0,2,59.186017
0.0,38,59.244618
0.0,4,59.249204
0.0,45,59.318939
0.0,66,59.416421
0.0,27,59.457536
0.0,54,59.720123
0.0,18,59.763143
0.0,21,59.806005
0.0,3,59.815995
0.0,7,59.836015
0.0,9,59.87553
0.0,24,59.903059
0.0,3,59.906565
0.0,16,59.931851
0.0,17,59.955827
0.0,5,59.963442
0.0,4,59.973663
1.0,18,60.000018
0.0,12,60.018332
0.0,10,60.031653
0.0,8,60.045873
0.0,27,60.086861
0.0,4,60.096144
0.0,35,60.146184
0.0,4,60.153196
0.0,9,60.166028
0.0,4,60.172139
0.0,14,60.197055
0.0,67,60.295804
0.0,37,60.354042
0.0,6,60.363355
0.0,15,60.386571
1.0,7,60.397816
0.0,39,60.456111
0.0,12,60.475531
0.0,21,60.506737
0.0,90,60.644786
0.0,24,60.678459
0.0,16,60.706992
0.0,35,60.757891
0.0,10,60.771648
0.0,60,60.864258
0.0,43,60.931857
0.0,14,60.951804
0.0,7,60.965797
0.0,9,60.978048
0.0,28,61.019927
0.0,29,61.063428
0.0,32,61.11218
0.0,7,61.122835
0.0,9,61.136902
0.0,19,61.163304
0.0,4,61.172774
0.0,6,61.179536
0.0,19,61.209394
0.0,4,61.216328
0.0,5,61.223186
0.0,14,61.247141
0.0,9,61.262084
0.0,5,61.267779
0.0,3,61.271359
0.0,13,61.293665
0.0,8,61.302361
0.0,7,61.315449
0.0,3,61.318772
1.0,6,61.327494
0.0,39,61.389459
0.0,7,61.400027
0.0,14,61.421329
0.0,13,61.44048
0.0,2,61.442769
0.0,28,61.485734
0.0,7,61.497982
0.0,27,61.540056
0.0,16,61.563717
0.0,20,61.595124
0.0,13,61.6143
0.0,7,61.623599
0.0,5,61.67588
0.0,19,61.827147
0.0,16,61.855709
0.0,10,61.871397
0.0,42,61.930196
1.0,64,62.026513
0.0,11,62.045444
0.0,6,62.057018
0.0,12,62.078009
0.0,4,62.082382
0.0,6,62.089301
0.0,11,62.10554
0.0,7,62.117276
0.0,4,62.124432
0.0,5,62.132361
1.0,20,62.164673
0.0,6,62.171036
0.0,18,62.200304
0.0,6,62.208872
0.0,22,62.24597
0.0,3,62.249279
0.0,33,62.300741
0.0,4,62.306821
0.0,4,62.312858
0.0,7,62.321274
0.0,5,62.3312
0.0,12,62.348429
0.0,28,62.392372
0.0,31,62.438951
0.0,24,62.47561
0.0,7,62.488006
0.0,31,62.533308
0.0,10,62.548021
0.0,23,62.586243
0.0,10,62.600209
0.0,10,62.613308
0.0,10,62.630124
0.0,11,62.647319
0.0,15,62.669853
0.0,18,62.696759
0.0,22,62.731468
0.0,9,62.74801
0.0,3,62.751467
0.0,8,62.762483
0.0,27,62.803695
0.0,4,62.810244
0.0,15,62.833324
0.0,5,62.840842
0.0,8,62.852322
0.0,8,62.863234
0.0,8,62.875457
0.0,27,62.919293
0.0,11,62.935535
0.0,5,62.943448
0.0,33,62.993631
0.0,11,63.011287
0.0,13,63.029034
0.0,11,63.04675
0.0,14,63.068979
0.0,12,63.086571
0.0,11,63.103308
0.0,13,63.126103
0.0,8,63.139203
0.0,12,63.15513
0.0,20,63.183734
0.0,5,63.191291
0.0,4,63.198511
0.0,8,63.211604
0.0,9,63.225994
0.0,18,63.25487
0.0,18,63.278217
0.0,40,63.340043
0.0,10,63.356959
0.0,11,63.375831
0.0,100,63.53368
0.0,3,63.537211
0.0,3,63.540592
0.0,11,63.560311
0.0,10,63.576107
1.0,15,63.597594
0.0,19,63.622801
0.0,15,63.646145
0.0,75,63.946267
0.0,12,63.96706
0.0,14,63.986754
0.0,10,64.002268
0.0,12,64.02087
0.0,7,64.033039
0.0,6,64.041108
0.0,36,64.096965
0.0,13,64.117311
0.0,4,64.123631
0.0,2,64.128629
0.0,18,64.155474
0.0,5,64.163136
0.0,30,64.212885
0.0,19,64.242436
0.0,7,64.251316
0.0,10,64.267406
0.0,9,64.282438
0.0,9,64.295324
0.0,7,64.307249
0.0,17,64.332692
0.0,18,64.360749
0.0,38,64.420062
0.0,24,64.456645
0.0,22,64.48045
0.0,2,64.482717
0.0,26,64.509802
0.0,21,64.532086
0.0,20,64.553982
0.0,13,64.568367
0.0,6,64.574813
0.0,8,64.582653
0.0,13,64.596648
0.0,4,64.601168
0.0,24,64.627541
0.0,5,64.633225
0.0,3,64.636668
0.0,10,64.647861
0.0,5,64.653336
0.0,12,64.666086
0.0,4,64.670307
0.0,6,64.67691
0.0,12,64.689752
0.0,5,64.695364
0.0,15,64.711881
0.0,4,64.716065
0.0,8,64.72486
0.0,8,64.733178
1.0,14,64.74751
1.0,15,64.763626
0.0,5,64.769086
0.0,9,64.779218
0.0,5,64.784686
0.0,8,64.793736
0.0,17,64.811821
0.0,3,64.814737
0.0,14,64.829978
0.0,8,64.838624
0.0,19,64.859471
0.0,33,64.895309
0.0,20,64.916562
0.0,28,64.946769
0.0,6,64.953676
0.0,25,64.981083
0.0,24,65.007453
0.0,11,65.020118
0.0,26,65.048095
0.0,24,65.074266
0.0,15,65.091429
0.0,12,65.105204
0.0,5,65.110819
0.0,8,65.119543
1.0,36,65.157267
0.0,12,65.16962
0.0,6,65.176127
0.0,7,65.18366
0.0,6,65.190254
0.0,22,65.214278
0.0,7,65.221766
0.0,19,65.242268
0.0,3,65.245517
0.0,26,65.274714
0.0,8,65.283504
0.0,18,65.302861
0.0,9,65.312267
1.0,33,65.349179
0.0,28,65.380274
0.0,3,65.383686
0.0,26,65.411701
0.0,3,65.415254
1.0,13,65.429055
0.0,34,65.466063
0.0,7,65.473966
0.0,43,65.519769
0.0,33,65.55548
0.0,40,65.598847
0.0,30,65.631815
0.0,11,65.643259
0.0,34,65.679898
0.0,4,65.684277
0.0,7,65.692171
0.0,9,65.702343
1.0,18,65.722057
1.0,37,65.76182
0.0,56,65.822874
0.0,9,65.935008
0.0,6,65.97602
0.0,55,66.10231
0.0,11,66.11947
0.0,10,66.135037
0.0,7,66.147558
0.0,24,66.18391
0.0,7,66.196244
0.0,5,66.206222
0.0,18,66.230106
0.0,27,66.273847
0.0,7,66.282894
0.0,33,66.334652
0.0,48,66.411437
0.0,21,66.441652
0.0,5,66.452714
0.0,18,66.477374
0.0,10,66.493251
0.0,42,66.562169
0.0,5,66.567043
0.0,21,66.599373
0.0,29,66.644954
0.0,6,66.656744
0.0,13,66.674908
0.0,12,66.693429
0.0,4,66.699725
0.0,2,66.702883
0.0,13,66.725247
0.0,6,66.732307
0.0,5,66.743203
0.0,9,66.756034
0.0,14,66.775719
0.0,7,66.787257
0.0,4,66.793127
1.0,16,66.818131
0.0,4,66.824457
0.0,8,66.838556
0.0,5,66.845218
0.0,6,66.854637
0.0,34,66.907066
0.0,3,66.91187
0.0,16,66.936941
0.0,10,66.954239
0.0,8,66.967052
0.0,6,66.975874
0.0,8,66.987238
0.0,9,67.003435
1.0,14,67.022375
0.0,15,67.047057
0.0,10,67.064837
0.0,16,67.088452
0.0,3,67.092252
0.0,14,67.115563
0.0,28,67.157866
0.0,22,67.192156
0.0,54,67.275671
0.0,26,67.31602
0.0,30,67.364555
0.0,2,67.366328
0.0,23,67.403051
0.0,24,67.439114
0.0,10,67.454707
0.0,4,67.460884
0.0,23,67.496428
0.0,12,67.515043
0.0,4,67.521321
0.0,39,67.583833
0.0,5,67.59463
0.0,3,67.59711
0.0,40,67.656538
0.0,37,67.713895
0.0,14,67.735698
0.0,6,67.745137
0.0,3,67.749867
1.0,14,67.771872
0.0,9,67.78589
0.0,33,67.841283
0.0,6,67.846952
0.0,25,67.88572
0.0,7,67.896749
0.0,6,67.906271
0.0,48,68.153503
0.0,9,68.167416
0.0,33,68.218628
0.0,22,68.254238
0.0,9,68.268548
0.0,30,68.314358
0.0,14,68.337482
0.0,15,68.360442
1.0,14,68.38304
0.0,12,68.403435
0.0,12,68.423921
0.0,14,68.441807
0.0,6,68.452432
0.0,15,68.474428
0.0,8,68.488564
0.0,7,68.498434
0.0,7,68.51224
0.0,4,68.515718
0.0,3,68.520273
0.0,3,68.525833
0.0,5,68.536446
0.0,6,68.542132
0.0,13,68.562439
0.0,21,68.594913
0.0,18,68.626545
0.0,8,68.637911
0.0,9,68.654419
0.0,49,68.71284
0.0,17,68.732463
0.0,13,68.745658
0.0,14,68.761091
0.0,23,68.785366
0.0,17,68.803324
0.0,25,68.833734
0.0,12,68.855773
0.0,8,68.872478
0.0,17,68.900408
0.0,29,68.948872
0.0,17,68.974648
0.0,13,68.995238
0.0,21,69.027471
0.0,52,69.108447
0.0,9,69.124259
0.0,17,69.152433
0.0,5,69.156641
1.0,11,69.175036
0.0,15,69.196747
0.0,6,69.206185
0.0,15,69.229696
0.0,7,69.242232
1.0,18,69.271444
0.0,6,69.27804
0.0,13,69.298275
0.0,9,69.31472
0.0,3,69.317793
0.0,43,69.383766
0.0,9,69.393767
0.0,7,69.401676
0.0,4,69.405893
0.0,2,69.407991
0.0,31,69.441864
0.0,8,69.450231
0.0,5,69.455819
0.0,11,69.467813
0.0,6,69.474636
1.0,7,69.482065
0.0,3,69.485394
0.0,21,69.508122
0.0,18,69.527766
0.0,31,69.561294
0.0,3,69.564355
0.0,26,69.592603
0.0,7,69.600481
0.0,5,69.605924
0.0,35,69.643847
0.0,50,69.697838
0.0,7,69.705447
0.0,18,69.725651
1.0,11,69.737325
0.0,50,69.791962
0.0,10,69.803048
0.0,9,69.813137
0.0,7,69.820861
0.0,23,69.84642
1.0,31,69.881456
0.0,36,69.919983
0.0,15,69.935878
0.0,33,69.97128
0.0,17,69.989233
1.0,9,70.001636
0.0,10,70.010708
0.0,7,70.017749
0.0,24,70.222958
0.0,10,70.238975
0.0,10,70.248533
0.0,28,70.287038
0.0,6,70.297973
0.0,7,70.305917
0.0,10,70.321134
0.0,5,70.329093
0.0,10,70.344419
0.0,10,70.364632
0.0,6,70.370896
0.0,48,70.445503
0.0,5,70.451182
0.0,25,70.491247
0.0,18,70.51775
0.0,37,70.574436
0.0,9,70.593667
0.0,25,70.629144
0.0,5,70.635026
0.0,18,70.662497
0.0,6,70.671123
0.0,22,70.704565
0.0,11,70.722036
0.0,7,70.731323
0.0,4,70.74061
0.0,23,70.77325
0.0,25,70.813307
0.0,9,70.825399
0.0,6,70.836228
1.0,9,70.847411
0.0,8,70.861738
0.0,55,70.948272
0.0,10,70.961317
0.0,16,70.988059
0.0,8,71.00028
0.0,14,71.026958
0.0,80,71.147082
0.0,13,71.164193
0.0,11,71.183074
0.0,29,71.229652
0.0,33,71.276243
0.0,15,71.30158
0.0,34,71.352449
0.0,71,71.462684
0.0,8,71.477491
0.0,6,71.487993
0.0,28,71.527085
0.0,31,71.577745
0.0,9,71.592098
0.0,3,71.596621
0.0,11,71.613033
0.0,24,71.652136
0.0,6,71.663068
0.0,30,71.706016
0.0,16,71.733496
0.0,4,71.738086
0.0,8,71.751937
0.0,8,71.765691
0.0,26,71.802932
0.0,24,71.836018
0.0,50,71.912321
0.0,13,71.931276
0.0,20,71.96227
0.0,68,72.065237
0.0,9,72.079419
0.0,34,72.131872
0.0,20,72.344235
0.0,34,72.394469
0.0,21,72.427595
0.0,32,72.472313
0.0,24,72.509011
0.0,3,72.514289
0.0,19,72.542925
0.0,26,72.582099
0.0,3,72.58695
0.0,16,72.611364
0.0,15,72.636781
0.0,2,72.643822
0.0,15,72.664592
0.0,10,72.67905
0.0,6,72.686937
0.0,4,72.695894
0.0,2,72.698196
0.0,31,72.741865
0.0,23,72.780085
0.0,4,72.785788
0.0,4,72.791077
0.0,18,72.816534
0.0,13,72.842501
0.0,8,72.851561
0.0,16,72.87479
0.0,7,72.885195
0.0,11,72.905052
0.0,4,72.909441
0.0,15,72.930474
0.0,7,72.942453
0.0,18,72.96907
0.0,5,72.976196
0.0,6,72.985018
1.0,9,72.997272
0.0,15,73.021197
0.0,47,73.093537
0.0,18,73.12146
0.0,5,73.130012
1.0,11,73.147943
0.0,20,73.180339
0.0,25,73.217914
0.0,5,73.222698
0.0,72,73.332373
0.0,5,73.34161
0.0,24,73.38016
0.0,35,73.435721
0.0,16,73.460006
0.0,7,73.468988
0.0,18,73.495184
0.0,7,73.507302
0.0,12,73.523205
0.0,28,73.566533
0.0,4,73.573827
0.0,29,73.615967
0.0,4,73.622468
0.0,9,73.636304
0.0,8,73.646902
0.0,22,73.680979
0.0,7,73.692735
0.0,8,73.705608
0.0,37,73.760407
0.0,7,73.770066
0.0,60,73.866762
0.0,14,73.882491
0.0,4,73.889422
0.0,15,73.913884
0.0,5,73.92161
0.0,4,73.930668
0.0,5,73.936324
0.0,14,73.959326
0.0,5,73.965717
0.0,14,73.987934
0.0,8,73.996315
0.0,44,74.062203
1.0,16,74.087206
0.0,3,74.092441
0.0,16,74.121234
0.0,6,74.12672
0.0,7,74.138041
0.0,17,74.164834
0.0,6,74.173435
1.0,23,74.209202
0.0,21,74.335015
0.0,4,74.339761
0.0,25,74.435798
0.0,13,74.457039
0.0,9,74.468946
0.0,18,74.501118
0.0,34,74.549859
0.0,9,74.564626
0.0,17,74.593662
0.0,4,74.596933
0.0,13,74.620866
0.0,6,74.626043
0.0,17,74.65229
0.0,8,74.664938
0.0,66,74.766969
0.0,22,74.803051
0.0,10,74.817705
0.0,11,74.835531
0.0,9,74.848384
0.0,13,74.868894
0.0,29,74.914649
0.0,6,74.923631
0.0,4,74.929921
0.0,11,74.947145
0.0,7,74.958109
0.0,42,75.023857
0.0,10,75.038435
0.0,12,75.057239
0.0,10,75.075056
0.0,7,75.08716
0.0,12,75.10526
0.0,18,75.130736
0.0,3,75.135509
0.0,24,75.173342
0.0,4,75.179558
0.0,4,75.18625
0.0,16,75.209816
1.0,8,75.218599
1.0,46,75.26963
0.0,18,75.288868
0.0,13,75.303213
1.0,44,75.351492
0.0,10,75.362171
0.0,14,75.377692
0.0,5,75.38293
0.0,9,75.392969
0.0,11,75.405078
0.0,7,75.413841
0.0,17,75.431664
0.0,17,75.450443
0.0,29,75.494814
0.0,23,75.533036
0.0,5,75.538451
0.0,7,75.549394
1.0,8,75.563529
0.0,4,75.569436
0.0,3,75.572969
0.0,16,75.598466
0.0,17,75.625045
0.0,3,75.629645
0.0,8,75.643548
0.0,29,75.686684
0.0,11,75.705678
0.0,28,75.747328
0.0,19,75.776925
0.0,27,75.818914
1.0,11,75.836016
0.0,5,75.843873
0.0,8,75.856231
0.0,12,75.87668
0.0,8,75.887905
0.0,36,75.945627
0.0,7,75.958289
0.0,12,75.976508
0.0,21,76.012362
0.0,9,76.026989
0.0,13,76.045686
0.0,7,76.056622
0.0,9,76.074098
0.0,5,76.07898
0.0,11,76.095881
0.0,39,76.156723
0.0,12,76.173627
0.0,24,76.199486
0.0,13,76.213985
0.0,34,76.251021
0.0,6,76.257533
0.0,7,76.265311
0.0,18,76.284543
0.0,7,76.292387
0.0,23,76.317441
0.0,22,76.532755
0.0,4,76.537871
0.0,13,76.551542
0.0,25,76.58557
0.0,19,76.61084
0.0,2,76.613242
0.0,18,76.634551
0.0,16,76.657807
0.0,7,76.672957
0.0,19,76.707625
0.0,4,76.712039
0.0,11,76.729533
0.0,13,76.756451
0.0,6,76.764792
0.0,5,76.77761
0.0,22,76.820745
0.0,2,76.822855
0.0,10,76.844515
0.0,14,76.867838
0.0,53,76.992486
0.0,8,77.007327
0.0,8,77.016743
0.0,9,77.031941
0.0,7,77.045225
0.0,6,77.052434
0.0,9,77.067923
0.0,5,77.073784
0.0,26,77.114182
0.0,7,77.127565
0.0,7,77.140594
0.0,13,77.156117
0.0,6,77.168083
0.0,8,77.182304
0.0,5,77.188282
0.0,8,77.203123
0.0,6,77.21016
0.0,10,77.226564
0.0,14,77.248333
0.0,13,77.268037
0.0,16,77.292668
0.0,7,77.305229
0.0,8,77.315974
0.0,6,77.327138
0.0,14,77.348712
0.0,22,77.388236
0.0,40,77.458515
0.0,17,77.487407
0.0,28,77.533908
0.0,11,77.55022
0.0,3,77.556174
1.0,17,77.586226
0.0,19,77.617206
0.0,50,77.704633
0.0,5,77.710828
1.0,20,77.74703
0.0,4,77.751836
0.0,16,77.779015
0.0,24,77.816493
0.0,20,77.845315
0.0,64,77.945494
0.0,5,77.955466
0.0,51,78.036062
0.0,35,78.087265
0.0,26,78.128276
0.0,37,78.191736
0.0,6,78.20693
0.0,2,78.209152
0.0,18,78.240911
1.0,15,78.267817
0.0,15,78.297272
0.0,5,78.305517
0.0,10,78.318632
0.0,21,78.357051
0.0,4,78.361674
0.0,4,78.36967
0.0,12,78.392513
0.0,21,78.427926
0.0,25,78.55949
0.0,6,78.63529
0.0,3,78.637828
0.0,3,78.640397
0.0,13,78.655121
1.0,14,78.67592
0.0,7,78.689121
0.0,49,78.764319
0.0,8,78.776652
0.0,10,78.792742
0.0,4,78.79718
0.0,8,78.809877
0.0,8,78.823464
0.0,7,78.831568
0.0,16,78.856166
0.0,9,78.871262
0.0,5,78.882576
0.0,16,78.905748
0.0,23,78.943143
0.0,17,78.968388
0.0,19,78.99727
0.0,30,79.045455
0.0,7,79.053701
0.0,11,79.071507
0.0,35,79.128316
0.0,66,79.228313
0.0,12,79.251725
0.0,9,79.262256
0.0,14,79.28576
1.0,9,79.29727
0.0,2,79.303783
0.0,3,79.307319
0.0,19,79.335754
0.0,7,79.348253
0.0,18,79.376121
0.0,52,79.455331
0.0,14,79.478455
0.0,12,79.497888
0.0,9,79.514117
0.0,29,79.55689
0.0,24,79.593871
0.0,32,79.645187
0.0,6,79.652215
0.0,20,79.686201
0.0,7,79.694482
0.0,20,79.727677
0.0,20,79.76112
0.0,8,79.770477
0.0,35,79.827174
0.0,23,79.863905
0.0,7,79.872053
0.0,55,79.959193
0.0,22,79.994923
0.0,8,80.007828
0.0,3,80.010927
0.0,6,80.022729
0.0,32,80.076087
0.0,28,80.121736
0.0,6,80.135005
0.0,37,80.198867
0.0,7,80.211687
0.0,16,80.238074
0.0,53,80.327608
0.0,32,80.381035
0.0,29,80.426751
0.0,38,80.4856
0.0,9,80.500843
0.0,13,80.520253
0.0,13,80.643841
0.0,7,80.675924
0.0,25,80.760536
0.0,27,80.801533
0.0,10,80.817914
0.0,18,80.847383
0.0,7,80.855553
0.0,53,80.939846
0.0,15,80.962263
0.0,12,80.982059
0.0,22,81.017905
0.0,6,81.024957
0.0,11,81.042359
0.0,42,81.108069
0.0,13,81.131592
0.0,11,81.145757
0.0,24,81.182287
0.0,8,81.197146
0.0,3,81.200691
0.0,12,81.220046
0.0,32,81.271892
0.0,4,81.276596
1.0,44,81.343263
0.0,18,81.374069
0.0,3,81.37766
0.0,31,81.428073
0.0,8,81.437434
0.0,27,81.483754
0.0,24,81.518063
0.0,8,81.531366
0.0,16,81.554438
0.0,9,81.570066
0.0,32,81.619218
0.0,11,81.636117
0.0,4,81.645457
0.0,30,81.690647
0.0,11,81.708035
0.0,22,81.744904
0.0,6,81.752093
0.0,11,81.769551
0.0,22,81.805623
0.0,50,81.884291
0.0,14,81.906201
0.0,19,81.932518
0.0,8,81.947269
0.0,43,82.013376
0.0,16,82.041113
0.0,5,82.04696
0.0,23,82.082185
0.0,16,82.110722
0.0,9,82.121244
0.0,43,82.188031
0.0,13,82.211721
0.0,56,82.28837
0.0,5,82.296047
0.0,91,82.419957
0.0,14,82.43777
0.0,6,82.444233
0.0,42,82.502043
0.0,12,82.520092
0.0,17,82.54228
0.0,24,82.574769
0.0,19,82.600055
0.0,14,82.61888
0.0,16,82.639094
0.0,32,82.867333
0.0,3,82.870649
0.0,15,82.894731
0.0,21,82.920992
0.0,18,82.944179
0.0,19,82.971508
0.0,12,82.9844
0.0,14,83.004145
0.0,25,83.038874
0.0,20,83.062267
0.0,9,83.077713
1.0,30,83.116739
0.0,8,83.125511
0.0,2,83.127728
1.0,12,83.145136
0.0,2,83.147342
0.0,8,83.158868
1.0,15,83.179065
0.0,10,83.189798
0.0,11,83.206651
0.0,7,83.21658
0.0,7,83.224136
0.0,11,83.241104
0.0,11,83.25787
0.0,8,83.266495
0.0,14,83.284717
0.0,5,83.294733
0.0,6,83.301206
0.0,13,83.318883
0.0,10,83.32967
0.0,14,83.348449
0.0,28,83.386518
0.0,18,83.409495
0.0,17,83.431681
0.0,7,83.441979
0.0,17,83.464492
0.0,4,83.469002
0.0,9,83.483254
0.0,9,83.496596
0.0,22,83.524068
0.0,31,83.565643
0.0,13,83.58376
0.0,10,83.59463
0.0,10,83.610019
0.0,2,83.612235
0.0,6,83.618746
0.0,19,83.646207
0.0,12,83.659108
0.0,15,83.679828
0.0,7,83.689759
0.0,19,83.714363
0.0,2,83.716578
0.0,13,83.735416
0.0,20,83.76152
0.0,11,83.792019
0.0,2,83.794714
0.0,46,83.884396
0.0,2,83.886954
0.0,19,83.92093
0.0,3,83.924813
0.0,8,83.937897
0.0,7,83.949214
0.0,4,83.957175
0.0,14,83.979788
0.0,5,83.991184
0.0,5,83.996686
0.0,3,84.000713
0.0,11,84.024845
0.0,11,84.045769
0.0,12,84.067508
0.0,3,84.070846
0.0,19,84.108597
0.0,11,84.132459
0.0,8,84.147149
0.0,22,84.189338
0.0,4,84.193904
0.0,13,84.218538
0.0,3,84.224311
0.0,9,84.243807
1.0,15,84.269741
0.0,51,84.365842
0.0,17,84.399728
0.0,26,84.447333
0.0,19,84.481838
0.0,9,84.4971
0.0,5,84.507911
0.0,21,84.549703
0.0,12,84.575292
0.0,10,84.589414
0.0,4,84.595513
0.0,6,84.60911
1.0,44,84.694607
0.0,42,84.958308
0.0,64,85.07286
0.0,29,85.126269
0.0,85,85.288119
0.0,11,85.306939
0.0,43,85.387884
0.0,9,85.400059
0.0,60,85.515835
0.0,9,85.530512
0.0,37,85.599505
0.0,5,85.609554
0.0,5,85.618677
0.0,27,85.668834
1.0,23,85.711481
0.0,9,85.733279
0.0,22,85.776156
0.0,29,85.830877
0.0,11,85.85402
0.0,12,85.875828
0.0,4,85.880098
0.0,38,85.958022
0.0,7,85.966815
0.0,76,86.109909
0.0,36,86.179709
0.0,13,86.205572
0.0,11,86.226914
0.0,8,86.242177
0.0,19,86.27777
0.0,6,86.294481
0.0,20,86.330703
0.0,17,86.366794
0.0,39,86.439126
0.0,29,86.494892
0.0,14,86.519568
0.0,18,86.551483
0.0,43,86.630554
0.0,19,86.667681
0.0,25,86.711017
0.0,30,86.769481
0.0,9,86.786833
0.0,8,86.798749
0.0,5,86.806803
0.0,9,86.825677
0.0,19,87.047833
0.0,9,87.065078
0.0,8,87.077425
0.0,32,87.135603
0.0,11,87.150168
0.0,8,87.164646
0.0,29,87.218105
0.0,23,87.261624
0.0,25,87.306778
0.0,33,87.367725
0.0,10,87.377163
0.0,16,87.402782
0.0,9,87.418697
0.0,23,87.455987
0.0,5,87.462094
0.0,47,87.547529
0.0,22,87.578287
0.0,11,87.59762
0.0,15,87.622817
0.0,16,87.647251
0.0,22,87.683233
0.0,26,87.72321
0.0,10,87.739188
0.0,19,87.76813
1.0,39,87.830007
0.0,22,87.862217
0.0,3,87.866011
0.0,32,87.917451
0.0,7,87.929048
0.0,5,87.93474
0.0,16,87.960853
0.0,5,87.969054
0.0,12,87.984236
0.0,6,87.993528
0.0,5,88.00384
0.0,18,88.028617
0.0,3,88.037041
0.0,9,88.04927
0.0,2,88.053119
0.0,21,88.081125
0.0,6,88.093665
0.0,12,88.111381
0.0,9,88.12418
0.0,10,88.136769
0.0,27,88.178449
0.0,58,88.267852
0.0,4,88.273181
0.0,18,88.305072
0.0,17,88.330462
0.0,10,88.345824
0.0,3,88.349101
0.0,4,88.355504
0.0,12,88.373919
0.0,26,88.415668
0.0,7,88.423619
0.0,14,88.445501
0.0,13,88.466629
0.0,18,88.492488
0.0,35,88.546654
0.0,9,88.560409
0.0,19,88.590607
0.0,3,88.594047
0.0,12,88.612015
0.0,53,88.697023
0.0,14,88.71329
0.0,10,88.726655
0.0,7,88.738018
0.0,9,88.754309
0.0,6,88.760669
0.0,11,88.781434
0.0,16,88.803029
0.0,33,88.854143
0.0,6,88.863724
0.0,13,88.886038
0.0,9,88.898691
1.0,12,88.916634
0.0,29,89.154679
0.0,56,89.23512
0.0,41,89.280053
0.0,23,89.304624
0.0,7,89.311939
0.0,5,89.317418
0.0,11,89.328976
0.0,18,89.348951
0.0,9,89.358627
0.0,11,89.37042
0.0,10,89.381332
0.0,22,89.405698
0.0,8,89.414683
0.0,6,89.421342
0.0,6,89.428058
0.0,5,89.433659
0.0,10,89.444714
0.0,4,89.449229
0.0,8,89.458094
0.0,21,89.481266
0.0,11,89.493117
0.0,52,89.54682
0.0,7,89.556645
0.0,3,89.560787
0.0,17,89.586863
0.0,46,89.661437
0.0,32,89.706919
0.0,33,89.751216
0.0,35,89.789382
0.0,29,89.820644
0.0,7,89.828661
0.0,4,89.832755
1.0,25,89.85975
0.0,51,89.914533
0.0,12,89.927515
0.0,13,89.941891
0.0,5,89.946939
0.0,15,89.9626
0.0,12,89.975701
0.0,6,89.982339
0.0,18,90.003044
0.0,16,90.020096
0.0,16,90.03722
1.0,29,90.069193
0.0,9,90.079046
0.0,28,90.110083
1.0,28,90.140354
0.0,18,90.159761
0.0,3,90.16278
0.0,17,90.181294
0.0,18,90.201287
0.0,26,90.229498
0.0,3,90.232855
0.0,16,90.250451
0.0,2,90.252758
0.0,25,90.280323
0.0,15,90.296429
0.0,7,90.303903
0.0,21,90.326442
0.0,11,90.338567
0.0,8,90.347252
0.0,9,90.356784
0.0,5,90.362253
0.0,19,90.382526
0.0,9,90.392243
0.0,4,90.396772
0.0,12,90.410126
0.0,27,90.439481
0.0,10,90.450228
0.0,6,90.456782
0.0,6,90.463363
0.0,6,90.469968
0.0,5,90.475341
0.0,48,90.528232
0.0,8,90.537256
0.0,13,90.551845
0.0,40,90.594971
0.0,23,90.620708
0.0,3,90.624207
0.0,6,90.630661
0.0,8,90.639265
0.0,45,90.68806
0.0,11,90.700033
0.0,11,90.7112
0.0,6,90.717468
0.0,14,90.732662
0.0,14,90.747805
0.0,9,90.75762
0.0,31,90.791166
0.0,6,90.797809
0.0,12,90.811167
0.0,9,90.821081
0.0,6,90.827731
0.0,12,90.840694
0.0,5,90.846371
0.0,4,90.850666
0.0,4,90.855289
0.0,79,90.940108
0.0,54,90.998815
0.0,5,91.004077
0.0,11,91.015978
0.0,32,91.245104
0.0,27,91.271715
0.0,11,91.283891
0.0,39,91.326611
0.0,3,91.330082
0.0,15,91.34558
0.0,24,91.372367
0.0,15,91.38789
0.0,8,91.396938
0.0,27,91.42468
0.0,5,91.430096
0.0,14,91.445175
1.0,13,91.4601
1.0,23,91.484874
0.0,17,91.502748
0.0,24,91.529178
0.0,6,91.535871
0.0,10,91.546476
0.0,6,91.553043
0.0,32,91.587615
0.0,4,91.59187
0.0,24,91.617795
0.0,92,91.717249
0.0,34,91.754208
0.0,11,91.766182
0.0,23,91.791098
0.0,4,91.795711
0.0,19,91.816116
0.0,14,91.830518
0.0,18,91.850208
0.0,6,91.856912
0.0,5,91.862186
0.0,14,91.877487
0.0,39,91.919944
0.0,21,91.943009
0.0,19,91.963999
1.0,13,91.977814
0.0,13,91.992843
0.0,7,92.001036
0.0,32,92.037959
0.0,4,92.042786
0.0,11,92.054712
0.0,16,92.073257
0.0,8,92.082204
0.0,18,92.101098
0.0,19,92.121892
0.0,37,92.1615
0.0,10,92.172552
0.0,18,92.192267
0.0,20,92.214275
0.0,11,92.226491
0.0,4,92.230925
0.0,8,92.239752
0.0,2,92.241765
0.0,7,92.249596
0.0,4,92.253851
0.0,12,92.266804
0.0,19,92.287179
0.0,12,92.299941
1.0,8,92.30866
0.0,12,92.321983
0.0,10,92.332954
0.0,5,92.340235
1.0,20,92.36113
0.0,12,92.374099
0.0,12,92.387179
0.0,24,92.412845
0.0,33,92.448952
0.0,11,92.461204
0.0,13,92.475224
0.0,34,92.512947
0.0,8,92.521742
0.0,3,92.525217
0.0,37,92.564745
0.0,16,92.581935
0.0,7,92.589829
0.0,13,92.60328
0.0,37,92.66026
0.0,7,92.67379
0.0,27,92.715118
0.0,12,92.73294
0.0,12,92.752435
0.0,5,92.76004
0.0,15,92.784313
0.0,35,92.838223
0.0,5,92.846433
0.0,10,92.865158
0.0,5,92.869877
0.0,6,92.881438
0.0,15,92.902334
0.0,33,92.954645
0.0,37,93.013034
0.0,12,93.033434
0.0,5,93.037839
0.0,3,93.042453
0.0,5,93.050269
0.0,10,93.065313
0.0,12,93.078639
0.0,27,93.107537
0.0,13,93.120631
0.0,10,93.132412
0.0,10,93.142765
0.0,48,93.395693
0.0,6,93.402438
1.0,12,93.415526
0.0,30,93.448532
0.0,64,93.518698
0.0,21,93.541274
0.0,7,93.548693
0.0,17,93.566744
0.0,12,93.580078
0.0,9,93.602128
0.0,3,93.605014
0.0,15,93.630693
0.0,13,93.651489
0.0,9,93.664295
0.0,20,93.695193
0.0,9,93.708622
0.0,57,93.772154
0.0,3,93.775629
0.0,31,93.809575
0.0,5,93.814805
0.0,21,93.837511
0.0,7,93.845422
0.0,15,93.86173
0.0,9,93.870767
0.0,31,93.903467
0.0,3,93.906892
0.0,12,93.919568
0.0,9,93.929275
0.0,3,93.932488
0.0,19,93.953144
0.0,16,93.970409
0.0,5,93.975889
0.0,4,93.980228
0.0,38,94.021305
0.0,25,94.048798
0.0,2,94.050943
0.0,21,94.073602
0.0,6,94.080086
0.0,12,94.092879
0.0,34,94.129846
0.0,8,94.138611
0.0,32,94.173617
0.0,7,94.18132
0.0,22,94.205452
0.0,3,94.208647
0.0,4,94.212909
0.0,50,94.267221
0.0,6,94.273768
1.0,19,94.294637
0.0,14,94.309721
0.0,12,94.323058
0.0,13,94.337042
0.0,8,94.345782
0.0,20,94.368236
0.0,20,94.389724
0.0,29,94.420128
0.0,17,94.438888
0.0,15,94.455048
0.0,16,94.472762
0.0,8,94.481095
0.0,31,94.514791
0.0,17,94.533387
0.0,2,94.53568
0.0,29,94.567323
0.0,20,94.589301
0.0,3,94.5926
0.0,7,94.600086
0.0,27,94.62951
0.0,10,94.640714
0.0,15,94.657527
0.0,40,94.700784
0.0,31,94.735799
0.0,2,94.737792
0.0,8,94.74674
0.0,7,94.754257
0.0,10,94.765215
0.0,25,94.79222
0.0,23,94.818827
0.0,6,94.824821
0.0,31,94.858698
0.0,5,94.864064
0.0,16,94.881476
0.0,11,94.893595
0.0,13,94.907403
0.0,7,94.915096
0.0,11,94.927342
0.0,16,94.945141
0.0,4,94.949448
1.0,10,94.959622
0.0,30,94.992039
0.0,19,95.012295
0.0,21,95.035116
0.0,43,95.081373
0.0,16,95.098872
0.0,13,95.114283
0.0,29,95.144898
0.0,11,95.156959
0.0,18,95.175996
0.0,22,95.200204
0.0,22,95.222806
0.0,15,95.239033
0.0,52,95.490178
0.0,3,95.493407
0.0,10,95.504357
0.0,15,95.519909
0.0,46,95.570307
0.0,10,95.580795
0.0,14,95.595941
0.0,12,95.609402
0.0,17,95.6277
0.0,19,95.649353
0.0,27,95.677686
0.0,22,95.70211
0.0,7,95.710193
1.0,11,95.722457
1.0,21,95.745656
0.0,17,95.763844
0.0,5,95.768846
0.0,24,95.794682
1.0,14,95.80992
0.0,4,95.813796
0.0,28,95.844015
0.0,18,95.865028
0.0,6,95.870913
0.0,9,95.880355
0.0,3,95.883715
1.0,10,95.894919
0.0,6,95.901487
0.0,25,95.928054
0.0,33,95.963916
0.0,14,95.978819
0.0,28,96.009557
0.0,4,96.014017
0.0,29,96.044851
0.0,25,96.072819
0.0,10,96.084091
0.0,10,96.095235
0.0,47,96.146596
0.0,15,96.162465
0.0,36,96.201635
0.0,4,96.205811
0.0,25,96.233982
0.0,6,96.240557
0.0,13,96.254402
0.0,6,96.261808
0.0,29,96.293582
0.0,7,96.301278
0.0,25,96.328772
0.0,3,96.331988
0.0,8,96.340644
0.0,12,96.353862
0.0,32,96.388744
0.0,8,96.396811
0.0,46,96.446949
0.0,6,96.453857
0.0,24,96.480379
0.0,9,96.490787
0.0,27,96.520404
0.0,6,96.527049
0.0,11,96.538131
0.0,36,96.577241
0.0,8,96.585832
0.0,36,96.624485
0.0,7,96.632308
0.0,6,96.639187
0.0,10,96.649918
0.0,14,96.665405
0.0,12,96.678065
0.0,17,96.69671
0.0,27,96.726699
0.0,36,96.765122
0.0,5,96.770556
0.0,42,96.815227
0.0,50,96.868275
0.0,27,96.919485
0.0,26,96.965011
0.0,11,96.983048
0.0,8,96.99657
0.0,4,97.001748
0.0,36,97.061126
0.0,5,97.065772
0.0,24,97.104966
0.0,3,97.107777
0.0,2,97.110864
0.0,22,97.145499
0.0,10,97.160663
0.0,13,97.174577
0.0,14,97.189812
0.0,51,97.245217
0.0,14,97.260233
0.0,7,97.268105
0.0,29,97.299036
0.0,5,97.30449
0.0,7,97.312401
0.0,18,97.331812
0.0,9,97.341945
0.0,9,97.453149
0.0,6,97.496773
0.0,6,97.543055
0.0,20,97.574669
0.0,9,97.586317
0.0,21,97.621166
0.0,7,97.634498
0.0,25,97.668254
0.0,7,97.678171
0.0,16,97.704682
0.0,4,97.709178
0.0,12,97.729289
0.0,19,97.756374
0.0,3,97.762196
0.0,2,97.764596
0.0,14,97.788585
0.0,30,97.832329
0.0,45,97.901859
0.0,25,97.945501
0.0,17,97.970867
0.0,4,97.977942
0.0,7,97.990297
0.0,13,98.013497
0.0,16,98.034656
0.0,13,98.055503
0.0,4,98.064668
0.0,6,98.070984
0.0,5,98.08096
0.0,8,98.089962
0.0,11,98.109401
0.0,35,98.156721
0.0,22,98.192336
0.0,7,98.200303
0.0,10,98.218944
0.0,30,98.26195
0.0,8,98.275292
0.0,13,98.295613
0.0,4,98.302605
1.0,21,98.335984
0.0,9,98.35071
1.0,12,98.368999
0.0,4,98.373578
0.0,5,98.383968
0.0,9,98.393998
0.0,10,98.409631
0.0,7,98.421721
0.0,10,98.437234
0.0,12,98.454476
1.0,12,98.470751
0.0,12,98.488232
0.0,3,98.493425
0.0,4,98.500023
0.0,12,98.519193
0.0,9,98.53263
0.0,9,98.547035
0.0,16,98.571333
0.0,54,98.654289
0.0,14,98.677248
0.0,5,98.682949
0.0,15,98.706298
0.0,5,98.714303
0.0,21,98.748898
1.0,70,98.858112
0.0,19,98.883355
0.0,14,98.910966
0.0,27,98.949923
0.0,4,98.956122
0.0,6,98.967073
0.0,22,98.995786
0.0,30,99.046033
0.0,12,99.062381
0.0,48,99.135935
0.0,19,99.162502
0.0,17,99.189046
0.0,23,99.223956
0.0,6,99.233343
0.0,7,99.243449
0.0,35,99.297326
0.0,3,99.303154
0.0,31,99.352786
0.0,5,99.357475
0.0,10,99.373432
0.0,23,99.407917
0.0,11,99.426296
0.0,13,99.446093
0.0,14,99.478158
0.0,17,99.654909
0.0,41,99.706434
0.0,10,99.722863
0.0,5,99.730734
0.0,34,99.781455
0.0,54,99.863456
0.0,3,99.869695
0.0,24,99.904423
0.0,9,99.920606
0.0,18,99.949205
0.0,4,99.953491
0.0,3,99.958501
0.0,16,99.985119
0.0,8,99.995728
0.0,10,100.015627
0.0,37,100.074353
1.0,20,100.105515
0.0,13,100.126396
0.0,2,100.128783
0.0,14,100.152665
0.0,35,100.202708
0.0,10,100.215502
0.0,11,100.234879
0.0,9,100.245142
0.0,10,100.265133
0.0,4,100.269601
0.0,10,100.284686
0.0,4,100.28928
0.0,3,100.295733
0.0,86,100.425404
0.0,14,100.447213
0.0,12,100.469463
0.0,24,100.509425
0.0,25,100.54546
0.0,17,100.570285
0.0,13,100.589365
0.0,13,100.614793
0.0,24,100.654669
0.0,6,100.661058
0.0,3,100.666825
0.0,8,100.679064
0.0,11,100.697039
0.0,7,100.706875
0.0,10,100.719243
0.0,6,100.727606
0.0,8,100.741817
0.0,11,100.758401
0.0,11,100.772569
0.0,7,100.78701
0.0,19,100.813492
0.0,13,100.837028
0.0,7,100.847721
0.0,18,100.87223
0.0,24,100.913948
0.0,35,100.968242
0.0,14,100.993914
0.0,16,101.016811
0.0,17,101.045803
0.0,11,101.060632
0.0,22,101.095716
0.0,8,101.109195
0.0,6,101.117737
0.0,30,101.16572
0.0,8,101.179437
0.0,13,101.199128
0.0,14,101.219041
0.0,6,101.231797
0.0,2,101.234143
0.0,37,101.284856
0.0,41,101.347278
0.0,3,101.353338
0.0,13,101.37705
0.0,7,101.387728
0.0,6,101.396774
0.0,3,101.399816
0.0,6,101.411498
0.0,20,101.439049
0.0,14,101.463529
0.0,55,101.544792
0.0,22,101.656673
0.0,7,101.756705
0.0,13,101.776747
0.0,18,101.799193
0.0,10,101.817926
0.0,8,101.830969
0.0,7,101.839009
0.0,6,101.850431
0.0,44,101.913467
1.0,14,101.937177
1.0,7,101.945502
0.0,5,101.955289
0.0,17,101.982718
0.0,14,102.002128
0.0,4,102.006772
0.0,8,102.01844
0.0,21,102.050134
0.0,45,102.119303
0.0,6,102.128427
0.0,17,102.157958
0.0,14,102.175406
0.0,11,102.194573
1.0,34,102.245613
0.0,6,102.254014
0.0,4,102.260607
0.0,12,102.279181
0.0,9,102.291372
0.0,13,102.312609
0.0,23,102.350244
0.0,6,102.357109
0.0,6,102.3662
0.0,7,102.376023
0.0,16,102.400858
0.0,16,102.425941
0.0,6,102.434031
0.0,4,102.438663
0.0,15,102.462454
0.0,3,102.467292
0.0,14,102.492841
0.0,2,102.49516
0.0,3,102.497978
0.0,4,102.5035
0.0,3,102.507032
0.0,23,102.54481
0.0,7,102.556807
0.0,3,102.560302
0.0,14,102.580316
0.0,22,102.613344
0.0,4,102.623669
0.0,31,102.668405
0.0,6,102.677928
0.0,73,102.792711
1.0,29,102.83687
0.0,41,102.898084
0.0,9,102.910273
0.0,12,102.931947
0.0,13,102.948274
0.0,34,103.004647
0.0,6,103.015503
0.0,11,103.031684
0.0,9,103.04609
0.0,14,103.065303
0.0,8,103.080049
0.0,9,103.090204
0.0,10,103.107043
0.0,14,103.12595
0.0,19,103.155611
0.0,17,103.180287
0.0,51,103.257139
0.0,5,103.267047
0.0,3,103.27167
0.0,19,103.306838
0.0,13,103.326964
1.0,10,103.350378
0.0,3,103.356153
0.0,23,103.396858
0.0,10,103.413955
0.0,6,103.424361
0.0,3,103.427827
0.0,7,103.444262
0.0,18,103.468815
0.0,7,103.483088
0.0,14,103.50424
0.0,20,103.53343
0.0,100,103.854694
0.0,4,103.858888
0.0,7,103.867947
0.0,14,103.88909
0.0,7,103.897197
0.0,32,103.95028
0.0,9,103.964265
0.0,19,103.994431
0.0,17,104.022755
0.0,6,104.029562
0.0,10,104.046646
0.0,19,104.077096
0.0,5,104.08567
0.0,14,104.108876
0.0,7,104.118229
0.0,6,104.125613
0.0,4,104.134658
0.0,37,104.189965
0.0,5,104.196635
0.0,9,104.211031
0.0,11,104.227602
0.0,27,104.264548
1.0,6,104.273983
0.0,31,104.323847
0.0,89,104.458389
0.0,79,104.543897
0.0,6,104.550291
0.0,20,104.572016
0.0,25,104.599212
0.0,12,104.61182
0.0,6,104.618489
0.0,17,104.636634
0.0,31,104.67073
0.0,7,104.678713
0.0,18,104.698598
0.0,16,104.716933
0.0,13,104.731723
0.0,7,104.73912
0.0,31,104.772925
0.0,36,104.811818
0.0,24,104.848427
0.0,18,104.880482
0.0,26,104.923331
0.0,13,104.944143
0.0,28,104.988543
0.0,17,105.015057
0.0,22,105.053119
0.0,3,105.055633
0.0,6,105.063722
1.0,6,105.073259
0.0,5,105.081066
0.0,8,105.094471
0.0,19,105.125043
0.0,15,105.147057
0.0,38,105.205325
0.0,18,105.233383
0.0,28,105.276738
0.0,24,105.314023
0.0,9,105.328
0.0,34,105.383033
0.0,16,105.405833
0.0,32,105.456281
0.0,8,105.468246
0.0,7,105.483228
0.0,8,105.496026
0.0,19,105.524242
0.0,5,105.530727
0.0,14,105.553041
0.0,2,105.555609
0.0,11,105.575049
0.0,11,105.590326
0.0,12,105.608897
0.0,15,105.633677
0.0,75,105.744032
0.0,14,105.956042
0.0,12,105.965945
0.0,18,105.985607
0.0,8,105.994621
0.0,16,106.012088
0.0,18,106.030891
0.0,45,106.082111
0.0,15,106.097469
0.0,7,106.104911
0.0,6,106.111605
0.0,2,106.113915
0.0,17,106.132467
0.0,10,106.143049
0.0,83,106.23209
0.0,7,106.239657
0.0,40,106.283078
0.0,14,106.298218
0.0,7,106.305658
0.0,15,106.321968
0.0,8,106.330665
0.0,12,106.344604
0.0,8,106.35339
0.0,13,106.367558
0.0,12,106.380466
0.0,12,106.39378
0.0,24,106.420367
0.0,8,106.429225
0.0,3,106.4326
0.0,3,106.435759
0.0,5,106.441198
0.0,5,106.446692
0.0,11,106.459123
0.0,18,106.479212
0.0,3,106.482665
0.0,26,106.519144
0.0,32,106.571436
0.0,16,106.594563
0.0,8,106.606154
0.0,15,106.629445
0.0,6,106.638804
0.0,9,106.654566
0.0,39,106.716143
0.0,14,106.738529
0.0,9,106.753891
0.0,7,106.765943
0.0,3,106.769391
0.0,3,106.772635
0.0,10,106.788492
0.0,27,106.827062
0.0,9,106.84219
0.0,6,106.851284
0.0,14,106.874208
0.0,24,106.911923
0.0,12,106.934939
0.0,76,107.047893
0.0,19,107.073164
0.0,13,107.095192
0.0,4,107.104501
0.0,5,107.10972
0.0,32,107.156287
0.0,5,107.166753
0.0,10,107.179838
0.0,22,107.216222
0.0,7,107.224156
0.0,10,107.237365
1.0,9,107.251493
0.0,4,107.257171
0.0,38,107.316178
0.0,6,107.327048
0.0,7,107.337942
0.0,100,107.494975
0.0,5,107.500458
0.0,34,107.550196
0.0,14,107.571268
0.0,4,107.576938
0.0,10,107.592758
0.0,5,107.60333
0.0,5,107.610089
0.0,4,107.617692
0.0,10,107.637003
0.0,9,107.650446
0.0,29,107.692992
0.0,61,107.792015
0.0,19,107.818485
0.0,19,107.843858
0.0,11,107.915956
0.0,5,108.056638
0.0,5,108.062502
0.0,13,108.084019
0.0,37,108.138866
0.0,19,108.168431
0.0,29,108.213938
0.0,25,108.254613
0.0,5,108.264706
0.0,7,108.271746
0.0,7,108.282923
0.0,9,108.296993
0.0,17,108.325992
0.0,17,108.349802
0.0,57,108.438444
0.0,3,108.443587
0.0,8,108.457093
0.0,7,108.467238
0.0,14,108.487887
0.0,3,108.492586
0.0,15,108.515931
0.0,32,108.565739
0.0,56,108.641945
0.0,20,108.664627
0.0,15,108.679934
1.0,9,108.690041
0.0,20,108.722844
0.0,51,108.79964
0.0,18,108.83144
0.0,9,108.843746
0.0,18,108.869631
0.0,15,108.893129
0.0,5,108.901018
0.0,7,108.913236
0.0,18,108.940381
0.0,12,108.958804
0.0,15,108.983553
0.0,20,109.013365
0.0,11,109.030828
0.0,17,109.057023
0.0,25,109.100594
0.0,19,109.125399
0.0,9,109.139849
0.0,17,109.16575
0.0,11,109.182623
0.0,21,109.215297
0.0,9,109.229327
0.0,11,109.246599
0.0,8,109.259021
1.0,13,109.279233
0.0,10,109.294933
0.0,16,109.319633
0.0,3,109.324576
0.0,20,109.35583
0.0,34,109.411945
0.0,16,109.434624
0.0,15,109.458004
0.0,11,109.474105
0.0,16,109.508086
0.0,7,109.524177
0.0,8,109.534595
0.0,7,109.547997
0.0,20,109.581461
1.0,21,109.615873
0.0,4,109.640946
0.0,20,109.669843
0.0,12,109.688487
0.0,20,109.723007
0.0,10,109.738747
0.0,6,109.748447
0.0,25,109.787939
0.0,3,109.792681
0.0,9,109.806733
0.0,13,109.827667
0.0,4,109.833419
0.0,4,109.83965
0.0,20,109.871475
0.0,31,109.914481
0.0,7,109.921009
0.0,14,109.936359
0.0,16,109.953541
0.0,34,110.186364
0.0,21,110.208973
0.0,7,110.216809
0.0,7,110.22443
0.0,15,110.240344
0.0,3,110.243833
0.0,27,110.272839
0.0,33,110.30879
0.0,45,110.356753
0.0,7,110.364186
0.0,6,110.370748
0.0,5,110.376176
0.0,25,110.402548
0.0,29,110.434306
0.0,6,110.441872
0.0,10,110.453886
0.0,13,110.467873
0.0,6,110.474522
0.0,5,110.479755
0.0,20,110.502089
0.0,13,110.51564
0.0,48,110.567761
0.0,28,110.597935
0.0,11,110.60936
0.0,27,110.638522
0.0,58,110.703256
0.0,5,110.708095
0.0,14,110.723313
0.0,9,110.737175
0.0,4,110.741208
1.0,18,110.768479
0.0,14,110.79048
0.0,10,110.806038
0.0,18,110.834428
0.0,7,110.845198
0.0,7,110.857841
0.0,28,110.899989
0.0,12,110.923804
0.0,8,110.932775
0.0,13,110.952949
0.0,13,110.974807
0.0,28,111.016974
0.0,12,111.034028
0.0,6,111.043453
0.0,44,111.112072
0.0,4,111.1215
0.0,26,111.16267
0.0,22,111.194702
0.0,5,111.204703
0.0,7,111.212649
0.0,16,111.239058
0.0,12,111.255952
0.0,31,111.301739
0.0,3,111.305252
0.0,28,111.354673
0.0,9,111.364491
0.0,50,111.441441
0.0,11,111.460583
0.0,8,111.468798
0.0,7,111.482437
0.0,31,111.527707
0.0,20,111.558851
0.0,35,111.61383
0.0,6,111.625732
0.0,25,111.661567
0.0,18,111.69144
0.0,9,111.704026
0.0,4,111.709858
0.0,39,111.772139
0.0,20,111.804449
0.0,4,111.81044
0.0,28,111.853031
0.0,9,111.866202
0.0,22,111.903223
0.0,25,111.94223
0.0,13,111.961423
0.0,17,111.985799
0.0,10,112.005407
0.0,12,112.020185
0.0,44,112.263904
0.0,3,112.267656
0.0,7,112.27655
0.0,8,112.288998
0.0,31,112.336856
0.0,44,112.405918
1.0,28,112.448264
0.0,17,112.477226
0.0,12,112.495227
0.0,16,112.518635
0.0,10,112.53485
1.0,15,112.557441
0.0,12,112.576086
0.0,2,112.579274
0.0,4,112.585552
0.0,22,112.624191
0.0,11,112.637672
0.0,6,112.646847
0.0,30,112.693418
0.0,26,112.736652
0.0,3,112.739744
0.0,11,112.760814
0.0,18,112.785851
0.0,3,112.789752
0.0,18,112.817731
1.0,14,112.841441
0.0,55,112.925407
0.0,6,112.937232
0.0,14,112.956051
1.0,21,112.988726
0.0,19,113.018999
0.0,13,113.039185
0.0,7,113.050129
0.0,6,113.059595
0.0,32,113.109263
0.0,2,113.112545
0.0,4,113.118822
0.0,15,113.143049
0.0,10,113.157872
0.0,10,113.173421
0.0,26,113.214841
0.0,21,113.247639
0.0,18,113.27484
0.0,5,113.286416
0.0,8,113.296641
0.0,5,113.302804
0.0,6,113.314445
0.0,22,113.346857
0.0,12,113.365228
0.0,28,113.408309
0.0,4,113.415996
0.0,7,113.426881
0.0,6,113.437455
0.0,17,113.467585
0.0,2,113.469616
0.0,4,113.473716
0.0,17,113.50878
0.0,18,113.544864
0.0,23,113.587562
0.0,18,113.62058
0.0,18,113.659061
0.0,6,113.670597
0.0,5,113.676566
0.0,4,113.682286
0.0,6,113.693729
0.0,17,113.727803
0.0,8,113.737853
0.0,15,113.765492
0.0,12,113.787511
0.0,53,113.889073
0.0,5,113.894708
0.0,26,113.987123
0.0,20,114.06547
0.0,11,114.085768
0.0,24,114.14669
0.0,7,114.158962
0.0,6,114.364383
0.0,15,114.384821
0.0,38,114.44961
0.0,5,114.462468
0.0,4,114.466778
0.0,7,114.478118
0.0,31,114.539134
0.0,29,114.595177
0.0,18,114.62688
0.0,37,114.700465
0.0,6,114.708206
0.0,33,114.76738
0.0,12,114.785239
0.0,7,114.797666
0.0,22,114.839426
0.0,27,114.888675
0.0,5,114.894516
0.0,6,114.909405
0.0,25,114.950044
0.0,35,115.016171
0.0,21,115.050493
0.0,5,115.062171
0.0,32,115.11725
0.0,37,115.189621
0.0,6,115.203172
0.0,18,115.237484
0.0,11,115.257908
0.0,17,115.289282
0.0,51,115.388608
0.0,35,115.45706
0.0,30,115.515492
0.0,13,115.538152
0.0,16,115.567989
0.0,9,115.584563
0.0,11,115.604088
0.0,8,115.618212
0.0,15,115.646176
0.0,6,115.657287
0.0,39,115.727544
0.0,100,115.918712
0.0,12,115.945284
0.0,12,115.966177
0.0,18,115.997227
0.0,8,116.011264
0.0,12,116.031922
1.0,16,116.064792
0.0,29,116.112311
0.0,7,116.126183
0.0,26,116.169543
0.0,4,116.173414
0.0,25,116.214522
0.0,2,116.217099
0.0,12,116.236714
0.0,14,116.261223
0.0,6,116.297586
0.0,10,116.4659
0.0,29,116.506915
0.0,12,116.526797
0.0,41,116.59384
0.0,13,116.611911
0.0,12,116.629593
0.0,26,116.673665
0.0,4,116.678053
0.0,17,116.698978
0.0,18,116.726782
0.0,4,116.73281
0.0,31,116.785715
0.0,5,116.791443
0.0,17,116.813448
0.0,4,116.819903
0.0,5,116.827311
0.0,17,116.854894
0.0,13,116.877114
0.0,5,116.882889
0.0,6,116.891073
0.0,7,116.896791
0.0,15,116.919071
0.0,3,116.923913
0.0,4,116.930322
0.0,26,116.972237
0.0,7,116.983236
0.0,18,117.009801
0.0,15,117.032627
0.0,6,117.042032
0.0,14,117.064396
0.0,5,117.072418
0.0,4,117.078203
0.0,3,117.083309
0.0,14,117.106188
0.0,10,117.123631
0.0,4,117.128234
0.0,7,117.136078
0.0,9,117.150162
0.0,7,117.161463
1.0,10,117.179158
0.0,21,117.208406
0.0,9,117.223304
0.0,25,117.26279
0.0,35,117.319076
0.0,17,117.338934
0.0,20,117.371433
0.0,9,117.388169
0.0,32,117.436003
0.0,10,117.451568
1.0,30,117.495422
0.0,59,117.585505
0.0,8,117.596411
0.0,14,117.61817
1.0,31,117.665401
0.0,9,117.679125
0.0,52,117.758336
0.0,30,117.80518
0.0,37,117.860725
0.0,25,117.895915
1.0,35,117.95224
0.0,12,117.968623
0.0,18,117.996847
0.0,26,118.037034
0.0,15,118.063229
0.0,13,118.083948
0.0,13,118.100329
0.0,4,118.105691
0.0,7,118.111573
0.0,13,118.126597
0.0,21,118.149741
1.0,18,118.168623
0.0,11,118.180308
0.0,15,118.19585
0.0,10,118.206695
0.0,20,118.228741
0.0,2,118.231099
0.0,5,118.236663
0.0,72,118.314719
0.0,6,118.321391
0.0,16,118.338976
0.0,13,118.35322
0.0,25,118.578992
0.0,58,118.665916
0.0,30,118.699042
0.0,17,118.718086
0.0,5,118.723372
0.0,35,118.761311
0.0,11,118.773587
0.0,26,118.801322
0.0,37,118.840791
0.0,3,118.845644
0.0,51,118.898576
0.0,23,118.923208
0.0,7,118.931067
0.0,4,118.935432
0.0,58,118.999135
0.0,18,119.018934
0.0,41,119.063722
0.0,21,119.09286
0.0,12,119.11303
0.0,49,119.187459
0.0,30,119.234736
0.0,7,119.244881
0.0,21,119.277342
0.0,31,119.325949
0.0,34,119.378184
0.0,46,119.450241
0.0,27,119.493551
0.0,9,119.507202
0.0,25,119.54856
0.0,32,119.598367
0.0,26,119.635226
0.0,13,119.655152
0.0,31,119.704448
0.0,13,119.72739
0.0,47,119.795714
0.0,13,119.81706
0.0,9,119.833663
0.0,6,119.840542
0.0,48,119.91276
0.0,4,119.918834
0.0,27,119.96102
0.0,24,119.997144
0.0,5,120.006848
0.0,38,120.066812
0.0,14,120.086246
0.0,6,120.096753
0.0,11,120.113886
0.0,32,120.159389
0.0,9,120.174269
0.0,17,120.201746
0.0,10,120.218432
0.0,20,120.246272
0.0,15,120.270194
0.0,9,120.283215
1.0,13,120.303474
0.0,7,120.314456
0.0,20,120.347972
0.0,8,120.359115
0.0,6,120.365872
0.0,13,120.385459
0.0,8,120.401966
0.0,7,120.409824
0.0,4,120.416749
0.0,11,120.436057
0.0,6,120.442808
0.0,2,120.445176
0.0,21,120.665809
0.0,33,120.715219
0.0,30,120.763223
0.0,11,120.779592
0.0,21,120.813683
0.0,20,120.845091
0.0,5,120.856297
0.0,6,120.861511
0.0,19,120.893047
0.0,4,120.898223
0.0,3,120.902156
0.0,7,120.913147
0.0,13,120.933491
0.0,8,120.946244
0.0,8,120.958863
0.0,40,121.004556
0.0,34,121.040882
0.0,18,121.060128
0.0,6,121.066183
0.0,24,121.092883
0.0,5,121.098038
0.0,13,121.111757
0.0,9,121.121699
0.0,16,121.139068
0.0,17,121.156589
0.0,9,121.166363
0.0,11,121.178711
0.0,33,121.215923
0.0,4,121.220537
0.0,22,121.244498
0.0,15,121.260925
0.0,13,121.274945
0.0,16,121.291714
1.0,8,121.300113
0.0,24,121.326268
0.0,6,121.33291
0.0,6,121.339683
0.0,43,121.386606
0.0,2,121.388566
0.0,14,121.403545
0.0,36,121.442901
0.0,3,121.446265
0.0,10,121.456951
0.0,6,121.463662
0.0,10,121.474892
0.0,46,121.5258
0.0,6,121.532526
0.0,5,121.537378
0.0,7,121.545175
0.0,9,121.555097
0.0,10,121.565782
0.0,12,121.579077
1.0,10,121.59021
0.0,4,121.594635
0.0,22,121.618723
0.0,17,121.63679
0.0,15,121.653433
0.0,8,121.662053
0.0,12,121.675668
0.0,29,121.706557
0.0,31,121.739585
0.0,20,121.761298
0.0,16,121.778652
0.0,10,121.788961
0.0,7,121.796339
0.0,26,121.823543
0.0,6,121.830373
0.0,6,121.837102
0.0,55,121.896982
0.0,10,121.907985
0.0,5,121.913393
0.0,14,121.929247
0.0,15,121.944921
0.0,8,121.955684
0.0,5,121.95978
0.0,16,121.977681
0.0,18,121.996821
0.0,14,122.012135
0.0,33,122.048028
0.0,15,122.064411
0.0,16,122.082206
0.0,16,122.100011
0.0,7,122.10791
0.0,4,122.112494
0.0,20,122.133831
0.0,18,122.153661
0.0,32,122.189457
0.0,34,122.225556
0.0,5,122.231152
0.0,15,122.247681
0.0,10,122.258093
0.0,33,122.29416
0.0,20,122.322675
0.0,6,122.333688
0.0,28,122.376508
1.0,16,122.403242
0.0,7,122.412016
1.0,6,122.422438
0.0,16,122.446177
0.0,22,122.479989
0.0,8,122.492476
0.0,6,122.504436
0.0,5,122.509655
0.0,61,122.769563
0.0,5,122.774127
0.0,17,122.793062
0.0,12,122.806367
0.0,11,122.81846
0.0,4,122.823025
0.0,19,122.843648
0.0,55,122.903197
0.0,10,122.913744
0.0,8,122.922252
0.0,17,122.941236
0.0,9,122.950938
0.0,6,122.957025
1.0,49,123.010171
0.0,13,123.025827
0.0,3,123.028295
0.0,18,123.046824
0.0,8,123.055692
0.0,10,123.066483
0.0,3,123.069942
0.0,10,123.081172
0.0,13,123.095485
0.0,35,123.133404
0.0,13,123.147533
0.0,4,123.152118
0.0,23,123.187494
0.0,10,123.206804
0.0,11,123.224785
0.0,4,123.231855
0.0,17,123.260981
0.0,7,123.275278
0.0,5,123.280173
0.0,4,123.290815
0.0,36,123.344765
0.0,31,123.393745
0.0,6,123.401624
0.0,38,123.462246
0.0,11,123.478303
0.0,5,123.486661
0.0,11,123.503455
0.0,12,123.52579
0.0,35,123.575114
0.0,17,123.601423
0.0,13,123.625674
0.0,9,123.635908
0.0,15,123.660456
0.0,46,123.732784
0.0,11,123.749245
0.0,26,123.785597
0.0,15,123.810029
0.0,29,123.854325
0.0,20,123.887926
0.0,18,123.914046
0.0,13,123.934817
0.0,15,123.955016
0.0,13,123.976554
0.0,37,124.030742
0.0,7,124.040958
0.0,29,124.086182
0.0,15,124.11263
0.0,27,124.152519
0.0,27,124.194789
0.0,19,124.221188
0.0,6,124.231178
0.0,72,124.339398
0.0,37,124.397703
0.0,8,124.410022
0.0,12,124.428917
0.0,16,124.455674
0.0,19,124.482313
0.0,13,124.504689
0.0,36,124.556182
0.0,6,124.565924
0.0,16,124.593085
0.0,29,124.634436
0.0,16,124.658466
0.0,19,124.795485
0.0,10,124.874686
0.0,34,124.919899
0.0,66,125.027968
0.0,16,125.045977
0.0,20,125.079328
0.0,10,125.095502
0.0,25,125.135007
0.0,10,125.151071
0.0,8,125.160259
0.0,12,125.17789
0.0,10,125.195042
0.0,43,125.25783
0.0,4,125.264453
0.0,6,125.273506
0.0,9,125.286194
0.0,8,125.303538
0.0,5,125.309202
0.0,5,125.314881
0.0,30,125.362951
0.0,14,125.384676
0.0,28,125.424485
0.0,20,125.457767
0.0,61,125.546293
0.0,21,125.584677
0.0,20,125.617051
0.0,65,125.712927
0.0,47,125.782479
0.0,10,125.799295
0.0,18,125.831713
0.0,15,125.855503
0.0,7,125.86681
0.0,3,125.870298
0.0,9,125.88587
0.0,6,125.895672
0.0,10,125.911517
0.0,7,125.924575
0.0,20,125.956024
0.0,9,125.971459
0.0,35,126.016565
0.0,4,126.025786
0.0,15,126.049272
0.0,13,126.071299
0.0,40,126.134888
0.0,25,126.171681
0.0,29,126.212635
0.0,5,126.222933
0.0,4,126.227261
0.0,17,126.252286
0.0,4,126.25844
0.0,27,126.299452
0.0,3,126.30529
0.0,21,126.337999
0.0,9,126.35032
0.0,28,126.392473
0.0,8,126.407325
0.0,14,126.427468
0.0,11,126.439808
0.0,13,126.460061
0.0,15,126.48316
0.0,13,126.503113
0.0,29,126.547634
0.0,11,126.564715
0.0,4,126.571157
0.0,10,126.586707
0.0,12,126.605203
0.0,20,126.636465
0.0,27,126.681438
0.0,57,126.68486
0.0,14,126.685374
0.0,25,126.686162
0.0,39,126.687342
0.0,15,126.687841
0.0,15,126.688328
0.0,6,126.688573
0.0,16,126.689088
0.0,18,126.689674
0.0,4,126.689853
0.0,31,126.690804
0.0,18,126.692789
0.0,3,126.69294
0.0,56,126.694607
0.0,3,126.694758
0.0,17,126.695302
0.0,3,126.701049
0.0,15,126.701555
0.0,8,126.701849
0.0,7,126.702111
0.0,6,126.702352
0.0,16,126.702873
0.0,40,126.710525
0.0,11,126.710904
0.0,12,126.711308
0.0,23,126.712034
0.0,18,126.716244
0.0,9,126.716578
0.0,28,126.717451
0.0,35,126.7235
0.0,78,126.73023
0.0,46,126.731619
0.0,26,126.737059
0.0,10,126.737425
0.0,7,126.737711
0.0,9,126.738033
0.0,23,126.738759
0.0,28,126.744613
0.0,63,126.749914
0.0,33,126.750935
0.0,27,126.756424
0.0,18,126.757004
0.0,21,126.75768
0.0,60,126.764449
0.0,9,126.764771
0.0,4,126.764949
0.0,18,126.769961
0.0,17,126.770529
0.0,17,126.771074
0.0,14,126.771545
0.0,21,126.772205
0.0,7,126.785495
0.0,5,126.785799
0.0,9,126.786124
0.0,5,126.78633
0.0,41,126.787592
0.0,25,126.790387
0.0,11,126.790766
0.0,12,126.791173
0.0,4,126.79136
0.0,3,126.79151
0.0,7,126.791772
0.0,4,126.79195
0.0,15,126.794455
0.0,7,126.794725
0.0,42,126.797012
0.0,14,126.797492
0.0,18,126.798077
0.0,15,126.800589
0.0,42,126.801874
0.0,13,126.802314
0.0,6,126.80456
0.0,35,126.806629
0.0,6,126.806866
0.0,17,126.807428
0.0,8,126.807725
0.0,3,126.807876
0.0,37,126.811015
0.0,12,126.811442
0.0,36,126.814554
0.0,3,126.814706
0.0,10,126.815054
0.0,13,126.816504
0.0,6,126.816741
0.0,3,126.81689
0.0,18,126.817473
0.0,3,126.817625
0.0,5,126.81783
0.0,14,126.818288
0.0,13,126.820736
0.0,8,126.821027
0.0,5,126.821232
0.0,17,126.821788
0.0,8,126.82208
0.0,8,126.824382
0.0,22,126.825077
0.0,55,126.827737
0.0,40,126.830963
0.0,13,126.831415
0.0,53,126.835011
0.0,7,126.835276
0.0,37,126.837408
0.0,38,126.840563
0.0,9,126.840884
0.0,76,126.845134
0.0,17,126.846707
0.0,12,126.847119
0.0,19,126.84774
0.0,22,126.850455
0.0,40,126.851681
0.0,10,126.852038
0.0,18,126.854629
0.0,19,126.855235
0.0,8,126.858541
0.0,60,126.860318
0.0,3,126.862482
0.0,24,126.863238
0.0,10,126.863601
0.0,31,126.865571
0.0,14,126.866041
0.0,46,126.869449
0.0,16,126.869977
0.0,33,126.873876
0.0,11,126.874261
0.0,13,126.874713
0.0,12,126.875123
0.0,24,126.875894
0.0,8,126.87619
0.0,16,126.876727
0.0,17,126.877281
0.0,28,126.878161
0.0,35,126.87924
0.0,21,126.879923
0.0,52,126.881504
0.0,34,126.882555
0.0,28,126.883433
0.0,28,126.884301
0.0,21,126.884977
0.0,27,126.885835
0.0,6,126.886169
0.0,4,126.886358
0.0,54,126.887984
0.0,17,126.888547
0.0,15,126.889043
0.0,13,126.889492
0.0,4,126.889672
0.0,19,126.89028
0.0,72,126.892436
0.0,12,126.892848
0.0,10,126.893201
0.0,18,126.893797
0.0,11,126.894179
0.0,13,126.894627
0.0,3,126.894778
0.0,71,126.896896
0.0,7,126.897161
0.0,7,126.897439
0.0,14,126.897905
0.0,19,126.898522
0.0,10,126.898874
0.0,10,126.899225
0.0,25,126.900013
0.0,6,126.900251
0.0,8,126.900556
0.0,94,126.903323
0.0,61,126.905154
0.0,10,126.905524
0.0,9,126.905848
0.0,44,126.907176
0.0,3,126.907328
0.0,9,126.907662
0.0,49,126.909141
0.0,47,126.910571
0.0,7,126.910838
0.0,5,126.911048
0.0,11,126.911443
0.0,27,126.912287
0.0,9,126.912623
0.0,14,126.913088
0.0,6,126.913325
0.0,11,126.913716
0.0,14,126.914181
0.0,22,126.914882
0.0,18,126.915482
0.0,13,126.91592
0.0,42,126.917195
0.0,3,126.917359
0.0,5,126.917571
0.0,8,126.917864
0.0,20,126.918511
0.0,6,126.91875
0.0,3,126.9189
0.0,5,126.919107
0.0,16,126.919646
0.0,28,126.920528
0.0,9,126.920853
0.0,22,126.921563
0.0,5,126.921774
0.0,12,126.922181
0.0,3,126.922332
0.0,7,126.92261
0.0,29,126.923514
0.0,8,126.923812
0.0,11,126.924191
0.0,16,126.924725
0.0,4,126.924905
0.0,78,126.927224
0.0,14,126.927708
0.0,28,126.928588
0.0,23,126.929309
0.0,14,126.929787
0.0,51,126.931315
0.0,4,126.931506
0.0,3,126.931659
0.0,6,126.931895
0.0,9,126.932218
0.0,26,126.933038
0.0,36,126.934146
0.0,12,126.934567
0.0,9,126.934888
0.0,42,126.936168
0.0,49,126.93765
0.0,6,126.937889
0.0,17,126.938452
0.0,27,126.939288
0.0,44,126.940635
0.0,8,126.94093
0.0,7,126.941195
0.0,21,126.941874
0.0,36,126.942978
0.0,10,126.943329
0.0,34,126.944384
0.0,46,126.945781
0.0,5,126.945991
0.0,3,126.946143
0.0,10,126.946506
0.0,3,126.946658
0.0,10,126.947007
0.0,10,126.94737
0.0,22,126.948064
0.0,7,126.94833
0.0,22,126.949034
0.0,7,126.9493
0.0,6,126.94955
0.0,22,126.950247
0.0,39,126.951452
0.0,5,126.951663
0.0,31,126.952625
0.0,9,126.952949
0.0,5,126.953156
0.0,3,126.953305
0.0,52,126.954871
0.0,6,126.95511
0.0,54,126.956743
0.0,33,126.95777
0.0,14,126.958255
0.0,16,126.958791
0.0,38,126.959955
0.0,5,126.960165
0.0,12,126.960585
0.0,15,126.961082
0.0,17,126.961648
0.0,9,126.961971
0.0,16,126.962507
0.0,54,126.964128
0.0,43,126.96545
0.0,40,126.966662
0.0,43,126.967971
0.0,11,126.96836
0.0,11,126.968741
0.0,10,126.969092
0.0,51,126.970628
0.0,34,126.971682
0.0,29,126.972589
0.0,26,126.973411
0.0,11,126.973793
0.0,8,126.974086
0.0,16,126.974618
0.0,12,126.975028
0.0,26,126.975851
0.0,3,126.976003
0.0,3,126.976154
0.0,51,126.977697
0.0,35,126.978777
0.0,52,126.980343
0.0,17,126.980906
0.0,6,126.981144
0.0,28,126.982023
0.0,4,126.982205
0.0,6,126.982453
0.0,14,126.982919
0.0,5,126.983127
0.0,28,126.984004
0.0,11,126.9844
0.0,10,126.984752
0.0,39,126.985947
0.0,16,126.986587
0.0,4,126.98677
0.0,16,126.987296
0.0,18,126.987892
0.0,28,126.988774
0.0,61,126.990613
0.0,10,126.990967
0.0,3,126.991117
0.0,86,126.993681
0.0,35,126.994765
0.0,11,126.995146
0.0,28,126.996033
0.0,31,126.996997
0.0,23,126.997738
0.0,26,126.998562
0.0,17,126.999116
0.0,15,126.999627
0.0,7,126.999895
0.0,5,127.000103
0.0,17,127.000666
0.0,56,127.002361
0.0,14,127.002831
0.0,6,127.003068
0.0,62,127.00493
0.0,15,127.005445
0.0,5,127.005655
0.0,6,127.005892
0.0,35,127.00697
0.0,4,127.007151
0.0,8,127.00746
0.0,21,127.008126
0.0,32,127.00912
0.0,6,127.009372
0.0,16,127.009895
0.0,39,127.011086
0.0,6,127.011325
0.0,17,127.01189
0.0,39,127.01308
0.0,18,127.013678
0.0,26,127.014498
0.0,14,127.014966
0.0,57,127.01669
0.0,10,127.017043
0.0,4,127.017222
0.0,7,127.017502
0.0,8,127.017797
0.0,12,127.018207
0.0,11,127.018599
0.0,22,127.019294
0.0,62,127.021157
0.0,9,127.021496
0.0,7,127.021763
0.0,22,127.022471
0.0,20,127.02311
0.0,4,127.023289
0.0,10,127.023656
0.0,21,127.024325
0.0,11,127.024715
0.0,6,127.024953
0.0,13,127.025408
0.0,41,127.02666
0.0,20,127.027302
0.0,13,127.027751
0.0,4,127.027933
0.0,10,127.028286
0.0,10,127.02865
0.0,36,127.029763
0.0,23,127.0305
0.0,56,127.032186
0.0,13,127.032637
0.0,60,127.034444
0.0,8,127.034739
0.0,8,127.035033
0.0,7,127.035298
0.0,50,127.036819
0.0,33,127.037846
0.0,6,127.038086
0.0,17,127.038652
0.0,4,127.038833
0.0,22,127.039543
0.0,26,127.040365
0.0,25,127.041149
0.0,40,127.042381
0.0,20,127.04302
0.0,100,127.046001
0.0,30,127.046943
0.0,14,127.047428
0.0,36,127.048537
0.0,15,127.049035
0.0,15,127.049547
0.0,15,127.050045
0.0,21,127.050726
0.0,17,127.051281
0.0,18,127.051877
0.0,100,127.05484
0.0,13,127.055278
0.0,11,127.055677
0.0,15,127.056175
0.0,8,127.056483
0.0,14,127.056949
0.0,6,127.057186
0.0,8,127.057496
0.0,48,127.058946
0.0,13,127.059402
0.0,20,127.060043
0.0,12,127.060464
0.0,30,127.061403
0.0,7,127.061672
0.0,28,127.062553
0.0,19,127.063165
0.0,12,127.063592
0.0,12,127.064001
0.0,3,127.064152
0.0,32,127.06514
0.0,6,127.065397
0.0,11,127.06578
0.0,39,127.066976
0.0,4,127.067157
0.0,4,127.067337
0.0,3,127.067503
0.0,8,127.067798
0.0,97,127.070677
0.0,32,127.071677
0.0,10,127.072031
0.0,8,127.072326
0.0,13,127.072774
0.0,25,127.07357
0.0,8,127.073868
0.0,12,127.074278
0.0,33,127.075301
0.0,95,127.078141
0.0,35,127.079223
0.0,33,127.08025
0.0,15,127.080757
0.0,18,127.081339
0.0,39,127.08255
0.0,5,127.082761
0.0,24,127.083532
0.0,53,127.08513
0.0,26,127.085959
0.0,9,127.086395
0.0,58,127.088135
0.0,3,127.088288
0.0,41,127.089552
0.0,13,127.08999
0.0,12,127.090408
0.0,24,127.09116
0.0,23,127.0919
0.0,21,127.092579
0.0,4,127.092759
0.0,14,127.093223
0.0,43,127.094539
0.0,14,127.095006
0.0,38,127.096172
0.0,12,127.096593
0.0,26,127.097412
0.0,17,127.097965
0.0,7,127.09823
0.0,6,127.098478
0.0,48,127.099926
0.0,13,127.100375
0.0,36,127.101482
0.0,8,127.101776
0.0,5,127.101983
0.0,24,127.102745
0.0,8,127.103041
0.0,10,127.103408
0.0,8,127.103706
0.0,9,127.104028
0.0,45,127.105407
0.0,38,127.106569
0.0,35,127.107648
0.0,12,127.108056
0.0,16,127.108589
0.0,9,127.108912
0.0,73,127.111081
0.0,11,127.111477
0.0,23,127.112199
0.0,38,127.113369
0.0,29,127.114278
0.0,15,127.114783
0.0,6,127.115021
0.0,47,127.11645
0.0,3,127.116602
0.0,23,127.117326
0.0,16,127.117861
0.0,25,127.118654
0.0,18,127.119235
0.0,18,127.119828
0.0,16,127.12036
0.0,12,127.12077
0.0,17,127.121319
0.0,4,127.121507
0.0,13,127.121944
0.0,39,127.123136
0.0,17,127.123705
0.0,8,127.124001
0.0,23,127.124731
0.0,9,127.125055
0.0,41,127.126307
0.0,5,127.126527
0.0,15,127.127021
0.0,63,127.128911
0.0,30,127.12985
0.0,43,127.131159
0.0,9,127.131499
0.0,10,127.131851
0.0,9,127.132173
0.0,14,127.13265
0.0,21,127.133318
0.0,16,127.133851
0.0,8,127.134146
0.0,47,127.135578
0.0,21,127.136248
0.0,89,127.138889
0.0,13,127.139329
0.0,7,127.139607
0.0,11,127.139984
0.0,6,127.140221
0.0,8,127.140524
0.0,12,127.140934
0.0,6,127.141171
0.0,10,127.141536
0.0,25,127.142319
0.0,34,127.143379
0.0,8,127.143676
0.0,24,127.144439
0.0,12,127.144849
0.0,3,127.144999
0.0,5,127.145206
0.0,6,127.14546
0.0,28,127.146327
0.0,18,127.146915
0.0,45,127.148284
0.0,11,127.148678
0.0,5,127.148888
0.0,11,127.149267
0.0,10,127.149632
0.0,15,127.150126
0.0,51,127.151671
0.0,12,127.152081
0.0,4,127.152259
0.0,80,127.154641
0.0,15,127.155138
0.0,5,127.155359
0.0,7,127.155628
0.0,55,127.157273
0.0,55,127.15893
0.0,36,127.160041
0.0,15,127.160548
0.0,15,127.161042
0.0,8,127.161335
0.0,13,127.161787
0.0,9,127.16211
0.0,4,127.162289
0.0,26,127.163106
0.0,8,127.163417
0.0,9,127.16374
0.0,5,127.163948
0.0,22,127.164652
0.0,4,127.164833
0.0,9,127.165154
0.0,17,127.165721
0.0,8,127.166016
0.0,5,127.166224
0.0,45,127.167595
0.0,37,127.168727
0.0,75,127.170954
0.0,5,127.171163
0.0,10,127.171532
0.0,44,127.172862
0.0,4,127.173044
0.0,11,127.173439
0.0,38,127.1746
0.0,24,127.175367
0.0,17,127.17592
0.0,12,127.176327
0.0,5,127.176545
0.0,26,127.177362
0.0,13,127.1778
0.0,7,127.178066
0.0,58,127.179811
0.0,8,127.180107
0.0,38,127.18127
0.0,3,127.181437
0.0,16,127.18196
0.0,7,127.182225
0.0,52,127.183801
0.0,20,127.184449
0.0,60,127.186243
0.0,20,127.187013
0.0,10,127.187385
0.0,25,127.188173
0.0,21,127.188855
0.0,18,127.189456
0.0,27,127.1903
0.0,8,127.190606
0.0,3,127.190759
0.0,100,127.193741
0.0,24,127.194508
0.0,6,127.194748
0.0,3,127.194899
0.0,6,127.195136
0.0,4,127.195315
0.0,51,127.196871
0.0,45,127.198243
0.0,22,127.198955
0.0,14,127.199438
0.0,12,127.199849
0.0,15,127.200343
0.0,21,127.201019
0.0,22,127.201729
0.0,8,127.202025
0.0,14,127.202506
0.0,43,127.203825
0.0,27,127.20468
0.0,13,127.205117
0.0,12,127.205544
0.0,22,127.20624
0.0,14,127.206718
0.0,5,127.206928
0.0,35,127.208013
0.0,10,127.208377
0.0,36,127.209491
0.0,3,127.209644
0.0,11,127.210027
0.0,22,127.210737
0.0,5,127.210948
0.0,3,127.211098
0.0,22,127.211809
0.0,10,127.212163
0.0,21,127.212843
0.0,7,127.213111
0.0,18,127.213711
0.0,50,127.215226
0.0,4,127.215427
0.0,10,127.215782
0.0,6,127.21602
0.0,12,127.216442
0.0,30,127.217386
0.0,79,127.219741
0.0,70,127.221839
0.0,44,127.223173
0.0,16,127.223713
0.0,20,127.224362
0.0,5,127.224572
0.0,13,127.225008
0.0,28,127.225891
0.0,12,127.226301
0.0,53,127.227903
0.0,42,127.22918
0.0,53,127.230781
0.0,8,127.231079
0.0,44,127.232434
0.0,4,127.232616
0.0,59,127.234392
0.0,19,127.235005
0.0,89,127.237654
0.0,7,127.237921
0.0,11,127.238301
0.0,40,127.239539
0.0,33,127.240562
0.0,15,127.24106
0.0,24,127.24183
0.0,48,127.243283
0.0,3,127.243451
0.0,10,127.243804
0.0,13,127.244243
0.0,30,127.245176
0.0,27,127.246035
0.0,12,127.246459
0.0,14,127.246927
0.0,34,127.247983
0.0,16,127.24852
0.0,7,127.248788
0.0,29,127.249696
0.0,14,127.250164
0.0,36,127.251272
0.0,15,127.251783
0.0,30,127.252721
0.0,16,127.253243
0.0,9,127.25358
0.0,10,127.253932
0.0,6,127.25417
0.0,13,127.254623
0.0,11,127.255004
0.0,4,127.255183
0.0,7,127.255466
0.0,7,127.255733
0.0,8,127.256027
0.0,18,127.256621
0.0,7,127.25689
0.0,10,127.257243
0.0,35,127.25833
0.0,32,127.25932
0.0,29,127.260228
0.0,8,127.260537
0.0,5,127.260747
0.0,20,127.2614
0.0,26,127.262211
0.0,15,127.262734
0.0,63,127.264632
0.0,3,127.264786
0.0,12,127.265195
0.0,77,127.267507
0.0,14,127.267976
0.0,7,127.268242
0.0,3,127.268404
0.0,38,127.269574
0.0,4,127.269756
0.0,6,127.269994
0.0,18,127.270598
0.0,28,127.271488
0.0,60,127.273288
0.0,21,127.273973
0.0,30,127.274911
0.0,14,127.275398
0.0,9,127.275724
0.0,14,127.27619
0.0,100,127.279155
0.0,3,127.279309
0.0,8,127.279617
0.0,18,127.2802
0.0,17,127.280766
0.0,16,127.281291
0.0,4,127.281485
0.0,51,127.283023
0.0,26,127.283849
0.0,16,127.284384
0.0,5,127.284595
0.0,14,127.285062
0.0,33,127.286091
0.0,36,127.287201
0.0,25,127.288097
0.0,14,127.288579
0.0,12,127.288989
0.0,33,127.290011
0.0,40,127.291233
0.0,6,127.291487
0.0,22,127.292182
0.0,3,127.292332
0.0,44,127.293681
0.0,71,127.295802
0.0,6,127.296042
0.0,9,127.296376
0.0,56,127.298048
0.0,15,127.298556
0.0,4,127.298736
0.0,54,127.300368
0.0,18,127.300948
0.0,7,127.301213
0.0,5,127.301435
0.0,40,127.302657
0.0,10,127.303008
0.0,36,127.304117
0.0,10,127.30448
0.0,41,127.305737
0.0,14,127.306205
0.0,29,127.30711
0.0,14,127.30759
0.0,46,127.308979
0.0,10,127.30933
0.0,56,127.311021
0.0,35,127.312101
0.0,38,127.313262
0.0,12,127.313687
0.0,37,127.314823
0.0,20,127.315481
0.0,5,127.31569
0.0,11,127.316066
0.0,38,127.317227
0.0,7,127.317509
0.0,30,127.318446
0.0,15,127.318939
0.0,16,127.319477
0.0,16,127.319999
0.0,32,127.320993
0.0,7,127.321259
0.0,9,127.321596
0.0,34,127.322643
0.0,9,127.322967
0.0,11,127.323353
0.0,11,127.32374
0.0,50,127.32525
0.0,7,127.325535
0.0,23,127.32626
0.0,19,127.326882
0.0,45,127.328247
0.0,9,127.328581
0.0,15,127.329074
0.0,10,127.329439
0.0,29,127.330335
0.0,23,127.331069
0.0,3,127.331219
0.0,37,127.332365
0.0,9,127.332688
0.0,15,127.333179
0.0,8,127.333486
0.0,22,127.334181
0.0,4,127.334372
0.0,3,127.334522
0.0,8,127.334816
0.0,47,127.336239
0.0,34,127.337291
0.0,4,127.337486
0.0,22,127.338181
0.0,4,127.338371
0.0,24,127.33912
0.0,22,127.339828
0.0,28,127.340705
0.0,61,127.342536
0.0,33,127.34356
0.0,50,127.345062
0.0,30,127.346
0.0,5,127.34621
0.0,10,127.346571
0.0,5,127.34678
0.0,5,127.346988
0.0,19,127.34761
0.0,12,127.34802
0.0,34,127.349066
0.0,5,127.349275
0.0,7,127.349554
0.0,17,127.350107
0.0,16,127.350643
0.0,7,127.35091
0.0,5,127.351117
0.0,53,127.352717
0.0,29,127.353629
0.0,3,127.35378
0.0,11,127.354158
0.0,11,127.354547
0.0,34,127.355601
0.0,45,127.356963
0.0,8,127.357257
0.0,23,127.357992
0.0,44,127.359319
0.0,9,127.359653
0.0,12,127.36006
0.0,18,127.36065
0.0,100,127.363609
0.0,5,127.363819
0.0,19,127.364437
0.0,18,127.365018
0.0,9,127.365341
0.0,13,127.365795
0.0,33,127.36681
0.0,3,127.366961
0.0,12,127.367385
0.0,17,127.367938
0.0,11,127.368317
0.0,33,127.369326
0.0,27,127.370173
0.0,3,127.370325
0.0,11,127.370711
0.0,18,127.371289
0.0,20,127.37194
0.0,42,127.373216
0.0,3,127.373383
0.0,21,127.374051
0.0,7,127.374317
0.0,6,127.374561
0.0,11,127.374942
0.0,32,127.37594
0.0,23,127.376677
0.0,24,127.377443
0.0,28,127.378307
0.0,16,127.378838
0.0,11,127.379218
0.0,13,127.379669
0.0,14,127.380136
0.0,51,127.381681
0.0,28,127.382559
0.0,57,127.384267
0.0,23,127.385004
0.0,14,127.385488
0.0,8,127.385783
0.0,5,127.38599
0.0,6,127.386226
0.0,27,127.387075
0.0,7,127.387341
0.0,10,127.387808
0.0,7,127.388077
0.0,32,127.389075
0.0,8,127.389386
0.0,31,127.390339
0.0,24,127.391104
0.0,15,127.391612
0.0,6,127.391851
0.0,47,127.393275
0.0,9,127.393615
0.0,14,127.394081
0.0,12,127.394502
0.0,39,127.395701
0.0,51,127.397243
0.0,4,127.397439
0.0,28,127.398304
0.0,26,127.399125
0.0,8,127.399434
0.0,8,127.39973
0.0,18,127.40031
0.0,27,127.40116
0.0,3,127.401312
0.0,10,127.401678
0.0,14,127.402147
0.0,4,127.402326
0.0,53,127.403937
0.0,19,127.404562
0.0,17,127.405114
0.0,15,127.405628
0.0,10,127.405982
0.0,16,127.406518
0.0,17,127.407071
0.0,6,127.407308
0.0,29,127.408229
0.0,5,127.408452
0.0,18,127.409034
0.0,22,127.409744
0.0,26,127.410566
0.0,8,127.410861
0.0,10,127.411231
0.0,21,127.411914
0.0,7,127.412182
0.0,9,127.412518
0.0,14,127.412984
0.0,52,127.414561
0.0,9,127.414887
0.0,22,127.415601
0.0,12,127.416013
0.0,22,127.416721
0.0,7,127.416989
0.0,31,127.417956
0.0,9,127.418282
0.0,60,127.420089
0.0,6,127.420329
0.0,22,127.421037
0.0,9,127.421374
0.0,20,127.422011
0.0,22,127.422719
0.0,18,127.423301
0.0,11,127.423697
0.0,11,127.424077
0.0,14,127.424554
0.0,10,127.424908
0.0,11,127.425287
0.0,24,127.426058
0.0,14,127.426537
0.0,4,127.426717
0.0,35,127.427796
0.0,10,127.428149
0.0,12,127.428673
0.0,24,127.429445
0.0,10,127.429799
0.0,30,127.430738
0.0,19,127.431363
0.0,20,127.432003
0.0,3,127.432153
0.0,14,127.43263
0.0,14,127.433098
0.0,10,127.433466
0.0,62,127.435311
0.0,15,127.435823
0.0,9,127.436149
0.0,59,127.437927
0.0,15,127.438435
0.0,8,127.438731
0.0,17,127.439283
0.0,10,127.439649
0.0,56,127.44133
0.0,20,127.441981
0.0,35,127.44306
0.0,27,127.443918
0.0,47,127.445342
0.0,70,127.44745
0.0,21,127.448116
0.0,10,127.448478
0.0,29,127.449388
0.0,24,127.450143
0.0,23,127.450879
0.0,3,127.451031
0.0,17,127.451597
0.0,3,127.45175
0.0,12,127.452159
0.0,20,127.452807
0.0,30,127.453747
0.0,19,127.454366
0.0,9,127.45469
0.0,21,127.45537
0.0,3,127.455523
0.0,23,127.456244
0.0,18,127.456837
0.0,21,127.45752
0.0,5,127.45773
0.0,21,127.458409
0.0,17,127.458963
0.0,12,127.45939
0.0,4,127.459573
0.0,16,127.460094
0.0,9,127.460429
0.0,44,127.461767
0.0,3,127.461919
0.0,29,127.462826
0.0,12,127.463237
0.0,18,127.463831
0.0,12,127.464242
0.0,11,127.464634
0.0,39,127.465836
0.0,9,127.466161
0.0,6,127.466409
0.0,28,127.467275
0.0,7,127.467558
0.0,15,127.468055
0.0,30,127.468991
0.0,29,127.469909
0.0,46,127.471316
0.0,8,127.471624
0.0,3,127.471778
0.0,21,127.472455
0.0,13,127.472894
0.0,12,127.473301
0.0,15,127.473809
0.0,14,127.474277
0.0,13,127.474727
0.0,24,127.475497
0.0,6,127.475737
0.0,11,127.476117
0.0,3,127.476268
0.0,17,127.47683
0.0,3,127.476983
0.0,4,127.477162
0.0,14,127.477645
0.0,32,127.47864
0.0,11,127.479024
0.0,17,127.479593
0.0,41,127.48084
0.0,19,127.481466
0.0,13,127.481905
0.0,7,127.482171
0.0,15,127.482678
0.0,34,127.483737
0.0,15,127.484234
0.0,70,127.486335
0.0,25,127.487127
0.0,26,127.487953
0.0,24,127.488844
0.0,14,127.489314
0.0,6,127.489563
0.0,29,127.490466
0.0,6,127.490704
0.0,12,127.491112
0.0,10,127.491478
0.0,30,127.492412
0.0,17,127.492964
0.0,65,127.494905
0.0,9,127.495229
0.0,35,127.49631
0.0,3,127.496469
0.0,21,127.497135
0.0,50,127.49865
0.0,11,127.499031
0.0,8,127.499324
0.0,16,127.49986
0.0,15,127.500362
0.0,38,127.501525
0.0,51,127.503051
0.0,16,127.50359
0.0,3,127.503741
0.0,34,127.504784
0.0,6,127.505022
0.0,46,127.506428
0.0,5,127.506637
0.0,61,127.50846
0.0,9,127.508783
0.0,11,127.509161
0.0,22,127.509868
0.0,21,127.510546
0.0,21,127.511211
0.0,21,127.511889
0.0,6,127.512126
0.0,13,127.512575
0.0,55,127.514222
0.0,46,127.515626
0.0,6,127.515867
0.0,14,127.516331
0.0,16,127.516865
0.0,18,127.517462
0.0,8,127.517757
0.0,25,127.518549
0.0,37,127.519685
0.0,44,127.521021
0.0,11,127.521419
0.0,11,127.5218
0.0,12,127.522207
0.0,7,127.522484
0.0,21,127.523153
0.0,12,127.523576
0.0,7,127.523843
0.0,6,127.524079
0.0,9,127.524412
0.0,24,127.525167
0.0,17,127.525738
0.0,68,127.527771
0.0,24,127.528537
0.0,18,127.529118
0.0,4,127.529297
0.0,19,127.529917
0.0,19,127.530538
0.0,10,127.530891
0.0,6,127.531126
0.0,44,127.532474
0.0,71,127.534586
0.0,34,127.535642
0.0,25,127.536436
0.0,13,127.536873
0.0,5,127.53708
0.0,32,127.538075
0.0,22,127.538782
0.0,20,127.539434
0.0,38,127.540593
0.0,14,127.54106
0.0,53,127.542657
0.0,9,127.542981
0.0,30,127.543915
0.0,38,127.545074
0.0,12,127.545499
0.0,10,127.545856
0.0,3,127.546006
0.0,24,127.546764
0.0,26,127.547595
0.0,10,127.547947
0.0,25,127.548736
0.0,44,127.550071
0.0,4,127.550252
0.0,6,127.5505
0.0,12,127.55091
0.0,12,127.551316
0.0,17,127.551879
0.0,14,127.552354
0.0,20,127.552994
0.0,18,127.55359
0.0,32,127.554603
0.0,23,127.555328
0.0,25,127.556123
0.0,21,127.556799
0.0,10,127.557149
0.0,23,127.557885
0.0,7,127.558152
0.0,8,127.558456
0.0,6,127.558694
0.0,8,127.558986
0.0,9,127.559307
0.0,6,127.559556
0.0,23,127.560279
0.0,19,127.560897
0.0,3,127.561048
0.0,7,127.561311
0.0,7,127.561588
0.0,30,127.562526
0.0,50,127.564032
0.0,10,127.564396
0.0,15,127.564889
0.0,45,127.566253
0.0,24,127.567015
0.0,15,127.567527
0.0,66,127.569505
0.0,14,127.569971
0.0,80,127.57234
0.0,14,127.572815
0.0,14,127.57328
0.0,27,127.57413
0.0,24,127.574894
0.0,12,127.575303
0.0,42,127.57659
0.0,40,127.57781
0.0,20,127.578457
0.0,21,127.579122
0.0,21,127.579801
0.0,27,127.580651
0.0,13,127.581089
0.0,3,127.581239
0.0,9,127.581577
0.0,8,127.581872
0.0,26,127.582691
0.0,20,127.583331
0.0,58,127.58508
0.0,10,127.585452
0.0,9,127.585777
0.0,8,127.58607
0.0,72,127.588218
0.0,4,127.588531
0.0,8,127.588831
0.0,10,127.589184
0.0,100,127.592168
0.0,6,127.592419
0.0,17,127.592974
0.0,4,127.593154
0.0,11,127.593549
0.0,21,127.594219
0.0,50,127.595741
0.0,4,127.595922
0.0,34,127.596972
0.0,9,127.597297
0.0,10,127.597662
0.0,31,127.598626
0.0,45,127.599992
0.0,47,127.601434
0.0,27,127.602275
0.0,25,127.603067
0.0,52,127.604644
0.0,25,127.605443
0.0,8,127.605738
0.0,3,127.605889
0.0,23,127.606622
0.0,4,127.606804
0.0,6,127.60704
0.0,64,127.608959
0.0,6,127.609199
0.0,33,127.610226
0.0,14,127.610704
0.0,29,127.611615
0.0,19,127.612229
0.0,35,127.613307
0.0,55,127.614966
0.0,3,127.615118
0.0,29,127.61603
0.0,8,127.616327
0.0,3,127.61649
0.0,5,127.616698
0.0,26,127.617521
0.0,10,127.617874
0.0,15,127.618377
0.0,24,127.61913
0.0,27,127.619983
0.0,62,127.621851
0.0,25,127.622647
0.0,41,127.623904
0.0,21,127.624584
0.0,41,127.625843
0.0,5,127.626053
0.0,6,127.626291
0.0,9,127.626624
0.0,31,127.627593
0.0,10,127.627946
0.0,11,127.628325
0.0,12,127.628746
0.0,77,127.631028
0.0,5,127.631248
0.0,5,127.631472
0.0,69,127.633523
0.0,26,127.63434
0.0,15,127.634843
0.0,21,127.635529
0.0,23,127.636261
0.0,25,127.637055
0.0,3,127.637208
0.0,19,127.637838
0.0,44,127.639175
0.0,93,127.641944
0.0,14,127.642445
0.0,40,127.643667
0.0,23,127.6444
0.0,8,127.644694
0.0,48,127.646145
0.0,3,127.6463
0.0,26,127.647113
0.0,100,127.65007
0.0,18,127.650672
0.0,53,127.652262
0.0,22,127.652967
0.0,7,127.653234
0.0,10,127.653598
0.0,13,127.654032
0.0,12,127.654454
0.0,14,127.654918
0.0,7,127.655181
0.0,29,127.656091
0.0,4,127.656272
0.0,35,127.657352
0.0,7,127.657626
0.0,38,127.658779
0.0,35,127.659852
0.0,13,127.660292
0.0,18,127.660879
0.0,16,127.661417
0.0,26,127.662222
0.0,24,127.662982
0.0,4,127.663162
0.0,7,127.66344
0.0,12,127.663846
0.0,9,127.664167
0.0,12,127.664584
0.0,10,127.664933
0.0,20,127.665585
0.0,13,127.666023
0.0,14,127.666498
0.0,12,127.666907
0.0,24,127.667669
0.0,16,127.668192
0.0,15,127.668698
0.0,11,127.669077
0.0,25,127.66987
0.0,26,127.670702
0.0,15,127.671195
0.0,36,127.672302
0.0,49,127.673788
0.0,21,127.674462
0.0,3,127.674615
0.0,6,127.674852
0.0,14,127.675318
0.0,19,127.675944
0.0,7,127.676211
0.0,12,127.676632
0.0,20,127.677271
0.0,14,127.677753
0.0,8,127.67805
0.0,50,127.679571
0.0,40,127.680798
0.0,75,127.683036
0.0,9,127.683375
0.0,35,127.684456
0.0,13,127.684894
0.0,30,127.685837
0.0,17,127.686402
0.0,8,127.686698
0.0,43,127.688007
0.0,3,127.688159
0.0,12,127.688578
0.0,11,127.68896
0.0,7,127.689227
0.0,39,127.690433
0.0,24,127.691372
0.0,15,127.691869
0.0,11,127.692249
0.0,14,127.692727
0.0,18,127.69331
0.0,15,127.693818
0.0,30,127.694753
0.0,44,127.6961
0.0,5,127.69631
0.0,18,127.696899
0.0,11,127.697279
0.0,28,127.698161
0.0,20,127.698814
0.0,16,127.699342
0.0,9,127.699679
0.0,28,127.700556
0.0,71,127.702677
0.0,33,127.703704
0.0,12,127.704114
0.0,50,127.70564
0.0,23,127.706373
0.0,17,127.706927
0.0,32,127.707921
0.0,60,127.709732
0.0,14,127.710201
0.0,19,127.710822
0.0,43,127.712133
0.0,15,127.712641
0.0,12,127.713052
0.0,33,127.714077
0.0,65,127.716049
0.0,5,127.71626
0.0,6,127.716509
0.0,39,127.717705
0.0,9,127.71803
0.0,7,127.718295
0.0,88,127.720904
0.0,4,127.721086
0.0,10,127.721451
0.0,28,127.722323
0.0,10,127.722684
0.0,49,127.724164
0.0,7,127.724442
0.0,14,127.724907
0.0,11,127.725287
0.0,5,127.725511
0.0,19,127.72612
0.0,19,127.72674
0.0,35,127.727825
0.0,34,127.728878
0.0,23,127.729618
0.0,15,127.730114
0.0,16,127.730647
0.0,16,127.731171
0.0,11,127.731566
0.0,42,127.732839
0.0,12,127.733247
0.0,12,127.733669
0.0,6,127.733906
0.0,3,127.734055
0.0,8,127.734355
0.0,16,127.734879
0.0,8,127.735171
0.0,13,127.735625
0.0,41,127.736871
0.0,24,127.737641
0.0,17,127.738193
0.0,16,127.738728
0.0,10,127.739081
0.0,3,127.739231
0.0,11,127.739625
0.0,14,127.740094
0.0,42,127.741384
0.0,10,127.741738
0.0,7,127.742003
0.0,10,127.742362
0.0,12,127.742772
0.0,5,127.742978
0.0,77,127.745271
0.0,19,127.745896
0.0,12,127.746304
0.0,7,127.746579
0.0,12,127.746989
0.0,17,127.747554
0.0,46,127.748949
0.0,15,127.749457
0.0,62,127.751302
0.0,49,127.752789
0.0,33,127.753814
0.0,4,127.753995
0.0,4,127.754174
0.0,17,127.754738
0.0,16,127.755262
0.0,47,127.756706
0.0,6,127.756944
0.0,7,127.757209
0.0,16,127.757746
0.0,36,127.758852
0.0,4,127.759032
0.0,34,127.760082
0.0,4,127.760262
0.0,38,127.761434
0.0,16,127.761958
0.0,28,127.762835
0.0,16,127.763369
0.0,45,127.764735
0.0,65,127.76668
0.0,59,127.768459
0.0,41,127.769707
0.0,28,127.770585
0.0,18,127.771168
0.0,15,127.771676
0.0,7,127.771942
0.0,43,127.773249
0.0,27,127.774101
0.0,22,127.77481
0.0,11,127.775193
0.0,34,127.776247
0.0,16,127.776779
0.0,29,127.777689
0.0,5,127.777897
0.0,10,127.778247
0.0,11,127.778636
0.0,17,127.779189
0.0,25,127.779981
0.0,7,127.780247
0.0,17,127.780806
0.0,21,127.781487
0.0,7,127.781752
0.0,29,127.782656
0.0,19,127.783264
0.0,25,127.784055
0.0,4,127.784235
0.0,7,127.784511
0.0,36,127.785623
0.0,12,127.786032
0.0,9,127.786362
0.0,35,127.787441
0.0,12,127.787851
0.0,9,127.788172
0.0,19,127.788794
0.0,19,127.78942
0.0,9,127.789744
0.0,23,127.790478
0.0,20,127.791238
0.0,52,127.792823
0.0,7,127.793093
0.0,7,127.793372
0.0,27,127.794215
0.0,14,127.794695
0.0,24,127.795471
0.0,42,127.796756
0.0,13,127.797198
0.0,6,127.797452
0.0,7,127.797719
0.0,3,127.797869
0.0,6,127.798106
0.0,22,127.798814
0.0,4,127.798995
0.0,26,127.79982
0.0,26,127.800644
0.0,11,127.801027
0.0,37,127.802169
0.0,52,127.803757
0.0,3,127.803911
0.0,48,127.805383
0.0,18,127.805966
0.0,10,127.806319
0.0,15,127.806823
0.0,10,127.807176
0.0,35,127.808266
0.0,4,127.808459
0.0,25,127.809246
0.0,17,127.809817
0.0,4,127.809998
0.0,37,127.811141
0.0,28,127.81203
0.0,29,127.812939
0.0,3,127.813092
0.0,30,127.814034
0.0,18,127.814631
0.0,30,127.815579
0.0,20,127.816219
0.0,8,127.816527
0.0,42,127.817813
0.0,24,127.81858
0.0,41,127.819838
0.0,25,127.820633
0.0,30,127.821576
0.0,11,127.82196
0.0,13,127.822409
0.0,22,127.823109
0.0,9,127.823451
0.0,15,127.823949
0.0,6,127.824186
0.0,41,127.825454
0.0,43,127.826763
0.0,6,127.827003
0.0,33,127.828031
0.0,16,127.82857
0.0,7,127.828838
0.0,51,127.830394
0.0,13,127.830835
0.0,27,127.831689
0.0,8,127.831985
0.0,34,127.83304
0.0,22,127.833757
0.0,18,127.834341
0.0,25,127.835136
0.0,34,127.836199
0.0,6,127.836451
0.0,43,127.837769
0.0,7,127.838037
0.0,13,127.838489
0.0,62,127.840359
0.0,24,127.841117
0.0,14,127.8416
0.0,33,127.842628
0.0,63,127.844524
0.0,13,127.844967
0.0,7,127.845234
0.0,6,127.84549
0.0,27,127.846332
0.0,8,127.846637
0.0,5,127.846846
0.0,7,127.847111
0.0,13,127.847565
0.0,31,127.848533
0.0,23,127.849259
0.0,30,127.850201
0.0,21,127.850884
0.0,4,127.851065
0.0,13,127.851518
0.0,4,127.8517
0.0,5,127.851908
0.0,13,127.852354
0.0,35,127.85344
0.0,13,127.853879
0.0,6,127.854117
0.0,52,127.855697
0.0,17,127.856255
0.0,3,127.856418
0.0,4,127.856599
0.0,29,127.857511
0.0,18,127.858094
0.0,9,127.85843
0.0,30,127.859369
0.0,14,127.859837
0.0,11,127.860217
0.0,71,127.86234
0.0,24,127.863128
0.0,15,127.863642
0.0,51,127.865177
0.0,25,127.86598
0.0,15,127.86649
0.0,12,127.866901
0.0,11,127.867282
0.0,37,127.868439
0.0,12,127.86885
0.0,45,127.870228
0.0,25,127.871038
0.0,36,127.872151
0.0,8,127.87246
0.0,12,127.872873
0.0,15,127.873383
0.0,28,127.874249
0.0,10,127.874613
0.0,42,127.875898
0.0,10,127.876252
0.0,9,127.876588
0.0,34,127.877644
0.0,46,127.879047
0.0,36,127.880163
0.0,5,127.880384
0.0,19,127.880997
0.0,6,127.881235
0.0,5,127.881458
0.0,17,127.882012
0.0,16,127.882545
0.0,6,127.882784
0.0,6,127.883021
0.0,27,127.883875
0.0,6,127.884114
0.0,4,127.884294
0.0,15,127.884799
0.0,23,127.885541
0.0,7,127.885811
0.0,4,127.885991
0.0,8,127.886286
0.0,35,127.88738
0.0,25,127.888162
0.0,32,127.889155
0.0,18,127.889754
0.0,5,127.889969
0.0,16,127.890505
0.0,11,127.891005
0.0,15,127.891516
0.0,16,127.892041
0.0,4,127.892221
0.0,10,127.892583
0.0,5,127.892793
0.0,42,127.894068
0.0,15,127.894575
0.0,26,127.895399
0.0,27,127.896236
0.0,34,127.897281
0.0,6,127.897533
0.0,14,127.898
0.0,22,127.898704
0.0,12,127.899114
0.0,18,127.899708
0.0,42,127.900988
0.0,10,127.901341
0.0,21,127.902022
0.0,21,127.902698
0.0,23,127.903437
0.0,8,127.903732
0.0,16,127.904255
0.0,8,127.904561
0.0,14,127.905026
0.0,16,127.905568
0.0,19,127.906179
0.0,10,127.906541
0.0,41,127.907797
0.0,5,127.908007
0.0,27,127.908853
0.0,17,127.909422
0.0,4,127.909602
0.0,14,127.910068
0.0,8,127.910373
0.0,6,127.910612
0.0,6,127.910849
0.0,40,127.91207
0.0,19,127.912692
0.0,22,127.913399
0.0,6,127.913638
0.0,27,127.914484
0.0,13,127.914923
0.0,20,127.91558
0.0,10,127.915933
0.0,14,127.916411
0.0,7,127.916678
0.0,8,127.916971
0.0,59,127.918742
0.0,16,127.919265
0.0,41,127.92052
0.0,13,127.920958
0.0,14,127.921436
0.0,16,127.921959
0.0,3,127.92211
0.0,31,127.92307
0.0,11,127.923466
0.0,6,127.923703
0.0,17,127.924253
0.0,39,127.925457
0.0,38,127.926618
0.0,26,127.92744
0.0,8,127.927735
0.0,36,127.928838
0.0,18,127.929436
0.0,4,127.929618
0.0,9,127.929942
0.0,7,127.930207
0.0,35,127.931283
0.0,49,127.932772
0.0,17,127.933324
0.0,33,127.934341
0.0,6,127.934588
0.0,31,127.935555
0.0,19,127.936164
0.0,4,127.936343
0.0,12,127.93676
0.0,21,127.93744
0.0,75,127.939667
0.0,38,127.94083
0.0,24,127.941596
0.0,4,127.941776
0.0,37,127.942908
0.0,5,127.943117
0.0,21,127.943797
0.0,41,127.94504
0.0,15,127.945552
0.0,36,127.946655
0.0,17,127.947205
0.0,10,127.947571
0.0,14,127.948036
0.0,7,127.9483
0.0,5,127.948516
0.0,38,127.949684
0.0,21,127.950363
0.0,36,127.951473
0.0,12,127.951884
0.0,5,127.952091
0.0,10,127.952452
0.0,9,127.952774
0.0,12,127.953181
0.0,42,127.954464
0.0,11,127.954845
0.0,14,127.955312
0.0,30,127.956253
0.0,78,127.958589
0.0,15,127.959088
0.0,10,127.959454
0.0,3,127.959607
0.0,18,127.960189
0.0,40,127.961421
0.0,34,127.962469
0.0,3,127.962621
0.0,22,127.963313
0.0,35,127.9644
0.0,28,127.965265
0.0,42,127.966561
0.0,19,127.96717
0.0,8,127.967478
0.0,15,127.967973
0.0,19,127.968593
0.0,22,127.969287
0.0,7,127.969567
0.0,23,127.970294
0.0,6,127.970538
0.0,13,127.970976
0.0,7,127.97124
0.0,13,127.97169
0.0,17,127.972242
0.0,10,127.972604
0.0,6,127.972842
0.0,3,127.972991
0.0,16,127.973528
0.0,13,127.973968
0.0,6,127.974204
0.0,31,127.975162
0.0,16,127.975705
0.0,9,127.976032
0.0,13,127.976481
0.0,6,127.976718
0.0,10,127.977068
0.0,3,127.977218
0.0,50,127.978736
0.0,19,127.979343
0.0,31,127.980305
0.0,25,127.981097
0.0,3,127.98125
0.0,29,127.98216
0.0,24,127.982925
0.0,49,127.98442
0.0,18,127.985002
0.0,16,127.985541
0.0,30,127.986473
0.0,38,127.987639
0.0,22,127.988332
0.0,13,127.988778
0.0,8,127.989073
0.0,40,127.990295
0.0,4,127.990487
0.0,13,127.990926
0.0,24,127.991807
0.0,5,127.992019
0.0,8,127.992314
0.0,5,127.99253
0.0,10,127.992883
0.0,40,127.99411
0.0,4,127.994291
0.0,13,127.994741
0.0,13,127.99518
0.0,57,127.996909
0.0,5,127.99712
0.0,30,127.998061
0.0,9,127.998396
0.0,23,127.99912
0.0,8,127.99943
0.0,20,128.000087
0.0,12,128.000512
0.0,36,128.001627
0.0,6,128.001867
0.0,6,128.002105
0.0,25,128.002903
0.0,19,128.003532
0.0,16,128.004059
0.0,7,128.004326
0.0,18,128.004921
0.0,18,128.005523
0.0,22,128.006223
0.0,11,128.006618
0.0,19,128.00723
0.0,18,128.007829
0.0,20,128.008483
0.0,15,128.008981
0.0,10,128.009333
0.0,16,128.009871
0.0,37,128.011008
0.0,29,128.01192
0.0,14,128.012401
0.0,5,128.012611
0.0,73,128.014792
0.0,10,128.015147
0.0,50,128.016677
0.0,10,128.017032
0.0,13,128.017484
0.0,6,128.017722
0.0,5,128.017931
0.0,27,128.01878
0.0,21,128.019463
0.0,25,128.020247
0.0,69,128.022323
0.0,5,128.022542
0.0,34,128.023601
0.0,18,128.024182
0.0,4,128.024372
0.0,88,128.026988
0.0,39,128.028188
0.0,5,128.028409
0.0,32,128.029405
0.0,21,128.030077
0.0,21,128.030759
0.0,6,128.030999
0.0,7,128.031266
0.0,33,128.03229
0.0,23,128.033028
0.0,19,128.033656
0.0,25,128.034451
0.0,12,128.034863
0.0,13,128.035301
0.0,22,128.036019
0.0,21,128.036703
0.0,10,128.037057
0.0,7,128.037322
0.0,46,128.038726
0.0,7,128.038994
0.0,24,128.039761
0.0,22,128.040469
0.0,11,128.040851
0.0,24,128.04162
0.0,53,128.043215
0.0,39,128.044425
0.0,3,128.044578
0.0,21,128.045244
0.0,7,128.045528
0.0,33,128.046552
0.0,16,128.047076
0.0,16,128.047616
0.0,62,128.049489
0.0,7,128.049759
0.0,32,128.050754
0.0,18,128.051339
0.0,60,128.053149
0.0,11,128.053547
0.0,52,128.055114
0.0,12,128.055543
0.0,6,128.055783
0.0,5,128.055992
0.0,13,128.05644
0.0,4,128.056621
0.0,32,128.057623
0.0,27,128.058477
0.0,5,128.058688
0.0,44,128.060033
0.0,26,128.06086
0.0,5,128.061071
0.0,6,128.061307
0.0,4,128.0615
0.0,12,128.061909
0.0,10,128.062261
0.0,4,128.062452
0.0,4,128.062633
0.0,11,128.063014
0.0,25,128.06381
0.0,10,128.064164
0.0,22,128.064872
0.0,12,128.065283
0.0,11,128.065682
0.0,72,128.067837
0.0,5,128.068048
0.0,7,128.068313
0.0,71,128.070451
0.0,11,128.070836
0.0,22,128.07155
0.0,18,128.072132
0.0,34,128.073186
0.0,10,128.073554
0.0,14,128.074024
0.0,12,128.074445
0.0,32,128.075445
0.0,9,128.075772
0.0,26,128.076594
0.0,13,128.077035
0.0,6,128.077273
0.0,15,128.077784
0.0,22,128.078495
0.0,15,128.078993
0.0,51,128.080552
0.0,7,128.080819
0.0,17,128.081385
0.0,16,128.081911
0.0,7,128.082177
0.0,18,128.082772
0.0,41,128.084032
0.0,15,128.08454
0.0,38,128.085716
0.0,36,128.086829
0.0,6,128.087069
0.0,7,128.087333
0.0,63,128.089233
0.0,26,128.090062
0.0,5,128.090273
0.0,24,128.091043
0.0,38,128.092304
0.0,3,128.092468
0.0,6,128.092707
0.0,43,128.094015
0.0,8,128.09431
0.0,34,128.095371
0.0,17,128.095926
0.0,13,128.096375
0.0,8,128.096669
0.0,39,128.09786
0.0,5,128.098068
0.0,46,128.099467
0.0,39,128.100657
0.0,20,128.101293
0.0,3,128.101455
0.0,66,128.103431
0.0,7,128.103699
0.0,11,128.104078
0.0,12,128.104501
0.0,7,128.104768
0.0,5,128.104976
0.0,13,128.10543
0.0,4,128.105611
0.0,12,128.106018
0.0,5,128.106225
0.0,13,128.106678
0.0,9,128.107002
0.0,45,128.108367
0.0,10,128.108721
0.0,5,128.108928
0.0,3,128.109078
0.0,3,128.109228
0.0,11,128.10962
0.0,16,128.110143
0.0,3,128.110293
0.0,12,128.110716
0.0,86,128.113258
0.0,16,128.113798
0.0,11,128.114178
0.0,47,128.115616
0.0,14,128.116083
0.0,8,128.11639
0.0,7,128.116655
0.0,3,128.116805
0.0,23,128.117537
0.0,5,128.117746
0.0,10,128.118097
0.0,10,128.118463
0.0,52,128.120024
0.0,6,128.120262
0.0,14,128.12074
0.0,36,128.121844
0.0,26,128.122668
0.0,61,128.124496
0.0,6,128.124735
0.0,8,128.125028
0.0,21,128.125712
0.0,10,128.126064
0.0,20,128.126716
0.0,47,128.128137
0.0,51,128.129689
0.0,25,128.130486
0.0,21,128.131152
0.0,26,128.131969
0.0,17,128.132537
0.0,27,128.133387
0.0,14,128.133855
0.0,14,128.134321
0.0,21,128.134997
0.0,11,128.135396
0.0,39,128.136592
0.0,19,128.137201
0.0,12,128.137619
0.0,10,128.137971
0.0,4,128.138149
0.0,20,128.138801
0.0,5,128.139011
0.0,6,128.139247
0.0,43,128.140567
0.0,58,128.142303
0.0,3,128.142468
0.0,26,128.143277
0.0,20,128.143923
0.0,22,128.144635
0.0,68,128.146675
0.0,16,128.147216
0.0,12,128.147638
0.0,25,128.148434
0.0,34,128.149492
0.0,49,128.150973
0.0,3,128.151125
0.0,8,128.151431
0.0,12,128.151842
0.0,6,128.152078
0.0,9,128.152416
0.0,56,128.154092
0.0,23,128.154832
0.0,46,128.156229
0.0,18,128.156827
0.0,3,128.156979
0.0,7,128.157244
0.0,23,128.157977
0.0,19,128.158604
0.0,42,128.159879
0.0,67,128.161884
0.0,31,128.162854
0.0,19,128.163474
0.0,12,128.163885
0.0,13,128.164322
0.0,16,128.164857
0.0,33,128.165881
0.0,95,128.168696
0.0,53,128.170288
0.0,30,128.171226
0.0,17,128.171792
0.0,21,128.172475
0.0,19,128.173086
0.0,4,128.173265
0.0,9,128.173599
0.0,13,128.174037
0.0,54,128.175668
0.0,9,128.175993
0.0,10,128.176344
0.0,26,128.177165
0.0,58,128.178912
0.0,3,128.179065
0.0,5,128.179273
0.0,18,128.179864
0.0,44,128.1812
0.0,10,128.181565
0.0,14,128.182031
0.0,11,128.182424
0.0,3,128.182577
0.0,9,128.182898
0.0,92,128.185638
0.0,45,128.187003
0.0,74,128.18921
0.0,100,128.192171
0.0,9,128.192511
0.0,36,128.193613
0.0,26,128.194434
0.0,18,128.195017
0.0,11,128.195412
0.0,4,128.195593
0.0,7,128.195857
0.0,15,128.196363
0.0,41,128.197608
0.0,50,128.199115
0.0,67,128.201113
0.0,10,128.201576
0.0,30,128.202521
0.0,15,128.203018
0.0,6,128.203256
0.0,17,128.203821
0.0,12,128.204232
0.0,11,128.204629
0.0,4,128.20481
0.0,10,128.205163
0.0,7,128.205445
0.0,11,128.205829
0.0,30,128.20677
0.0,25,128.207568
0.0,73,128.209759
0.0,14,128.210229
0.0,89,128.212885
0.0,8,128.213182
0.0,8,128.21349
0.0,14,128.21396
0.0,9,128.214283
0.0,19,128.214907
0.0,22,128.215622
0.0,6,128.215862
0.0,16,128.216401
0.0,4,128.216582
0.0,34,128.217635
0.0,24,128.218406
0.0,27,128.21925
0.0,3,128.219413
0.0,6,128.219652
0.0,30,128.220595
0.0,25,128.221391
0.0,8,128.221688
0.0,15,128.222183
0.0,11,128.222579
0.0,3,128.222731
0.0,11,128.223112
0.0,38,128.22428
0.0,11,128.224675
0.0,4,128.224857
0.0,8,128.225152
0.0,22,128.225866
0.0,49,128.227364
0.0,6,128.227603
0.0,50,128.229114
0.0,26,128.229938
0.0,12,128.230362
0.0,34,128.231414
0.0,8,128.231711
0.0,29,128.232623
0.0,55,128.234279
0.0,24,128.23505
0.0,30,128.235992
0.0,34,128.23705
0.0,23,128.237787
0.0,9,128.238111
0.0,11,128.238507
0.0,12,128.238918
0.0,65,128.240874
0.0,7,128.241142
0.0,7,128.24142
0.0,3,128.241572
0.0,24,128.242324
0.0,31,128.243287
0.0,6,128.243537
0.0,7,128.243805
0.0,4,128.243984
0.0,18,128.244583
0.0,11,128.244966
0.0,14,128.245449
0.0,17,128.246002
0.0,13,128.246457
0.0,47,128.247882
0.0,29,128.248797
0.0,27,128.249651
0.0,4,128.249832
0.0,50,128.251352
0.0,10,128.251709
0.0,34,128.252765
0.0,37,128.253907
0.0,3,128.25406
0.0,77,128.256378
0.0,18,128.25696
0.0,53,128.258572
0.0,4,128.258754
0.0,29,128.259662
0.0,3,128.259814
0.0,6,128.26005
0.0,35,128.261133
0.0,22,128.261843
0.0,16,128.262383
0.0,22,128.263082
0.0,15,128.263589
0.0,59,128.265378
0.0,34,128.266439
0.0,8,128.266737
0.0,7,128.267003
0.0,14,128.267482
0.0,12,128.267892
0.0,22,128.268604
0.0,34,128.269655
0.0,10,128.270009
0.0,14,128.270498
0.0,45,128.271863
0.0,13,128.272304
0.0,10,128.272672
0.0,22,128.273379
0.0,20,128.274021
0.0,7,128.274287
0.0,23,128.275028
0.0,15,128.275543
0.0,14,128.276011
0.0,24,128.276777
0.0,26,128.277598
0.0,19,128.27821
0.0,3,128.278374
0.0,26,128.279185
0.0,21,128.279863
0.0,55,128.28153
0.0,13,128.281971
0.0,7,128.282236
0.0,31,128.283203
0.0,17,128.28377
0.0,4,128.283951
0.0,8,128.284247
0.0,30,128.285187
0.0,6,128.285443
0.0,16,128.285967
0.0,21,128.286648
0.0,15,128.287146
0.0,6,128.287394
0.0,24,128.288146
0.0,34,128.289196
0.0,33,128.290219
0.0,59,128.292011
0.0,7,128.29228
0.0,26,128.293106
0.0,10,128.293469
0.0,26,128.294282
0.0,7,128.294562
0.0,11,128.294945
0.0,7,128.295211
0.0,5,128.295436
0.0,37,128.296582
0.0,16,128.29711
0.0,31,128.298079
0.0,11,128.298476
0.0,19,128.299091
0.0,14,128.29957
0.0,5,128.299782
0.0,13,128.30022
0.0,5,128.300443
0.0,20,128.301086
0.0,18,128.301679
0.0,46,128.303177
0.0,21,128.303858
0.0,14,128.304343
0.0,23,128.30508
0.0,13,128.305536
0.0,19,128.306145
0.0,11,128.30654
0.0,12,128.306949
0.0,7,128.307214
0.0,3,128.307374
0.0,14,128.30784
0.0,21,128.308518
0.0,4,128.308698
0.0,8,128.308991
0.0,40,128.310207
0.0,3,128.310372
0.0,74,128.312581
0.0,7,128.312847
0.0,6,128.313084
0.0,16,128.313617
0.0,47,128.315035
0.0,7,128.315301
0.0,24,128.316063
0.0,28,128.316942
0.0,19,128.31756
0.0,9,128.317882
0.0,5,128.318089
0.0,100,128.321051
0.0,13,128.321501
0.0,6,128.321738
0.0,31,128.322701
0.0,27,128.323549
0.0,43,128.324854
0.0,5,128.325063
0.0,5,128.32527
0.0,19,128.325894
0.0,9,128.32622
0.0,30,128.327183
0.0,22,128.327912
0.0,14,128.328412
0.0,23,128.329137
0.0,8,128.329444
0.0,46,128.33084
0.0,8,128.331136
0.0,25,128.331928
0.0,17,128.332495
0.0,31,128.333465
0.0,46,128.334861
0.0,9,128.335187
0.0,11,128.335583
0.0,20,128.336222
0.0,24,128.336987
0.0,12,128.337406
0.0,37,128.338536
0.0,4,128.338716
0.0,42,128.339984
0.0,7,128.340252
0.0,41,128.341511
0.0,18,128.34209
0.0,79,128.344446
0.0,13,128.344885
0.0,27,128.345737
0.0,29,128.346647
0.0,15,128.347142
0.0,21,128.347818
0.0,6,128.348058
0.0,94,128.350841
0.0,4,128.351023
0.0,21,128.351703
0.0,46,128.353099
0.0,22,128.353806
0.0,43,128.355116
0.0,24,128.355885
0.0,41,128.357134
0.0,39,128.358323
0.0,14,128.358803
0.0,22,128.359507
0.0,12,128.359917
0.0,7,128.360183
0.0,12,128.360608
0.0,21,128.361274
0.0,6,128.361524
0.0,25,128.362303
0.0,8,128.36261
0.0,11,128.362992
0.0,15,128.363499
0.0,47,128.364929
0.0,88,128.367635
0.0,55,128.369286
0.0,60,128.371095
0.0,6,128.371334
0.0,19,128.371953
0.0,5,128.372162
0.0,10,128.372536
0.0,26,128.373354
0.0,16,128.373882
0.0,9,128.374206
0.0,12,128.37463
0.0,15,128.375125
0.0,5,128.375333
0.0,26,128.376158
0.0,12,128.376582
0.0,7,128.37685
0.0,4,128.37703
0.0,17,128.377592
0.0,6,128.377832
0.0,10,128.378184
0.0,16,128.378722
0.0,24,128.379487
0.0,24,128.380242
0.0,17,128.380812
0.0,10,128.381163
0.0,13,128.381612
0.0,27,128.382463
0.0,18,128.383044
0.0,30,128.383979
0.0,25,128.384777
0.0,26,128.385605
0.0,47,128.387028
0.0,13,128.387478
0.0,38,128.388642
0.0,25,128.389429
0.0,18,128.390007
0.0,16,128.390546
0.0,15,128.39104
0.0,9,128.391372
0.0,4,128.391554
0.0,7,128.39182
0.0,48,128.393262
0.0,18,128.393856
0.0,16,128.394393
0.0,4,128.394574
0.0,15,128.395066
0.0,11,128.395462
0.0,10,128.395815
0.0,13,128.396252
0.0,10,128.396621
0.0,5,128.396831
0.0,8,128.397125
0.0,9,128.39746
0.0,22,128.398156
0.0,7,128.398437
0.0,38,128.399603
0.0,41,128.400858
0.0,7,128.401124
0.0,7,128.401403
0.0,6,128.401643
0.0,20,128.40228
0.0,12,128.40281
0.0,19,128.403439
0.0,3,128.403592
0.0,8,128.403889
0.0,23,128.404628
0.0,9,128.404954
0.0,52,128.406565
0.0,8,128.406865
0.0,16,128.407409
0.0,6,128.407651
0.0,23,128.408388
0.0,18,128.408973
0.0,10,128.409325
0.0,27,128.41021
0.0,29,128.411121
0.0,21,128.411808
0.0,17,128.412375
0.0,14,128.412843
0.0,34,128.413898
0.0,44,128.415243
0.0,5,128.415473
0.0,7,128.415741
0.0,3,128.415893
0.0,12,128.416304
0.0,10,128.416668
0.0,43,128.417985
0.0,79,128.420442
0.0,7,128.420727
0.0,12,128.421139
0.0,5,128.421361
0.0,20,128.422003
0.0,33,128.423031
0.0,40,128.424261
0.0,35,128.425357
0.0,27,128.426203
0.0,15,128.426713
0.0,19,128.427327
0.0,35,128.428425
0.0,23,128.429155
0.0,27,128.430015
0.0,15,128.430526
0.0,6,128.430765
0.0,51,128.43231
0.0,5,128.432529
0.0,5,128.432739
0.0,11,128.43312
0.0,8,128.433431
0.0,13,128.433872
0.0,33,128.434897
0.0,6,128.435137
0.0,8,128.435451
0.0,6,128.435691
0.0,34,128.436745
0.0,16,128.437271
0.0,23,128.438015
0.0,22,128.438726
0.0,28,128.439615
0.0,9,128.439941
0.0,3,128.440093
0.0,26,128.440917
0.0,8,128.441214
0.0,16,128.441753
0.0,3,128.441906
0.0,7,128.442172
0.0,45,128.443555
0.0,7,128.443824
0.0,11,128.444205
0.0,29,128.445114
0.0,6,128.445371
0.0,88,128.44798
0.0,26,128.448809
0.0,81,128.451219
0.0,26,128.452047
0.0,7,128.452314
0.0,38,128.453512
0.0,31,128.454477
0.0,9,128.454803
0.0,23,128.455542
0.0,19,128.456152
0.0,48,128.457622
0.0,20,128.458264
0.0,24,128.459029
0.0,13,128.459483
0.0,12,128.459893
0.0,21,128.460571
0.0,17,128.461128
0.0,23,128.46187
0.0,29,128.46278
0.0,31,128.463752
0.0,16,128.464277
0.0,23,128.465013
0.0,38,128.466185
0.0,16,128.466722
0.0,45,128.468094
0.0,67,128.470108
0.0,54,128.471759
0.0,32,128.472753
0.0,4,128.472934
0.0,4,128.473114
0.0,10,128.473482
0.0,11,128.473863
0.0,17,128.474425
0.0,6,128.474663
0.0,24,128.475432
0.0,26,128.476243
0.0,15,128.476751
0.0,51,128.478295
0.0,17,128.478861
0.0,11,128.479243
0.0,12,128.479668
0.0,17,128.480221
0.0,37,128.481372
0.0,19,128.481985
0.0,12,128.482404
0.0,24,128.483158
0.0,7,128.483439
0.0,17,128.483994
0.0,9,128.484318
0.0,20,128.484962
0.0,26,128.485797
0.0,31,128.486763
0.0,42,128.488049
0.0,27,128.488903
0.0,7,128.489171
0.0,22,128.489883
0.0,13,128.490323
0.0,54,128.49196
0.0,7,128.492228
0.0,33,128.493253
0.0,13,128.493707
0.0,28,128.494587
0.0,9,128.49491
0.0,15,128.495423
0.0,3,128.495575
0.0,33,128.496603
0.0,15,128.497101
0.0,31,128.498068
0.0,13,128.49852
0.0,35,128.499604
0.0,25,128.500399
0.0,5,128.50061
0.0,61,128.50245
0.0,41,128.503706
0.0,5,128.503917
0.0,17,128.504483
0.0,4,128.504665
0.0,7,128.504931
0.0,9,128.505255
0.0,4,128.505545
0.0,6,128.505789
0.0,18,128.506382
0.0,5,128.506591
0.0,5,128.506798
0.0,5,128.507005
0.0,16,128.507539
0.0,6,128.507779
0.0,24,128.508541
0.0,29,128.509449
0.0,44,128.510789
0.0,22,128.511499
0.0,12,128.51191
0.0,20,128.512563
0.0,26,128.513389
0.0,3,128.513541
0.0,5,128.513748
0.0,19,128.514367
0.0,18,128.514948
0.0,8,128.515242
0.0,16,128.515784
0.0,9,128.516108
0.0,28,128.516989
0.0,15,128.517499
0.0,12,128.517908
0.0,13,128.518344
0.0,3,128.518506
0.0,35,128.519581
0.0,25,128.520373
0.0,16,128.520896
0.0,3,128.521046
0.0,27,128.521894
0.0,10,128.522246
0.0,9,128.522579
0.0,49,128.524056
0.0,22,128.524765
0.0,6,128.525004
0.0,22,128.525719
0.0,16,128.526244
0.0,9,128.52658
0.0,27,128.52743
0.0,50,128.528933
0.0,22,128.529639
0.0,17,128.530188
0.0,34,128.531233
0.0,56,128.53292
0.0,9,128.533244
0.0,39,128.534442
0.0,9,128.534766
0.0,6,128.535003
0.0,23,128.535743
0.0,5,128.535953
0.0,6,128.536188
0.0,31,128.537153
0.0,8,128.53746
0.0,15,128.537956
0.0,3,128.538106
0.0,22,128.538812
0.0,23,128.539549
0.0,18,128.540132
0.0,23,128.540866
0.0,27,128.541718
0.0,37,128.542856
0.0,37,128.543993
0.0,8,128.544288
0.0,79,128.546652
0.0,17,128.547207
0.0,12,128.547627
0.0,11,128.548007
0.0,22,128.548712
0.0,31,128.549676
0.0,47,128.551092
0.0,32,128.552078
0.0,3,128.552229
0.0,5,128.552448
0.0,21,128.553114
0.0,7,128.553392
0.0,8,128.553688
0.0,31,128.554654
0.0,23,128.555392
0.0,12,128.555802
0.0,3,128.555952
0.0,12,128.556367
0.0,15,128.556863
0.0,20,128.557513
0.0,10,128.557867
0.0,10,128.558218
0.0,16,128.558752
0.0,10,128.559106
0.0,20,128.559758
0.0,6,128.559996
0.0,17,128.56056
0.0,34,128.56161
0.0,51,128.563143
0.0,5,128.563363
0.0,7,128.56363
0.0,5,128.563839
0.0,11,128.564219
0.0,10,128.564581
0.0,9,128.564904
0.0,19,128.565532
0.0,13,128.56597
0.0,10,128.56632
0.0,22,128.567022
0.0,7,128.56729
0.0,21,128.56797
0.0,93,128.570723
0.0,44,128.572061
0.0,3,128.572213
0.0,25,128.573006
0.0,16,128.573545
0.0,16,128.574068
0.0,7,128.574333
0.0,18,128.574923
0.0,3,128.575073
0.0,8,128.575383
0.0,18,128.575965
0.0,5,128.576173
0.0,44,128.577516
0.0,36,128.578618
0.0,25,128.579411
0.0,29,128.580306
0.0,44,128.581648
0.0,26,128.58247
0.0,18,128.583052
0.0,41,128.5843
0.0,19,128.584921
0.0,7,128.585187
0.0,13,128.585642
0.0,14,128.586108
0.0,42,128.5874
0.0,20,128.588038
0.0,8,128.588332
0.0,17,128.588892
0.0,12,128.589298
0.0,26,128.590117
0.0,15,128.590624
0.0,23,128.591345
0.0,33,128.592376
0.0,42,128.593656
0.0,8,128.59395
0.0,79,128.596287
0.0,100,128.599241
0.0,21,128.599918
0.0,20,128.600566
0.0,9,128.600889
0.0,10,128.601258
0.0,23,128.601994
0.0,8,128.60229
0.0,9,128.602624
0.0,4,128.602805
0.0,16,128.603323
0.0,29,128.604223
0.0,13,128.604672
0.0,22,128.605379
0.0,5,128.605697
0.0,8,128.605995
0.0,31,128.606966
0.0,12,128.607389
0.0,24,128.608146
0.0,20,128.608797
0.0,6,128.609036
0.0,10,128.609399
0.0,3,128.609551
0.0,16,128.610074
0.0,3,128.610224
0.0,4,128.610416
0.0,3,128.610568
0.0,14,128.611034
0.0,25,128.611827
0.0,24,128.612595
0.0,11,128.612979
0.0,20,128.613631
0.0,3,128.613782
0.0,8,128.614077
0.0,10,128.614444
0.0,10,128.614797
0.0,6,128.615034
0.0,5,128.615242
0.0,11,128.61564
0.0,31,128.616609
0.0,10,128.616962
0.0,30,128.617899
0.0,13,128.618338
0.0,8,128.618645
0.0,31,128.619611
0.0,12,128.620023
0.0,6,128.62026
0.0,10,128.620624
0.0,27,128.621474
0.0,26,128.622285
0.0,25,128.623077
0.0,16,128.623616
0.0,13,128.624053
0.0,14,128.624532
0.0,45,128.625903
0.0,9,128.626228
0.0,4,128.62642
0.0,10,128.626771
0.0,22,128.627478
0.0,41,128.628728
0.0,9,128.629051
0.0,12,128.629472
0.0,33,128.630492
0.0,5,128.630701
0.0,18,128.631283
0.0,6,128.631531
0.0,19,128.632143
0.0,16,128.632679
0.0,3,128.632831
0.0,13,128.633268
0.0,28,128.634147
0.0,55,128.635816
0.0,24,128.636586
0.0,4,128.636768
0.0,47,128.638195
0.0,4,128.638389
0.0,5,128.638597
0.0,24,128.639355
0.0,32,128.640338
0.0,12,128.640761
0.0,30,128.641699
0.0,100,128.644662
0.0,30,128.645608
0.0,6,128.645847
0.0,34,128.646901
0.0,6,128.647141
0.0,15,128.647647
0.0,15,128.648143
0.0,13,128.648594
0.0,18,128.649176
0.0,4,128.649365
0.0,7,128.649632
0.0,14,128.650097
0.0,9,128.650441
0.0,4,128.650623
0.0,22,128.65132
0.0,10,128.651682
0.0,75,128.653925
0.0,40,128.655148
0.0,19,128.655779
0.0,14,128.656248
0.0,29,128.657159
0.0,11,128.657553
0.0,12,128.657965
0.0,6,128.658203
0.0,10,128.658569
0.0,3,128.658721
0.0,9,128.659045
0.0,20,128.659694
0.0,78,128.662022
0.0,17,128.662589
0.0,9,128.662914
0.0,25,128.663707
0.0,24,128.664482
0.0,18,128.665076
0.0,13,128.665555
0.0,85,128.668141
0.0,14,128.668726
0.0,6,128.66897
0.0,23,128.669719
0.0,8,128.67003
0.0,19,128.670676
0.0,3,128.670837
0.0,22,128.671561
0.0,35,128.672654
0.0,41,128.673936
0.0,4,128.674137
0.0,12,128.674563
0.0,33,128.675608
0.0,20,128.676263
0.0,63,128.678185
0.0,26,128.67907
0.0,9,128.679422
0.0,6,128.679665
0.0,12,128.680076
0.0,8,128.680385
0.0,24,128.681146
0.0,9,128.681497
0.0,58,128.683264
0.0,23,128.684072
0.0,56,128.685793
0.0,22,128.686537
0.0,5,128.686756
0.0,8,128.687052
0.0,8,128.687356
0.0,15,128.687958
0.0,23,128.688694
0.0,33,128.68972
0.0,68,128.691751
0.0,47,128.693175
0.0,18,128.69377
0.0,87,128.696366
0.0,46,128.697764
0.0,14,128.698233
0.0,9,128.698569
0.0,10,128.698923
0.0,4,128.699102
0.0,41,128.700358
0.0,18,128.700942
0.0,30,128.701881
0.0,8,128.702179
0.0,18,128.702773
0.0,29,128.703686
0.0,24,128.704458
0.0,13,128.704898
0.0,11,128.705279
0.0,39,128.706528
0.0,18,128.70728
0.0,4,128.70747
0.0,26,128.708282
0.0,6,128.708533
0.0,12,128.708944
0.0,9,128.709266
0.0,4,128.709457
0.0,16,128.709981
0.0,48,128.711439
0.0,12,128.711849
0.0,21,128.712524
0.0,26,128.713333
0.0,3,128.713494
0.0,11,128.713872
0.0,34,128.714922
0.0,19,128.715552
0.0,6,128.715791
0.0,51,128.717322
0.0,10,128.717683
0.0,3,128.717835
0.0,6,128.718071
0.0,19,128.718691
0.0,14,128.719157
0.0,12,128.719577
0.0,6,128.719815
0.0,7,128.720081
0.0,16,128.720616
0.0,16,128.721138
0.0,46,128.722543
0.0,7,128.722811
0.0,7,128.723075
0.0,34,128.724121
0.0,22,128.72483
0.0,60,128.726638
0.0,12,128.727049
0.0,18,128.72764
0.0,20,128.728281
0.0,30,128.729211
0.0,65,128.731161
0.0,16,128.731696
0.0,7,128.731963
0.0,33,128.732985
0.0,5,128.733194
0.0,12,128.733615
0.0,17,128.73417
0.0,7,128.734448
0.0,16,128.734973
0.0,6,128.735209
0.0,54,128.736848
0.0,12,128.737258
0.0,5,128.737477
0.0,12,128.737888
0.0,12,128.738294
0.0,16,128.738825
0.0,27,128.739677
0.0,19,128.740286
0.0,10,128.740649
0.0,38,128.741809
0.0,13,128.742269
0.0,3,128.742431
0.0,9,128.742754
0.0,21,128.743429
0.0,55,128.745077
0.0,15,128.745589
0.0,24,128.746343
0.0,8,128.746649
0.0,22,128.747344
0.0,6,128.747593
0.0,23,128.748317
0.0,28,128.749192
0.0,32,128.750186
0.0,15,128.750693
0.0,8,128.750987
0.0,5,128.751194
0.0,33,128.752212
0.0,8,128.752519
0.0,10,128.752871
0.0,5,128.753078
0.0,21,128.753756
0.0,20,128.754404
0.0,6,128.754641
0.0,9,128.754963
0.0,19,128.755587
0.0,4,128.755767
0.0,25,128.756557
0.0,27,128.757413
0.0,11,128.757794
0.0,6,128.758029
0.0,25,128.758817
0.0,10,128.759169
0.0,54,128.760793
0.0,3,128.760946
0.0,5,128.761153
0.0,6,128.761403
0.0,11,128.761784
0.0,16,128.762306
0.0,24,128.763065
0.0,46,128.764466
0.0,58,128.7662
0.0,16,128.766736
0.0,24,128.767497
0.0,3,128.767648
0.0,27,128.768496
0.0,11,128.768876
0.0,15,128.769382
0.0,9,128.769705
0.0,55,128.771354
0.0,13,128.771794
0.0,23,128.772527
0.0,21,128.773192
0.0,17,128.773756
0.0,39,128.774941
0.0,11,128.775323
0.0,48,128.776786
0.0,12,128.777194
0.0,19,128.777818
0.0,44,128.779151
0.0,21,128.779829
0.0,45,128.781185
0.0,59,128.782954
0.0,3,128.783106
0.0,9,128.783449
0.0,24,128.7842
0.0,19,128.784821
0.0,20,128.78548
0.0,24,128.786232
0.0,5,128.786453
0.0,89,128.789117
0.0,4,128.789298
0.0,61,128.791119
0.0,23,128.791853
0.0,24,128.792616
0.0,15,128.793109
0.0,22,128.793816
0.0,12,128.794227
0.0,34,128.795278
0.0,11,128.795677
0.0,6,128.795914
0.0,20,128.796564
0.0,25,128.797342
0.0,94,128.800118
0.0,33,128.801136
0.0,9,128.801472
0.0,24,128.802223
0.0,5,128.802445
0.0,6,128.802683
0.0,43,128.803988
0.0,21,128.804666
0.0,20,128.805302
0.0,6,128.805554
0.0,23,128.806274
0.0,83,128.808733
0.0,4,128.809016
0.0,3,128.809169
0.0,12,128.809593
0.0,32,128.810597
0.0,14,128.811068
0.0,7,128.811336
0.0,37,128.812492
0.0,22,128.81319
0.0,37,128.814332
0.0,21,128.815014
0.0,25,128.815816
0.0,6,128.816057
0.0,15,128.816566
0.0,23,128.817291
0.0,14,128.81777
0.0,13,128.81821
0.0,3,128.818372
0.0,14,128.81884
0.0,40,128.820062
0.0,21,128.820744
0.0,13,128.821184
0.0,4,128.821374
0.0,5,128.821584
0.0,9,128.821907
0.0,37,128.823042
0.0,4,128.823224
0.0,8,128.82353
0.0,100,128.826517
0.0,8,128.826813
0.0,19,128.827433
0.0,26,128.82825
0.0,24,128.829021
0.0,19,128.829645
0.0,14,128.830114
0.0,6,128.830362
0.0,6,128.830601
0.0,3,128.830752
0.0,57,128.832479
0.0,58,128.834215
0.0,28,128.835098
0.0,26,128.835927
0.0,74,128.838138
0.0,22,128.838847
0.0,9,128.839172
0.0,4,128.83936
0.0,36,128.840471
0.0,6,128.84071
0.0,15,128.841206
0.0,25,128.841999
0.0,24,128.842768
0.0,33,128.843789
0.0,22,128.844501
0.0,10,128.844854
0.0,8,128.845149
0.0,16,128.845689
0.0,3,128.845841
0.0,30,128.846777
0.0,5,128.846988
0.0,7,128.847253
0.0,6,128.847501
0.0,3,128.847652
0.0,31,128.84862
0.0,5,128.848831
0.0,26,128.849654
0.0,19,128.850267
0.0,4,128.85046
0.0,58,128.852198
0.0,19,128.852825
0.0,43,128.854134
0.0,13,128.854589
0.0,21,128.85526
0.0,35,128.856343
0.0,12,128.856765
0.0,8,128.857059
0.0,28,128.857939
0.0,29,128.858848
0.0,9,128.859174
0.0,47,128.860608
0.0,41,128.861862
0.0,18,128.862459
0.0,27,128.8633
0.0,8,128.863605
0.0,96,128.866459
0.0,7,128.866728
0.0,9,128.867052
0.0,51,128.868601
0.0,8,128.868898
0.0,14,128.869374
0.0,12,128.869785
0.0,35,128.870878
0.0,15,128.87139
0.0,7,128.87166
0.0,50,128.873174
0.0,14,128.873655
0.0,25,128.874453
0.0,19,128.875067
0.0,11,128.875465
0.0,100,128.878429
0.0,18,128.879012
0.0,4,128.879193
0.0,16,128.879731
0.0,46,128.881178
0.0,5,128.881399
0.0,52,128.88297
0.0,36,128.884078
0.0,16,128.884617
0.0,31,128.885589
0.0,17,128.886143
0.0,15,128.886652
0.0,20,128.887293
0.0,9,128.887629
0.0,16,128.888155
0.0,19,128.88878
0.0,43,128.890093
0.0,11,128.890489
0.0,7,128.890759
0.0,18,128.891342
0.0,21,128.892021
0.0,19,128.892647
0.0,17,128.893202
0.0,12,128.893624
0.0,6,128.893863
0.0,37,128.895
0.0,7,128.895267
0.0,16,128.89581
0.0,9,128.896134
0.0,10,128.896521
0.0,28,128.897399
0.0,9,128.897727
0.0,35,128.89881
0.0,4,128.898991
0.0,36,128.900104
0.0,73,128.902287
0.0,21,128.902967
0.0,3,128.90312
0.0,47,128.904552
0.0,74,128.906772
0.0,38,128.907939
0.0,14,128.908422
0.0,11,128.908805
0.0,19,128.909429
0.0,17,128.909984
0.0,83,128.912451
0.0,35,128.91353
0.0,14,128.913998
0.0,17,128.914566
0.0,19,128.915178
0.0,9,128.915517
0.0,12,128.915929
0.0,12,128.916337
0.0,6,128.916691
0.0,66,128.918675
0.0,5,128.918886
0.0,4,128.919064
0.0,49,128.920553
0.0,12,128.920964
0.0,26,128.921783
0.0,4,128.921964
0.0,3,128.922114
0.0,20,128.92276
0.0,16,128.923282
0.0,6,128.923529
0.0,6,128.923767
0.0,38,128.924927
0.0,18,128.925527
0.0,7,128.925794
0.0,34,128.926845
0.0,3,128.926996
0.0,5,128.927203
0.0,4,128.927393
0.0,11,128.927773
0.0,10,128.928123
0.0,7,128.9284
0.0,71,128.930516
0.0,11,128.930897
0.0,65,128.93284
0.0,12,128.93325
0.0,13,128.933697
0.0,13,128.934134
0.0,4,128.934312
0.0,8,128.934613
0.0,21,128.935279
0.0,8,128.935589
0.0,24,128.93634
0.0,9,128.936674
0.0,55,128.938316
0.0,35,128.939402
0.0,9,128.939726
0.0,26,128.940544
0.0,25,128.941323
0.0,13,128.94177
0.0,4,128.941948
0.0,22,128.942653
0.0,17,128.943205
0.0,17,128.943769
0.0,6,128.944006
0.0,7,128.944271
0.0,8,128.944577
0.0,4,128.944758
0.0,12,128.945166
0.0,11,128.945565
0.0,13,128.946002
0.0,3,128.946152
0.0,21,128.94683
0.0,9,128.947154
0.0,11,128.947545
0.0,12,128.947954
0.0,39,128.949147
0.0,7,128.949428
0.0,10,128.949781
0.0,17,128.950331
0.0,13,128.950779
0.0,4,128.950958
0.0,3,128.951107
0.0,25,128.9519
0.0,38,128.953066
0.0,22,128.953776
0.0,8,128.954071
0.0,59,128.955851
0.0,38,128.957013
0.0,14,128.95749
0.0,14,128.957955
0.0,10,128.958308
0.0,11,128.958698
0.0,71,128.960815
0.0,18,128.961407
0.0,4,128.961587
0.0,15,128.962081
0.0,4,128.96226
0.0,8,128.962568
0.0,18,128.96315
0.0,33,128.964172
0.0,28,128.965052
0.0,18,128.965652
0.0,42,128.966934
0.0,10,128.967287
0.0,14,128.967766
0.0,20,128.968419
0.0,4,128.9686
0.0,50,128.970113
0.0,8,128.970422
0.0,7,128.970689
0.0,35,128.971765
0.0,12,128.972173
0.0,21,128.972851
0.0,15,128.973345
0.0,24,128.974105
0.0,16,128.974641
0.0,14,128.975108
0.0,29,128.97602
0.0,15,128.976526
0.0,9,128.976851
0.0,23,128.977584
0.0,3,128.977736
0.0,20,128.978383
0.0,21,128.979049
0.0,4,128.979228
0.0,11,128.979621
0.0,14,128.980088
0.0,16,128.980621
0.0,8,128.980916
0.0,8,128.981208
0.0,13,128.981655
0.0,4,128.981836
0.0,10,128.982186
0.0,49,128.983671
0.0,15,128.984164
0.0,29,128.985068
0.0,25,128.985866
0.0,18,128.98646
0.0,5,128.986669
0.0,14,128.987134
0.0,10,128.987495
0.0,20,128.988131
0.0,13,128.988581
0.0,26,128.9894
0.0,5,128.989608
0.0,4,128.989787
0.0,8,128.990081
0.0,32,128.991074
0.0,18,128.991668
0.0,35,128.99275
0.0,15,128.993245
0.0,37,128.994392
0.0,16,128.994916
0.0,18,128.995513
0.0,24,128.996266
0.0,27,128.997115
0.0,62,128.998974
0.0,29,128.99988
0.0,15,129.000389
0.0,59,129.002142
0.0,14,129.002623
0.0,36,129.00373
0.0,47,129.005148
0.0,21,129.005832
0.0,25,129.006626
0.0,27,129.007479
0.0,25,129.008262
0.0,25,129.009052
0.0,7,129.009319
0.0,7,129.009593
0.0,6,129.00983
0.0,53,129.011431
0.0,9,129.011754
0.0,13,129.01219
0.0,6,129.012441
0.0,9,129.012766
0.0,15,129.013259
0.0,13,129.013709
0.0,29,129.014616
0.0,13,129.015054
0.0,3,129.015204
0.0,38,129.01638
0.0,25,129.017264
0.0,7,129.017544
0.0,7,129.017812
0.0,11,129.018193
0.0,32,129.019192
0.0,21,129.019876
0.0,3,129.020029
0.0,11,129.020423
0.0,80,129.022809
0.0,9,129.023134
0.0,4,129.023313
0.0,20,129.02396
0.0,56,129.025654
0.0,30,129.026594
0.0,23,129.027317
0.0,11,129.027706
0.0,5,129.027917
0.0,36,129.029028
0.0,13,129.02948
0.0,3,129.029632
0.0,3,129.029783
0.0,16,129.030305
0.0,7,129.03058
0.0,6,129.03082
0.0,24,129.031584
0.0,7,129.031852
0.0,8,129.032146
0.0,19,129.032767
0.0,17,129.033321
0.0,6,129.033566
0.0,16,129.034092
0.0,9,129.034431
0.0,12,129.034842
0.0,90,129.037546
0.0,24,129.0383
0.0,3,129.038464
0.0,13,129.038902
0.0,27,129.039754
0.0,10,129.040108
0.0,9,129.040446
0.0,4,129.040627
0.0,44,129.041969
0.0,46,129.043373
0.0,17,129.043931
0.0,22,129.044641
0.0,65,129.046599
0.0,36,129.047709
0.0,35,129.048794
0.0,27,129.049647
0.0,14,129.050115
0.0,13,129.050568
0.0,23,129.051293
0.0,15,129.0518
0.0,11,129.052183
0.0,7,129.052462
0.0,36,129.053569
0.0,15,129.054066
0.0,5,129.054276
0.0,5,129.054494
0.0,11,129.054876
0.0,8,129.05517
0.0,5,129.055394
0.0,9,129.055719
0.0,22,129.056428
0.0,4,129.056609
0.0,23,129.057334
0.0,13,129.057783
0.0,23,129.05852
0.0,15,129.059018
0.0,14,129.059495
0.0,7,129.05976
0.0,28,129.060639
0.0,40,129.061864
0.0,9,129.06219
0.0,21,129.062869
0.0,22,129.06358
0.0,18,129.064166
0.0,29,129.065081
0.0,5,129.065291
0.0,7,129.065573
0.0,15,129.066071
0.0,17,129.066635
0.0,37,129.067773
0.0,21,129.068454
0.0,8,129.06875
0.0,29,129.069659
0.0,18,129.070242
0.0,28,129.071137
0.0,47,129.072582
0.0,30,129.07352
0.0,42,129.074803
0.0,7,129.07507
0.0,22,129.075783
0.0,19,129.076408
0.0,17,129.076963
0.0,5,129.077171
0.0,12,129.07759
0.0,20,129.078229
0.0,7,129.078507
0.0,22,129.079204
0.0,5,129.079422
0.0,5,129.079631
0.0,15,129.080125
0.0,48,129.081583
0.0,11,129.081964
0.0,11,129.082344
0.0,12,129.082765
0.0,37,129.083904
0.0,10,129.084258
0.0,42,129.085556
0.0,20,129.086196
0.0,57,129.087909
0.0,3,129.088062
0.0,6,129.088298
0.0,47,129.089725
0.0,21,129.090407
0.0,13,129.090845
0.0,16,129.091377
0.0,29,129.092272
0.0,8,129.092578
0.0,20,129.093219
0.0,21,129.093897
0.0,3,129.09405
0.0,17,129.094615
0.0,23,129.095339
0.0,21,129.096022
0.0,13,129.096473
0.0,28,129.097344
0.0,48,129.098805
0.0,34,129.099857
0.0,12,129.100268
0.0,29,129.101177
0.0,12,129.101599
0.0,5,129.101808
0.0,15,129.102303
0.0,9,129.102639
0.0,11,129.103022
0.0,35,129.104104
0.0,14,129.104585
0.0,7,129.104852
0.0,11,129.105232
0.0,29,129.106144
0.0,32,129.107142
0.0,13,129.107593
0.0,14,129.108059
0.0,4,129.108238
0.0,47,129.109671
0.0,15,129.110168
0.0,42,129.111455
0.0,4,129.111636
0.0,22,129.112331
0.0,6,129.112581
0.0,11,129.11296
0.0,12,129.113379
0.0,23,129.114103
0.0,18,129.114699
0.0,22,129.11541
0.0,6,129.115649
0.0,4,129.115829
0.0,3,129.115979
0.0,41,129.11723
0.0,35,129.118419
0.0,59,129.120181
0.0,34,129.121233
0.0,29,129.12214
0.0,28,129.123017
0.0,28,129.123894
0.0,12,129.124302
0.0,12,129.124719
0.0,4,129.124899
0.0,32,129.125894
0.0,8,129.12619
0.0,4,129.12638
0.0,30,129.127297
0.0,3,129.127458
0.0,17,129.12801
0.0,7,129.128275
0.0,28,129.129151
0.0,13,129.129601
0.0,14,129.130067
0.0,9,129.1304
0.0,44,129.13173
0.0,42,129.133003
0.0,3,129.133155
0.0,37,129.134288
0.0,22,129.134992
0.0,7,129.135258
0.0,57,129.136977
0.0,5,129.137187
0.0,100,129.140138
0.0,10,129.140504
0.0,7,129.140771
0.0,42,129.14204
0.0,5,129.142249
0.0,10,129.142611
0.0,15,129.143104
0.0,11,129.143494
0.0,25,129.144268
0.0,17,129.14483
0.0,11,129.14521
0.0,36,129.146316
0.0,16,129.146846
0.0,38,129.148006
0.0,43,129.149307
0.0,17,129.149868
0.0,4,129.150047
0.0,28,129.150923
0.0,19,129.151553
0.0,49,129.153032
0.0,25,129.153825
0.0,30,129.15476
0.0,6,129.154998
0.0,6,129.155233
0.0,51,129.156777
0.0,41,129.158023
0.0,19,129.158642
0.0,14,129.159108
0.0,28,129.159984
0.0,3,129.160136
0.0,34,129.161185
0.0,12,129.161604
0.0,34,129.16265
0.0,16,129.163172
0.0,18,129.163762
0.0,20,129.164409
0.0,19,129.165017
0.0,11,129.16541
0.0,8,129.165706
0.0,45,129.16706
0.0,4,129.167239
0.0,20,129.167884
0.0,12,129.168293
0.0,19,129.168909
0.0,13,129.169355
0.0,5,129.169564
0.0,16,129.170084
0.0,21,129.170763
0.0,3,129.170915
0.0,22,129.171619
0.0,21,129.172287
0.0,12,129.172707
0.0,4,129.172886
0.0,13,129.173323
0.0,50,129.174839
0.0,18,129.175439
0.0,7,129.175706
0.0,25,129.176495
0.0,18,129.177074
0.0,17,129.177636
0.0,30,129.178572
0.0,18,129.179154
0.0,24,129.179916
0.0,29,129.180823
0.0,15,129.181333
0.0,28,129.182203
0.0,86,129.184752
0.0,6,129.184989
0.0,25,129.185785
0.0,25,129.186581
0.0,45,129.187942
0.0,46,129.189328
0.0,23,129.190055
0.0,37,129.191186
0.0,17,129.19175
0.0,13,129.192185
0.0,26,129.193002
0.0,92,129.195722
0.0,17,129.196275
0.0,27,129.197122
0.0,5,129.19733
0.0,5,129.197546
0.0,41,129.198791
0.0,13,129.199226
0.0,25,129.200016
0.0,9,129.20034
0.0,16,129.200871
0.0,33,129.201887
0.0,9,129.20221
0.0,36,129.203312
0.0,8,129.203616
0.0,3,129.203768
0.0,18,129.204353
0.0,16,129.204878
0.0,35,129.205955
0.0,82,129.20839
0.0,25,129.209168
0.0,97,129.212024
0.0,13,129.212475
0.0,11,129.212857
0.0,9,129.213177
0.0,11,129.213567
0.0,8,129.213861
0.0,34,129.214906
0.0,28,129.215787
0.0,47,129.217209
0.0,29,129.218114
0.0,16,129.218651
0.0,49,129.220121
0.0,25,129.220912
0.0,30,129.221845
0.0,11,129.222225
0.0,24,129.222987
0.0,31,129.22395
0.0,15,129.224457
0.0,5,129.224666
0.0,14,129.225129
0.0,54,129.226762
0.0,5,129.22697
0.0,5,129.227177
0.0,39,129.228374
0.0,21,129.229043
0.0,6,129.22928
0.0,20,129.229928
0.0,5,129.230137
0.0,5,129.230343
0.0,65,129.232287
0.0,3,129.232545
0.0,21,129.23323
0.0,13,129.233683
0.0,6,129.233922
0.0,46,129.235313
0.0,14,129.235795
0.0,15,129.236292
0.0,15,129.236798
0.0,46,129.238191
0.0,26,129.239012
0.0,43,129.240319
0.0,5,129.240537
0.0,8,129.240833
0.0,4,129.241011
0.0,23,129.241745
0.0,18,129.242327
0.0,7,129.242602
0.0,10,129.242955
0.0,3,129.243105
0.0,4,129.243284
0.0,50,129.244801
0.0,13,129.245239
0.0,10,129.245609
0.0,17,129.246161
0.0,42,129.247448
0.0,23,129.248172
0.0,39,129.249378
0.0,12,129.249789
0.0,74,129.251997
0.0,5,129.252208
0.0,15,129.252716
0.0,30,129.253657
0.0,4,129.253838
0.0,44,129.255179
0.0,19,129.25581
0.0,61,129.257647
0.0,11,129.25803
0.0,7,129.258295
0.0,42,129.259585
0.0,25,129.260378
0.0,31,129.261334
0.0,31,129.2623
0.0,7,129.262576
0.0,18,129.26316
0.0,9,129.263496
0.0,5,129.263705
0.0,48,129.265163
0.0,9,129.265507
0.0,41,129.266766
0.0,25,129.267567
0.0,79,129.269922
0.0,38,129.2711
0.0,5,129.27131
0.0,20,129.271959
0.0,12,129.272382
0.0,21,129.27305
0.0,32,129.274047
0.0,5,129.274257
0.0,35,129.275337
0.0,19,129.275964
0.0,9,129.276287
0.0,60,129.2781
0.0,48,129.27957
0.0,24,129.280325
0.0,15,129.280832
0.0,6,129.28107
0.0,11,129.281466
0.0,50,129.28298
0.0,11,129.283375
0.0,9,129.283701
0.0,3,129.283853
0.0,9,129.284175
0.0,23,129.284913
0.0,36,129.286026
0.0,40,129.287253
0.0,6,129.287505
0.0,14,129.287972
0.0,11,129.288361
0.0,31,129.289315
0.0,5,129.289533
0.0,13,129.289972
0.0,3,129.290121
0.0,33,129.291141
0.0,7,129.291422
0.0,14,129.291889
0.0,23,129.292624
0.0,53,129.294222
0.0,13,129.294675
0.0,8,129.29497
0.0,4,129.295149
0.0,22,129.295864
0.0,11,129.296247
0.0,9,129.296582
0.0,14,129.297049
0.0,23,129.297784
0.0,20,129.298437
0.0,6,129.298676
0.0,12,129.299087
0.0,8,129.299394
0.0,8,129.299691
0.0,84,129.302189
0.0,25,129.30299
0.0,16,129.303529
0.0,47,129.304956
0.0,16,129.305499
0.0,24,129.306255
0.0,20,129.306908
0.0,11,129.30729
0.0,43,129.308603
0.0,4,129.308784
0.0,12,129.309191
0.0,22,129.309901
0.0,11,129.310283
0.0,7,129.310559
0.0,14,129.311025
0.0,21,129.311705
0.0,7,129.311972
0.0,64,129.313896
0.0,10,129.31425
0.0,17,129.314815
0.0,5,129.315025
0.0,7,129.31529
0.0,16,129.315831
0.0,22,129.316537
0.0,11,129.31692
0.0,30,129.317856
0.0,11,129.318238
0.0,25,129.319031
0.0,14,129.319513
0.0,26,129.320325
0.0,39,129.321534
0.0,17,129.32209
0.0,5,129.322298
0.0,10,129.322661
0.0,8,129.322956
0.0,4,129.323134
0.0,7,129.323411
0.0,12,129.323822
0.0,30,129.324768
0.0,36,129.325887
0.0,24,129.326654
0.0,27,129.327506
0.0,15,129.328002
0.0,26,129.328824
0.0,9,129.329149
0.0,7,129.329429
0.0,7,129.329696
0.0,62,129.331565
0.0,8,129.331864
0.0,4,129.332044
0.0,9,129.332379
0.0,20,129.333133
0.0,18,129.333729
0.0,20,129.334377
0.0,37,129.335519
0.0,11,129.3359
0.0,33,129.336921
0.0,21,129.337616
0.0,9,129.33794
0.0,35,129.33902
0.0,95,129.341832
0.0,10,129.342185
0.0,29,129.343091
0.0,16,129.343631
0.0,6,129.343869
0.0,3,129.344019
0.0,30,129.344949
0.0,3,129.345101
0.0,8,129.345411
0.0,33,129.346429
0.0,3,129.346581
0.0,25,129.347369
0.0,22,129.348063
0.0,23,129.348795
0.0,19,129.349419
0.0,19,129.350025
0.0,25,129.350814
0.0,15,129.351311
0.0,5,129.351527
0.0,83,129.353984
0.0,10,129.354337
0.0,15,129.354839
0.0,37,129.355978
0.0,30,129.356914
0.0,9,129.357238
0.0,7,129.357515
0.0,29,129.35842
0.0,36,129.359525
0.0,21,129.360188
0.0,21,129.360867
0.0,25,129.361659
0.0,31,129.362622
0.0,18,129.3632
0.0,21,129.363878
0.0,5,129.364087
0.0,49,129.365579
0.0,4,129.36576
0.0,13,129.366196
0.0,91,129.36889
0.0,24,129.369657
0.0,11,129.37004
0.0,54,129.371667
0.0,8,129.371962
0.0,10,129.372312
0.0,54,129.373943
0.0,13,129.374392
0.0,61,129.376219
0.0,25,129.377012
0.0,32,129.378004
0.0,17,129.378566
0.0,11,129.378947
0.0,16,129.379482
0.0,7,129.379747
0.0,4,129.379925
0.0,25,129.380717
0.0,15,129.381211
0.0,24,129.381972
0.0,6,129.38221
0.0,26,129.38303
0.0,14,129.383509
0.0,14,129.383976
0.0,28,129.384853
0.0,3,129.385004
0.0,5,129.385212
0.0,8,129.385522
0.0,9,129.385845
0.0,5,129.386053
0.0,26,129.386874
0.0,40,129.388096
0.0,23,129.388833
0.0,15,129.389331
0.0,6,129.38958
0.0,13,129.390016
0.0,28,129.390893
0.0,25,129.391686
0.0,16,129.392209
0.0,14,129.392687
0.0,7,129.392953
0.0,22,129.39366
0.0,26,129.39448
0.0,8,129.394775
0.0,9,129.395097
0.0,12,129.395523
0.0,30,129.39646
0.0,40,129.397679
0.0,12,129.398089
0.0,40,129.399307
0.0,34,129.400364
0.0,12,129.400777
0.0,11,129.401156
0.0,5,129.401374
0.0,18,129.401954
0.0,16,129.402483
0.0,6,129.402721
0.0,9,129.403042
0.0,8,129.403334
0.0,10,129.403697
0.0,8,129.40399
0.0,9,129.40431
0.0,44,129.405655
0.0,11,129.406036
0.0,11,129.406427
0.0,9,129.40675
0.0,9,129.407073
0.0,38,129.408243
0.0,16,129.408784
0.0,14,129.40925
0.0,34,129.410296
0.0,11,129.410688
0.0,6,129.410925
0.0,35,129.412
0.0,40,129.413218
0.0,34,129.414267
0.0,53,129.415869
0.0,13,129.416307
0.0,10,129.416667
0.0,47,129.418085
0.0,28,129.418961
0.0,3,129.419112
0.0,18,129.419704
0.0,86,129.422238
0.0,19,129.422861
0.0,58,129.424595
0.0,9,129.424917
0.0,61,129.426745
0.0,18,129.427328
0.0,6,129.427576
0.0,3,129.427725
0.0,28,129.428599
0.0,38,129.429759
0.0,3,129.429911
0.0,5,129.430118
0.0,9,129.430451
0.0,7,129.430716
0.0,16,129.431237
0.0,38,129.432408
0.0,19,129.433021
0.0,13,129.433474
0.0,30,129.434414
0.0,7,129.434681
0.0,47,129.436105
0.0,50,129.437737
0.0,12,129.438151
0.0,6,129.4384
0.0,46,129.4398
0.0,20,129.440454
0.0,22,129.441152
0.0,36,129.442264
0.0,7,129.442544
0.0,16,129.443069
0.0,12,129.443492
0.0,7,129.443759
0.0,20,129.444408
0.0,8,129.444704
0.0,10,129.445055
0.0,37,129.446197
0.0,17,129.446766
0.0,25,129.447562
0.0,25,129.448343
0.0,75,129.450588
0.0,3,129.450741
0.0,6,129.450977
0.0,24,129.451745
0.0,21,129.45242
0.0,71,129.454547
0.0,19,129.455159
0.0,17,129.455731
0.0,7,129.455999
0.0,4,129.45618
0.0,19,129.456802
0.0,43,129.458115
0.0,17,129.458683
0.0,8,129.458978
0.0,4,129.459158
0.0,6,129.459407
0.0,22,129.460104
0.0,58,129.461853
0.0,5,129.462062
0.0,37,129.4632
0.0,9,129.463538
0.0,5,129.463747
0.0,6,129.463983
0.0,17,129.464548
0.0,4,129.464728
0.0,59,129.466513
0.0,4,129.466694
0.0,4,129.466874
0.0,23,129.467609
0.0,8,129.467907
0.0,12,129.468317
0.0,32,129.469312
0.0,46,129.470727
0.0,25,129.471526
0.0,40,129.472749
0.0,27,129.473607
0.0,23,129.47433
0.0,20,129.474978
0.0,22,129.475695
0.0,30,129.476633
0.0,21,129.477303
0.0,42,129.478598
0.0,4,129.47878
0.0,15,129.479274
0.0,23,129.480011
0.0,10,129.480374
0.0,29,129.481272
0.0,3,129.481436
0.0,14,129.481902
0.0,28,129.482785
0.0,15,129.483283
0.0,4,129.483475
0.0,18,129.484055
0.0,10,129.484421
0.0,9,129.484746
0.0,31,129.485718
0.0,21,129.48639
0.0,14,129.486852
0.0,16,129.487383
0.0,3,129.487549
0.0,13,129.487982
0.0,28,129.488854
0.0,37,129.489984
0.0,22,129.490686
0.0,11,129.491064
0.0,23,129.491795
0.0,3,129.491945
0.0,8,129.492235
0.0,3,129.492396
0.0,13,129.492829
0.0,3,129.492978
0.0,22,129.49368
0.0,12,129.494086
0.0,80,129.496459
0.0,10,129.496811
0.0,6,129.497046
0.0,3,129.497195
0.0,12,129.49761
0.0,13,129.498045
0.0,10,129.498405
0.0,9,129.498727
0.0,5,129.498932
0.0,31,129.499885
0.0,12,129.500291
0.0,5,129.500508
0.0,11,129.500885
0.0,25,129.501672
0.0,7,129.501937
0.0,33,129.502961
0.0,3,129.503113
0.0,5,129.503321
0.0,17,129.503881
0.0,5,129.504091
0.0,10,129.504455
0.0,5,129.504664
0.0,15,129.505158
0.0,75,129.507406
0.0,90,129.510079
0.0,76,129.512362
0.0,13,129.512803
0.0,14,129.51327
0.0,4,129.51346
0.0,9,129.513786
0.0,27,129.514638
0.0,26,129.515467
0.0,24,129.516222
0.0,14,129.516701
0.0,25,129.517493
0.0,29,129.518402
0.0,27,129.51924
0.0,16,129.519776
0.0,5,129.519985
0.0,69,129.522053
0.0,36,129.523166
0.0,8,129.523477
0.0,12,129.523887
0.0,11,129.524268
0.0,77,129.526575
0.0,11,129.526958
0.0,15,129.527465
0.0,54,129.529091
0.0,21,129.529772
0.0,10,129.530126
0.0,9,129.530462
0.0,8,129.530758
0.0,53,129.53236
0.0,9,129.532684
0.0,18,129.533267
0.0,27,129.534117
0.0,11,129.534512
0.0,6,129.534752
0.0,23,129.535493
0.0,12,129.535906
0.0,8,129.536201
0.0,9,129.536669
0.0,23,129.537408
0.0,34,129.538461
0.0,6,129.5387
0.0,39,129.539889
0.0,11,129.54027
0.0,52,129.541844
0.0,14,129.54231
0.0,61,129.544143
0.0,4,129.544324
0.0,12,129.54474
0.0,46,129.546142
0.0,7,129.54642
0.0,24,129.547171
0.0,12,129.547593
0.0,7,129.54786
0.0,26,129.54868
0.0,10,129.549032
0.0,38,129.550193
0.0,38,129.551358
0.0,6,129.551596
0.0,4,129.551775
0.0,15,129.552268
0.0,5,129.552488
0.0,22,129.55318
0.0,36,129.554281
0.0,27,129.555127
0.0,6,129.55538
0.0,16,129.555903
0.0,13,129.556338
0.0,15,129.556842
0.0,5,129.55705
0.0,11,129.557441
0.0,22,129.558136
0.0,10,129.558499
0.0,41,129.559748
0.0,18,129.560328
0.0,58,129.562073
0.0,3,129.562224
0.0,42,129.563511
0.0,24,129.564261
0.0,9,129.564595
0.0,9,129.564917
0.0,40,129.566137
0.0,3,129.566289
0.0,14,129.566764
0.0,7,129.567029
0.0,32,129.568017
0.0,5,129.568226
0.0,6,129.568475
0.0,16,129.568997
0.0,37,129.57013
0.0,36,129.571236
0.0,17,129.571799
0.0,22,129.572505
0.0,59,129.574262
0.0,28,129.575136
0.0,17,129.575705
0.0,29,129.576611
0.0,20,129.577246
0.0,6,129.577494
0.0,29,129.578394
0.0,3,129.578546
0.0,14,129.579008
0.0,10,129.579369
0.0,27,129.580207
0.0,41,129.58147
0.0,12,129.581878
0.0,28,129.582751
0.0,4,129.582931
0.0,37,129.584062
0.0,29,129.584969
0.0,14,129.585453
0.0,92,129.588162
0.0,3,129.588315
0.0,100,129.591266
0.0,14,129.591744
0.0,6,129.591981
0.0,11,129.592367
0.0,3,129.592518
0.0,30,129.593446
0.0,47,129.594866
0.0,8,129.595162
0.0,39,129.596363
0.0,11,129.596744
0.0,46,129.598126
0.0,14,129.598603
0.0,9,129.598926
0.0,14,129.599401
0.0,22,129.600095
0.0,7,129.600371
0.0,20,129.601007
0.0,31,129.601968
0.0,17,129.602532
0.0,17,129.603082
0.0,9,129.603417
0.0,27,129.604253
0.0,21,129.604928
0.0,14,129.60541
0.0,8,129.605704
0.0,22,129.606408
0.0,20,129.607044
0.0,7,129.607309
0.0,6,129.607555
0.0,26,129.608376
0.0,5,129.608585
0.0,14,129.609048
0.0,16,129.609583
0.0,13,129.61002
0.0,22,129.610723
0.0,19,129.611332
0.0,21,129.612006
0.0,10,129.612365
0.0,11,129.612746
0.0,5,129.612953
0.0,10,129.613303
0.0,29,129.614209
0.0,29,129.615115
0.0,9,129.615457
0.0,16,129.615978
0.0,10,129.616328
0.0,36,129.617445
0.0,31,129.618408
0.0,15,129.618903
0.0,34,129.619951
0.0,54,129.621583
0.0,11,129.621964
0.0,10,129.622313
0.0,66,129.624274
0.0,4,129.624466
0.0,17,129.625018
0.0,22,129.62573
0.0,40,129.626948
0.0,7,129.627213
0.0,51,129.628758
0.0,18,129.629337
0.0,15,129.629838
0.0,36,129.630942
0.0,27,129.631792
0.0,35,129.632865
0.0,63,129.634748
0.0,3,129.6349
0.0,14,129.635381
0.0,16,129.635903
0.0,16,129.636436
0.0,5,129.636662
0.0,4,129.636841
0.0,4,129.637019
0.0,37,129.63816
0.0,16,129.638798
0.0,22,129.639513
0.0,28,129.640396
0.0,24,129.641152
0.0,18,129.641747
0.0,6,129.641987
0.0,4,129.642166
0.0,42,129.643462
0.0,14,129.643932
0.0,23,129.644668
0.0,16,129.645194
0.0,30,129.646136
0.0,56,129.647848
0.0,14,129.648318
0.0,55,129.649981
0.0,7,129.650249
0.0,58,129.651995
0.0,16,129.652539
0.0,32,129.653533
0.0,27,129.654382
0.0,12,129.654793
0.0,24,129.655562
0.0,12,129.655973
0.0,51,129.657519
0.0,19,129.658133
0.0,47,129.659571
0.0,9,129.659895
0.0,8,129.660189
0.0,7,129.660466
0.0,64,129.66239
0.0,99,129.665311
0.0,18,129.665911
0.0,16,129.666448
0.0,10,129.666802
0.0,5,129.66701
0.0,16,129.667546
0.0,23,129.668269
0.0,28,129.669147
0.0,12,129.669569
0.0,23,129.670292
0.0,22,129.671011
0.0,17,129.671577
0.0,29,129.672487
0.0,15,129.672985
0.0,11,129.673377
0.0,33,129.674396
0.0,21,129.675064
0.0,44,129.67642
0.0,27,129.67726
0.0,21,129.67794
0.0,15,129.678447
0.0,15,129.678942
0.0,16,129.679478
0.0,100,129.682441
0.0,3,129.682594
0.0,8,129.682889
0.0,16,129.683423
0.0,89,129.686068
0.0,20,129.686721
0.0,7,129.686988
0.0,12,129.687409
0.0,16,129.687934
0.0,6,129.688171
0.0,17,129.688735
0.0,15,129.68923
0.0,23,129.689966
0.0,5,129.690175
0.0,16,129.690711
0.0,22,129.691421
0.0,23,129.692145
0.0,44,129.693491
0.0,20,129.694129
0.0,22,129.694835
0.0,12,129.695246
0.0,18,129.695842
0.0,26,129.696661
0.0,4,129.696841
0.0,7,129.697106
0.0,30,129.698042
0.0,59,129.699817
0.0,16,129.700341
0.0,7,129.700617
0.0,34,129.701665
0.0,36,129.702774
0.0,13,129.703213
0.0,23,129.703948
0.0,9,129.704273
0.0,36,129.705396
0.0,3,129.705549
0.0,17,129.7061
0.0,37,129.707233
0.0,9,129.707569
0.0,5,129.707778
0.0,27,129.708626
0.0,12,129.709036
0.0,3,129.709186
0.0,54,129.710815
0.0,7,129.711083
0.0,21,129.711762
0.0,24,129.712523
0.0,32,129.713523
0.0,51,129.715062
0.0,19,129.71569
0.0,19,129.7163
0.0,28,129.717177
0.0,20,129.717829
0.0,9,129.718153
0.0,25,129.718945
0.0,38,129.720107
0.0,43,129.72143
0.0,7,129.721696
0.0,16,129.722218
0.0,3,129.722378
0.0,6,129.722617
0.0,5,129.722825
0.0,10,129.723176
0.0,15,129.723681
0.0,11,129.724064
0.0,36,129.72517
0.0,77,129.727476
0.0,10,129.72783
0.0,22,129.728537
0.0,8,129.728832
0.0,9,129.729155
0.0,49,129.730646
0.0,4,129.730827
0.0,5,129.731035
0.0,39,129.732226
0.0,22,129.732938
0.0,16,129.733477
0.0,13,129.733914
0.0,37,129.735049
0.0,54,129.736682
0.0,48,129.738137
0.0,10,129.738504
0.0,7,129.738771
0.0,24,129.739534
0.0,33,129.740557
0.0,20,129.741195
0.0,34,129.742244
0.0,8,129.742551
0.0,13,129.742992
0.0,10,129.743341
0.0,23,129.744077
0.0,92,129.74681
0.0,5,129.747022
0.0,9,129.747344
0.0,21,129.748024
0.0,15,129.74853
0.0,24,129.7494
0.0,12,129.749812
0.0,6,129.750049
0.0,5,129.750256
0.0,34,129.751304
0.0,44,129.752648
0.0,40,129.753917
0.0,7,129.754184
0.0,9,129.754518
0.0,15,129.755011
0.0,34,129.756062
0.0,26,129.75688
0.0,39,129.758066
0.0,42,129.75934
0.0,9,129.759672
0.0,7,129.759936
0.0,6,129.760171
0.0,14,129.760645
0.0,19,129.761253
0.0,10,129.761617
0.0,12,129.762026
0.0,84,129.764518
0.0,12,129.764928
0.0,36,129.766037
0.0,9,129.76637
0.0,17,129.766919
0.0,70,129.768994
0.0,6,129.769232
0.0,27,129.770077
0.0,5,129.770285
0.0,8,129.770588
0.0,11,129.770969
0.0,5,129.771177
0.0,20,129.771824
0.0,10,129.772176
0.0,28,129.773049
0.0,31,129.774011
0.0,13,129.774458
0.0,7,129.774724
0.0,6,129.774958
0.0,25,129.775749
0.0,38,129.776908
0.0,6,129.777146
0.0,37,129.778273
0.0,18,129.778863
0.0,9,129.779186
0.0,16,129.779719
0.0,5,129.779928
0.0,3,129.780077
0.0,10,129.780438
0.0,17,129.780988
0.0,4,129.781166
0.0,3,129.781317
0.0,24,129.78207
0.0,22,129.782775
0.0,46,129.784165
0.0,40,129.785399
0.0,33,129.786412
0.0,23,129.787129
0.0,8,129.787434
0.0,14,129.787896
0.0,16,129.788427
0.0,17,129.788974
0.0,7,129.789237
0.0,12,129.789655
0.0,12,129.790061
0.0,7,129.790325
0.0,4,129.790529
0.0,22,129.791222
0.0,14,129.791697
0.0,12,129.792104
0.0,35,129.793176
0.0,8,129.793482
0.0,15,129.793973
0.0,53,129.795578
0.0,3,129.79573
0.0,15,129.79622
0.0,13,129.796668
0.0,26,129.797485
0.0,50,129.798985
0.0,9,129.799307
0.0,34,129.800354
0.0,18,129.800937
0.0,86,129.803479
0.0,39,129.804667
0.0,4,129.804846
0.0,3,129.804996
0.0,5,129.805202
0.0,7,129.805484
0.0,16,129.806007
0.0,8,129.806298
0.0,7,129.806572
0.0,22,129.807263
0.0,14,129.807739
0.0,4,129.807918
0.0,22,129.80862
0.0,38,129.809778
0.0,12,129.810187
0.0,10,129.810547
0.0,30,129.811481
0.0,14,129.811942
0.0,4,129.81212
0.0,39,129.813304
0.0,8,129.81361
0.0,8,129.813903
0.0,66,129.815874
0.0,21,129.816549
0.0,22,129.81724
0.0,49,129.818713
0.0,14,129.819178
0.0,17,129.819739
0.0,44,129.821064
0.0,10,129.821426
0.0,19,129.822033
0.0,8,129.822326
0.0,14,129.822798
0.0,4,129.822977
0.0,4,129.823155
0.0,13,129.823603
0.0,26,129.824418
0.0,5,129.824627
0.0,8,129.82492
0.0,8,129.825211
0.0,16,129.825749
0.0,35,129.826828
0.0,23,129.827562
0.0,25,129.828343
0.0,32,129.829333
0.0,5,129.829552
0.0,19,129.830156
0.0,14,129.830632
0.0,70,129.832709
0.0,18,129.833288
0.0,16,129.833819
0.0,3,129.83397
0.0,28,129.834847
0.0,9,129.835171
0.0,26,129.835994
0.0,17,129.836556
0.0,14,129.837022
0.0,4,129.8372
0.0,33,129.838217
0.0,27,129.839065
0.0,15,129.839571
0.0,35,129.840644
0.0,15,129.841134
0.0,9,129.841468
0.0,7,129.841734
0.0,3,129.841886
0.0,7,129.84215
0.0,35,129.843222
0.0,87,129.845798
0.0,19,129.846417
0.0,27,129.847252
0.0,9,129.847588
0.0,34,129.848634
0.0,10,129.849085
0.0,12,129.84951
0.0,5,129.84972
0.0,18,129.850298
0.0,33,129.851319
0.0,39,129.852522
0.0,8,129.852819
0.0,36,129.853923
0.0,10,129.854275
0.0,7,129.854553
0.0,10,129.854905
0.0,36,129.856019
0.0,76,129.858284
0.0,41,129.859546
0.0,14,129.860012
0.0,14,129.86049
0.0,15,129.860984
0.0,4,129.861163
0.0,3,129.861313
0.0,38,129.862486
0.0,37,129.863618
0.0,15,129.864112
0.0,25,129.864907
0.0,12,129.865316
0.0,26,129.866141
0.0,15,129.866651
0.0,26,129.867472
0.0,4,129.867652
0.0,13,129.868088
0.0,16,129.868624
0.0,22,129.869319
0.0,14,129.869795
0.0,3,129.869946
0.0,59,129.871728
0.0,11,129.872109
0.0,13,129.87256
0.0,13,129.872998
0.0,8,129.873291
0.0,81,129.8757
0.0,6,129.875938
0.0,23,129.876671
0.0,29,129.877581
0.0,34,129.878627
0.0,5,129.878836
0.0,13,129.87927
0.0,16,129.879805
0.0,54,129.881433
0.0,14,129.881897
0.0,10,129.882247
0.0,50,129.883759
0.0,5,129.883968
0.0,18,129.884562
0.0,21,129.885226
0.0,23,129.885968
0.0,3,129.88612
0.0,8,129.886428
0.0,66,129.888399
0.0,43,129.889702
0.0,5,129.889912
0.0,25,129.890707
0.0,11,129.891088
0.0,15,129.891595
0.0,7,129.891862
0.0,7,129.892127
0.0,44,129.89347
0.0,44,129.894808
0.0,53,129.896415
0.0,45,129.897778
0.0,40,129.899
0.0,8,129.899295
0.0,5,129.899514
0.0,43,129.900816
0.0,10,129.901168
0.0,10,129.901529
0.0,58,129.903258
0.0,22,129.903963
0.0,30,129.904903
0.0,15,129.905416
0.0,6,129.905655
0.0,34,129.906704
0.0,11,129.907085
0.0,41,129.908334
0.0,15,129.908842
0.0,6,129.909079
0.0,18,129.909668
0.0,9,129.909992
0.0,9,129.910313
0.0,8,129.910619
0.0,5,129.910827
0.0,47,129.912247
0.0,68,129.914279
0.0,5,129.914504
0.0,6,129.914742
0.0,6,129.91498
0.0,16,129.91552
0.0,19,129.91613
0.0,9,129.916466
0.0,43,129.91777
0.0,11,129.918151
0.0,35,129.91923
0.0,6,129.91948
0.0,6,129.919718
0.0,11,129.920098
0.0,5,129.920305
0.0,47,129.921738
0.0,6,129.921976
0.0,34,129.923022
0.0,10,129.923388
0.0,24,129.924139
0.0,27,129.924993
0.0,3,129.925145
0.0,15,129.925656
0.0,11,129.926037
0.0,39,129.927231
0.0,28,129.928109
0.0,22,129.928819
0.0,28,129.929699
0.0,38,129.930863
0.0,11,129.931245
0.0,23,129.931979
0.0,7,129.932245
0.0,11,129.932641
0.0,21,129.933307
0.0,51,129.934854
0.0,17,129.935424
0.0,15,129.935919
0.0,3,129.93607
0.0,15,129.93658
0.0,47,129.93801
0.0,22,129.938724
0.0,15,129.93922
0.0,12,129.939641
0.0,22,129.94037
0.0,57,129.94208
0.0,16,129.942623
0.0,17,129.943176
0.0,32,129.944175
0.0,7,129.944457
0.0,12,129.944867
0.0,10,129.945217
0.0,17,129.945787
0.0,28,129.94667
0.0,6,129.946908
0.0,7,129.947173
0.0,15,129.947679
0.0,35,129.948764
0.0,14,129.949233
0.0,5,129.949455
0.0,38,129.950726
0.0,20,129.951379
0.0,31,129.952333
0.0,14,129.952814
0.0,29,129.953722
0.0,7,129.953988
0.0,22,129.9547
0.0,20,129.955339
0.0,23,129.95608
0.0,6,129.956316
0.0,16,129.956849
0.0,3,129.957001
0.0,16,129.957534
0.0,7,129.9578
0.0,36,129.958909
0.0,54,129.960548
0.0,4,129.960729
0.0,18,129.961308
0.0,41,129.962568
0.0,29,129.963474
0.0,18,129.964054
0.0,28,129.964932
0.0,4,129.965113
0.0,34,129.966166
0.0,16,129.966705
0.0,5,129.966915
0.0,11,129.967294
0.0,12,129.967713
0.0,5,129.967923
0.0,28,129.968804
0.0,53,129.97041
0.0,42,129.971688
0.0,80,129.97406
0.0,18,129.974655
0.0,42,129.975938
0.0,13,129.976391
0.0,28,129.977257
0.0,25,129.978048
0.0,5,129.978258
0.0,22,129.978966
0.0,39,129.980161
0.0,4,129.980341
0.0,27,129.98119
0.0,19,129.981808
0.0,18,129.982405
0.0,11,129.982787
0.0,12,129.983194
0.0,10,129.983556
0.0,57,129.985264
0.0,40,129.986501
0.0,10,129.986853
0.0,6,129.98709
0.0,76,129.989359
0.0,15,129.989855
0.0,49,129.991331
0.0,36,129.992451
0.0,27,129.993286
0.0,14,129.993763
0.0,10,129.994114
0.0,9,129.994451
0.0,52,129.996014
0.0,5,129.996222
0.0,11,129.996616
0.0,9,129.99694
0.0,24,129.9977
0.0,67,129.999706
0.0,10,130.000059
0.0,25,130.000852
0.0,25,130.001646
0.0,18,130.002225
0.0,31,130.003189
0.0,5,130.003411
0.0,14,130.003876
0.0,25,130.004669
0.0,42,130.005955
0.0,16,130.006494
0.0,6,130.006731
0.0,9,130.007053
0.0,24,130.007818
0.0,8,130.008112
0.0,21,130.008793
0.0,20,130.009443
0.0,4,130.009624
0.0,7,130.009888
0.0,6,130.010123
0.0,9,130.010458
0.0,30,130.011393
0.0,28,130.012254
0.0,20,130.012903
0.0,27,130.013751
0.0,9,130.014075
0.0,11,130.014469
0.0,9,130.014792
0.0,16,130.015312
0.0,10,130.015677
0.0,11,130.016072
0.0,5,130.016279
0.0,19,130.016901
0.0,12,130.017311
0.0,8,130.017613
0.0,72,130.019759
0.0,19,130.020385
0.0,36,130.021488
0.0,7,130.021754
0.0,37,130.022887
0.0,26,130.023706
0.0,5,130.023915
0.0,17,130.024479
0.0,27,130.025317
0.0,22,130.026024
0.0,10,130.026391
0.0,23,130.027116
0.0,12,130.027536
0.0,35,130.028619
0.0,27,130.029467
0.0,11,130.029847
0.0,35,130.030927
0.0,7,130.031193
0.0,40,130.032423
0.0,16,130.032945
0.0,4,130.033123
0.0,43,130.034443
0.0,3,130.034595
0.0,20,130.035232
0.0,35,130.036314
0.0,6,130.036563
0.0,12,130.036971
0.0,25,130.037759
0.0,26,130.038581
0.0,16,130.039102
0.0,63,130.040987
0.0,35,130.042064
0.0,52,130.043632
0.0,22,130.044325
0.0,39,130.045527
0.0,26,130.046333
0.0,30,130.047264
0.0,15,130.047768
0.0,16,130.04829
0.0,30,130.049226
0.0,56,130.050916
0.0,9,130.051239
0.0,17,130.051802
0.0,16,130.052323
0.0,17,130.052883
0.0,17,130.053443
0.0,45,130.054807
0.0,30,130.055751
0.0,75,130.058117
0.0,28,130.059005
0.0,26,130.059828
0.0,6,130.060066
0.0,46,130.061477
0.0,5,130.061687
0.0,44,130.063028
0.0,19,130.06365
0.0,11,130.064033
0.0,20,130.064686
0.0,6,130.064924
0.0,22,130.06564
0.0,58,130.067395
0.0,7,130.067663
0.0,13,130.068103
0.0,9,130.068442
0.0,35,130.069522
0.0,8,130.069819
0.0,22,130.070537
0.0,7,130.070805
0.0,14,130.071272
0.0,62,130.07314
0.0,10,130.073505
0.0,23,130.074229
0.0,12,130.074654
0.0,69,130.076728
0.0,14,130.077197
0.0,15,130.077705
0.0,50,130.079221
0.0,12,130.079644
0.0,23,130.080383
0.0,12,130.080794
0.0,19,130.081416
0.0,55,130.083071
0.0,50,130.084594
0.0,7,130.084862
0.0,8,130.085156
0.0,8,130.085466
0.0,20,130.086106
0.0,7,130.086386
0.0,22,130.087084
0.0,61,130.088919
0.0,10,130.089273
0.0,13,130.089722
0.0,38,130.090891
0.0,88,130.09351
0.0,18,130.094093
0.0,8,130.094401
0.0,4,130.094581
0.0,4,130.094761
0.0,17,130.095311
0.0,11,130.095704
0.0,4,130.095884
0.0,15,130.096392
0.0,4,130.096572
0.0,49,130.098066
0.0,67,130.100068
0.0,38,130.101238
0.0,6,130.101487
0.0,19,130.102095
0.0,7,130.102373
0.0,19,130.102983
0.0,14,130.10346
0.0,14,130.103926
0.0,4,130.104105
0.0,24,130.104874
0.0,64,130.106812
0.0,40,130.108037
0.0,8,130.108333
0.0,16,130.108869
0.0,4,130.109048
0.0,17,130.109611
0.0,37,130.110757
0.0,14,130.111226
0.0,76,130.113502
0.0,15,130.114
0.0,6,130.114236
0.0,26,130.115063
0.0,60,130.116879
0.0,34,130.117934
0.0,16,130.118474
0.0,35,130.119556
0.0,3,130.119708
0.0,48,130.12116
0.0,5,130.121382
0.0,16,130.121907
0.0,48,130.123372
0.0,7,130.12364
0.0,21,130.124305
0.0,26,130.125132
0.0,5,130.125342
0.0,18,130.125937
0.0,24,130.126705
0.0,6,130.126944
0.0,11,130.127324
0.0,16,130.127857
0.0,15,130.128361
0.0,4,130.128544
0.0,27,130.129392
0.0,9,130.129717
0.0,11,130.130098
0.0,61,130.131932
0.0,12,130.132343
0.0,15,130.132853
0.0,20,130.133503
0.0,54,130.135127
0.0,15,130.135641
0.0,13,130.136079
0.0,49,130.137567
0.0,10,130.137922
0.0,21,130.138602
0.0,21,130.139271
0.0,53,130.140885
0.0,26,130.14171
0.0,80,130.144151
0.0,6,130.144408
0.0,3,130.144562
0.0,23,130.145291
0.0,14,130.145778
0.0,12,130.146191
0.0,41,130.147462
0.0,14,130.147934
0.0,52,130.149518
0.0,3,130.149672
0.0,30,130.150616
0.0,26,130.151443
0.0,7,130.151711
0.0,15,130.152207
0.0,19,130.152833
0.0,3,130.152986
0.0,44,130.154336
0.0,17,130.154906
0.0,23,130.155653
0.0,11,130.156038
0.0,3,130.15619
0.0,10,130.156558
0.0,3,130.15671
0.0,3,130.156861
0.0,17,130.157429
0.0,41,130.158691
0.0,19,130.159303
0.0,8,130.159609
0.0,60,130.161427
0.0,3,130.16158
0.0,4,130.16176
0.0,3,130.162012
0.0,33,130.163049
0.0,31,130.164026
0.0,46,130.165448
0.0,18,130.166036
0.0,100,130.169034
0.0,18,130.169636
0.0,22,130.170337
0.0,5,130.170561
0.0,8,130.170857
0.0,52,130.172452
0.0,24,130.173211
0.0,8,130.173521
0.0,7,130.17379
0.0,13,130.174232
0.0,27,130.17509
0.0,14,130.175579
0.0,42,130.176872
0.0,74,130.179091
0.0,20,130.179746
0.0,12,130.180158
0.0,10,130.180528
0.0,24,130.181288
0.0,25,130.182086
0.0,32,130.183092
0.0,24,130.183861
0.0,32,130.184868
0.0,4,130.18505
0.0,11,130.185451
0.0,4,130.185633
0.0,64,130.187569
0.0,15,130.188068
0.0,33,130.189102
0.0,33,130.190135
0.0,31,130.191112
0.0,14,130.191595
0.0,18,130.192179
0.0,17,130.19275
0.0,7,130.193019
0.0,16,130.193556
0.0,7,130.193825
0.0,5,130.194034
0.0,12,130.194459
0.0,6,130.194698
0.0,9,130.195022
0.0,12,130.195451
0.0,26,130.196266
0.0,21,130.196952
0.0,51,130.198514
0.0,4,130.198696
0.0,16,130.199222
0.0,7,130.1995
0.0,33,130.200537
0.0,13,130.200978
0.0,56,130.20268
0.0,36,130.2038
0.0,10,130.204156
0.0,14,130.204641
0.0,10,130.204998
0.0,29,130.205918
0.0,48,130.207397
0.0,7,130.207666
0.0,9,130.207991
0.0,14,130.208476
0.0,13,130.208918
0.0,3,130.20907
0.0,28,130.209954
0.0,50,130.211491
0.0,3,130.211645
0.0,3,130.211796
0.0,15,130.212296
0.0,40,130.213542
0.0,26,130.214375
0.0,5,130.214587
0.0,35,130.215682
0.0,5,130.215893
0.0,7,130.21616
0.0,6,130.216413
0.0,6,130.216653
0.0,19,130.217263
0.0,4,130.217455
0.0,25,130.218243
0.0,10,130.218613
0.0,13,130.219054
0.0,13,130.219507
0.0,86,130.222082
0.0,54,130.223736
0.0,5,130.223947
0.0,14,130.22443
0.0,31,130.225408
0.0,43,130.22673
0.0,12,130.227143
0.0,100,130.230122
0.0,48,130.231598
0.0,9,130.231925
0.0,38,130.233097
0.0,10,130.233462
0.0,9,130.233789
0.0,7,130.234056
0.0,8,130.234363
0.0,8,130.23466
0.0,60,130.236482
0.0,38,130.237653
0.0,39,130.238861
0.0,15,130.239371
0.0,4,130.239553
0.0,14,130.240023
0.0,8,130.240319
0.0,11,130.240714
0.0,16,130.241241
0.0,20,130.241896
0.0,9,130.242222
0.0,16,130.242763
0.0,16,130.243289
0.0,10,130.243654
0.0,15,130.244151
0.0,30,130.245094
0.0,53,130.24672
0.0,12,130.247134
0.0,36,130.248249
0.0,48,130.249724
0.0,9,130.250051
0.0,16,130.250595
0.0,49,130.252087
0.0,16,130.252631
0.0,34,130.253686
0.0,7,130.253955
0.0,5,130.254164
0.0,5,130.254386
0.0,5,130.254598
0.0,34,130.255679
0.0,7,130.255949
0.0,46,130.257364
0.0,15,130.257864
0.0,8,130.258159
0.0,5,130.258383
0.0,20,130.259029
0.0,3,130.25918
0.0,24,130.25995
0.0,54,130.2616
0.0,12,130.262014
0.0,9,130.262338
0.0,14,130.262822
0.0,14,130.263421
0.0,20,130.264068
0.0,9,130.264408
0.0,7,130.264677
0.0,4,130.264857
0.0,6,130.265094
0.0,12,130.265523
0.0,19,130.266141
0.0,25,130.266947
0.0,26,130.267779
0.0,8,130.268076
0.0,19,130.268706
0.0,62,130.270601
0.0,67,130.272626
0.0,19,130.273243
0.0,6,130.273493
0.0,76,130.275777
0.0,12,130.276191
0.0,16,130.276732
0.0,30,130.277677
0.0,20,130.278318
0.0,19,130.278943
0.0,11,130.279327
0.0,34,130.280393
0.0,6,130.280633
0.0,9,130.280959
0.0,30,130.281907
0.0,10,130.282263
0.0,13,130.28272
0.0,37,130.283867
0.0,11,130.284251
0.0,15,130.284764
0.0,6,130.285004
0.0,13,130.285462
0.0,38,130.286639
0.0,7,130.286908
0.0,20,130.287563
0.0,7,130.287832
0.0,96,130.290698
0.0,5,130.290909
0.0,19,130.291535
0.0,25,130.292323
0.0,32,130.293324
0.0,5,130.293542
0.0,9,130.293867
0.0,30,130.294815
0.0,7,130.295084
0.0,27,130.295947
0.0,11,130.296331
0.0,37,130.297485
0.0,6,130.297726
0.0,14,130.298195
0.0,34,130.299257
0.0,19,130.299884
0.0,5,130.300094
0.0,34,130.301153
0.0,20,130.301811
0.0,34,130.302871
0.0,23,130.303613
0.0,36,130.304734
0.0,25,130.305539
0.0,15,130.306038
0.0,41,130.307301
0.0,7,130.30758
0.0,22,130.308279
0.0,42,130.309584
0.0,3,130.309737
0.0,15,130.310233
0.0,9,130.310574
0.0,41,130.311829
0.0,43,130.313146
0.0,14,130.313628
0.0,24,130.314399
0.0,12,130.314811
0.0,18,130.315412
0.0,3,130.315565
0.0,100,130.318548
0.0,24,130.319307
0.0,31,130.320272
0.0,8,130.320585
0.0,6,130.320825
0.0,18,130.321422
0.0,52,130.323002
0.0,15,130.323514
0.0,61,130.325362
0.0,10,130.325719
0.0,20,130.326374
0.0,11,130.326756
0.0,12,130.327168
0.0,5,130.327389
0.0,6,130.32763
0.0,25,130.328429
0.0,11,130.328813
0.0,17,130.329379
0.0,18,130.329965
0.0,48,130.331443
0.0,11,130.331827
0.0,5,130.332037
0.0,19,130.332666
0.0,8,130.332963
0.0,9,130.333287
0.0,14,130.333769
0.0,43,130.335088
0.0,26,130.335922
0.0,3,130.336074
0.0,16,130.336618
0.0,24,130.337387
0.0,85,130.339922
0.0,10,130.340277
0.0,13,130.340732
0.0,3,130.340884
0.0,30,130.341826
0.0,16,130.342368
0.0,3,130.342521
0.0,3,130.342672
0.0,9,130.342996
0.0,56,130.344698
0.0,49,130.346189
0.0,25,130.346991
0.0,8,130.347291
0.0,21,130.347973
0.0,4,130.348155
0.0,19,130.348784
0.0,23,130.349523
0.0,3,130.349675
0.0,18,130.350258
0.0,52,130.351846
0.0,27,130.352705
0.0,8,130.353004
0.0,10,130.353367
0.0,28,130.354241
0.0,32,130.355244
0.0,6,130.3555
0.0,67,130.357521
0.0,23,130.358251
0.0,39,130.359462
0.0,11,130.359846
0.0,12,130.360256
0.0,17,130.360827
0.0,18,130.361423
0.0,11,130.361805
0.0,39,130.363013
0.0,24,130.36378
0.0,45,130.365267
0.0,77,130.367605
0.0,5,130.367816
0.0,20,130.368475
0.0,39,130.36968
0.0,3,130.369833
0.0,15,130.370331
0.0,15,130.370842
0.0,23,130.371585
0.0,7,130.371855
0.0,30,130.372807
0.0,14,130.373278
0.0,7,130.373555
0.0,14,130.374027
0.0,43,130.375366
0.0,9,130.375693
0.0,51,130.377249
0.0,30,130.378191
0.0,19,130.378826
0.0,9,130.379153
0.0,7,130.379431
0.0,16,130.379959
0.0,17,130.380529
0.0,15,130.381027
0.0,6,130.381266
0.0,12,130.38169
0.0,6,130.381929
0.0,9,130.382253
0.0,6,130.382507
0.0,46,130.383913
0.0,7,130.384182
0.0,19,130.38481
0.0,15,130.38531
0.0,5,130.385534
0.0,26,130.386363
0.0,19,130.38698
0.0,3,130.387131
0.0,14,130.38761
0.0,17,130.388169
0.0,3,130.388321
0.0,7,130.3886
0.0,43,130.389921
0.0,48,130.391404
0.0,12,130.391817
0.0,16,130.392342
0.0,29,130.393258
0.0,12,130.393683
0.0,5,130.393894
0.0,15,130.394407
0.0,20,130.395048
0.0,5,130.395257
0.0,8,130.395571
0.0,7,130.395842
0.0,4,130.396021
0.0,14,130.396504
0.0,26,130.397318
0.0,43,130.398646
0.0,16,130.399174
0.0,26,130.400004
0.0,37,130.401146
0.0,51,130.402704
0.0,12,130.403117
0.0,33,130.404147
0.0,18,130.404746
0.0,33,130.405801
0.0,19,130.406431
0.0,40,130.407671
0.0,23,130.408414
0.0,17,130.40897
0.0,27,130.409851
0.0,42,130.411144
0.0,7,130.411424
0.0,11,130.41181
0.0,5,130.41202
0.0,8,130.412316
0.0,29,130.413229
0.0,16,130.41377
0.0,35,130.414854
0.0,19,130.41549
0.0,58,130.417245
0.0,3,130.417409
0.0,58,130.419157
0.0,8,130.419466
0.0,8,130.419763
0.0,35,130.420851
0.0,5,130.421061
0.0,9,130.421398
0.0,42,130.422688
0.0,24,130.42346
0.0,25,130.424246
0.0,26,130.425078
0.0,29,130.426
0.0,10,130.426368
0.0,4,130.42655
0.0,46,130.427952
0.0,46,130.429373
0.0,16,130.4299
0.0,11,130.430283
0.0,16,130.430825
0.0,37,130.43197
0.0,5,130.43218
0.0,11,130.432578
0.0,32,130.433581
0.0,16,130.434111
0.0,16,130.434656
0.0,24,130.435437
0.0,3,130.435591
0.0,3,130.435741
0.0,20,130.436398
0.0,12,130.436811
0.0,37,130.437953
0.0,4,130.438135
0.0,25,130.438942
0.0,4,130.439125
0.0,4,130.439305
0.0,17,130.439871
0.0,4,130.440052
0.0,14,130.440537
0.0,34,130.441597
0.0,43,130.442939
0.0,17,130.443509
0.0,3,130.443662
0.0,14,130.444131
0.0,16,130.444673
0.0,18,130.44526
0.0,3,130.445429
0.0,27,130.446274
0.0,12,130.446699
0.0,57,130.448441
0.0,16,130.448972
0.0,12,130.449396
0.0,30,130.45033
0.0,15,130.450843
0.0,43,130.452154
0.0,11,130.452556
0.0,48,130.454019
0.0,19,130.454649
0.0,9,130.454976
0.0,23,130.455722
0.0,30,130.456673
0.0,18,130.457263
0.0,9,130.457601
0.0,40,130.458837
0.0,26,130.459663
0.0,7,130.459934
0.0,3,130.460086
0.0,28,130.460977
0.0,21,130.461663
0.0,20,130.462312
0.0,3,130.462477
0.0,8,130.462775
0.0,18,130.463372
0.0,17,130.463929
0.0,27,130.464895
0.0,13,130.46534
0.0,3,130.465508
0.0,4,130.465688
0.0,55,130.467366
0.0,25,130.468152
0.0,15,130.468666
0.0,7,130.468935
0.0,11,130.469317
0.0,3,130.469475
0.0,49,130.47097
0.0,5,130.471182
0.0,6,130.471432
0.0,7,130.471701
0.0,16,130.472229
0.0,3,130.472393
0.0,7,130.472661
0.0,8,130.472957
0.0,13,130.473411
0.0,4,130.473593
0.0,3,130.473744
0.0,16,130.474269
0.0,12,130.474694
0.0,7,130.474963
0.0,15,130.47548
0.0,22,130.476183
0.0,43,130.477513
0.0,15,130.478013
0.0,10,130.478376
0.0,33,130.479406
0.0,19,130.480022
0.0,24,130.480793
0.0,63,130.482704
0.0,11,130.48309
0.0,14,130.48357
0.0,21,130.484244
0.0,43,130.485577
0.0,24,130.486338
0.0,4,130.486532
0.0,14,130.487002
0.0,5,130.487211
0.0,15,130.48772
0.0,17,130.488277
0.0,14,130.488757
0.0,21,130.489439
0.0,4,130.489621
0.0,27,130.490477
0.0,9,130.490804
0.0,5,130.491014
0.0,20,130.491667
0.0,6,130.491906
0.0,6,130.492143
0.0,4,130.492323
0.0,18,130.49292
0.0,68,130.494966
0.0,64,130.49691
0.0,39,130.498118
0.0,3,130.498271
0.0,16,130.498809
0.0,22,130.499526
0.0,59,130.501304
0.0,3,130.501468
0.0,14,130.501939
0.0,19,130.502566
0.0,10,130.50292
0.0,17,130.503489
0.0,37,130.504633
0.0,25,130.505439
0.0,37,130.506582
0.0,60,130.508422
0.0,24,130.509184
0.0,3,130.509335
0.0,59,130.511119
0.0,29,130.512036
0.0,8,130.512333
0.0,8,130.51264
0.0,8,130.512936
0.0,15,130.513446
0.0,14,130.513916
0.0,20,130.514569
0.0,7,130.514837
0.0,10,130.515189
0.0,21,130.515875
0.0,14,130.516354
0.0,21,130.517027
0.0,34,130.518086
0.0,30,130.519029
0.0,7,130.519298
0.0,31,130.520269
0.0,13,130.520723
0.0,21,130.521407
0.0,11,130.521794
0.0,28,130.522681
0.0,4,130.522863
0.0,33,130.523892
0.0,39,130.525097
0.0,15,130.525614
0.0,7,130.525882
0.0,13,130.526319
0.0,24,130.527085
0.0,16,130.527627
0.0,12,130.528038
0.0,19,130.528663
0.0,60,130.53048
0.0,13,130.53092
0.0,18,130.531517
0.0,28,130.532403
0.0,28,130.533274
0.0,10,130.533639
0.0,12,130.53405
0.0,56,130.535754
0.0,19,130.536381
0.0,13,130.536819
0.0,41,130.538066
0.0,100,130.541029
0.0,34,130.542093
0.0,18,130.542688
0.0,3,130.542843
0.0,9,130.543174
0.0,10,130.543546
0.0,30,130.54448
0.0,4,130.544662
0.0,21,130.545332
0.0,12,130.545768
0.0,24,130.546534
0.0,47,130.547956
0.0,34,130.549014
0.0,71,130.551136
0.0,15,130.55165
0.0,37,130.552784
0.0,23,130.553523
0.0,10,130.553898
0.0,7,130.554163
0.0,68,130.556201
0.0,52,130.557781
0.0,5,130.557992
0.0,10,130.558343
0.0,6,130.558591
0.0,20,130.559224
0.0,9,130.55956
0.0,50,130.561074
0.0,16,130.561613
0.0,54,130.563235
0.0,9,130.563573
0.0,43,130.564874
0.0,8,130.565171
0.0,4,130.565536
0.0,45,130.566907
0.0,54,130.568549
0.0,4,130.568731
0.0,6,130.568969
0.0,57,130.570688
0.0,6,130.570926
0.0,57,130.572648
0.0,34,130.573699
0.0,15,130.574196
0.0,11,130.574589
0.0,20,130.57523
0.0,10,130.575601
0.0,8,130.575897
0.0,12,130.576304
0.0,14,130.57678
0.0,13,130.577217
0.0,9,130.577553
0.0,19,130.578163
0.0,13,130.578615
0.0,23,130.579339
0.0,13,130.579791
0.0,20,130.58044
0.0,21,130.581111
0.0,4,130.58129
0.0,8,130.581595
0.0,16,130.582121
0.0,18,130.582719
0.0,18,130.583303
0.0,5,130.583524
0.0,19,130.584137
0.0,18,130.584735
0.0,30,130.585681
0.0,17,130.586239
0.0,12,130.586664
0.0,7,130.586932
0.0,24,130.5877
0.0,25,130.5885
0.0,14,130.588974
0.0,12,130.589399
0.0,19,130.590013
0.0,69,130.592093
0.0,22,130.592808
0.0,23,130.593552
0.0,17,130.594111
0.0,84,130.596639
0.0,24,130.597415
0.0,7,130.597685
0.0,31,130.598656
0.0,39,130.599861
0.0,25,130.600662
0.0,17,130.601219
0.0,41,130.602488
0.0,43,130.60381
0.0,34,130.60487
0.0,9,130.605199
0.0,33,130.606239
0.0,12,130.606665
0.0,14,130.607135
0.0,12,130.607562
0.0,17,130.608119
0.0,48,130.609597
0.0,4,130.609779
0.0,10,130.610134
0.0,14,130.610616
0.0,8,130.610913
0.0,19,130.611542
0.0,20,130.612187
0.0,26,130.613018
0.0,13,130.613474
0.0,16,130.614001
0.0,11,130.614394
0.0,55,130.616061
0.0,3,130.616215
0.0,43,130.61754
0.0,12,130.617956
0.0,9,130.618283
0.0,3,130.618444
0.0,36,130.619564
0.0,26,130.620393
0.0,7,130.620662
0.0,47,130.622099
0.0,9,130.622438
0.0,8,130.622736
0.0,19,130.623359
0.0,7,130.623629
0.0,14,130.624098
0.0,17,130.624667
0.0,3,130.624819
0.0,4,130.624999
0.0,17,130.625573
0.0,9,130.6259
0.0,55,130.627579
0.0,28,130.628464
0.0,89,130.631123
0.0,11,130.63152
0.0,9,130.631847
0.0,26,130.632672
0.0,30,130.633615
0.0,50,130.635137
0.0,9,130.635481
0.0,16,130.636008
0.0,94,130.63882
0.0,49,130.640313
0.0,9,130.640647
0.0,4,130.640829
0.0,18,130.641428
0.0,22,130.64213
0.0,6,130.64238
0.0,20,130.643025
0.0,43,130.644354
0.0,7,130.644624
0.0,35,130.645738
0.0,44,130.64709
0.0,21,130.647774
0.0,99,130.650734
0.0,40,130.651971
0.0,26,130.652798
0.0,84,130.655336
0.0,24,130.656116
0.0,6,130.656364
0.0,16,130.656891
0.0,8,130.657188
0.0,27,130.658046
0.0,8,130.658393
0.0,37,130.659539
0.0,34,130.660599
0.0,11,130.660984
0.0,6,130.661223
0.0,21,130.661907
0.0,25,130.662711
0.0,6,130.662951
0.0,3,130.663101
0.0,47,130.664546
0.0,27,130.665409
0.0,5,130.665624
0.0,17,130.666181
0.0,69,130.668258
0.0,40,130.669507
0.0,10,130.669864
0.0,42,130.671165
0.0,3,130.671319
0.0,48,130.672787
0.0,10,130.673145
0.0,5,130.673365
0.0,7,130.673802
0.0,26,130.674632
0.0,12,130.675047
0.0,10,130.675421
0.0,13,130.675865
0.0,17,130.676434
0.0,23,130.677159
0.0,14,130.677641
0.0,40,130.678873
0.0,3,130.679025
0.0,9,130.679358
0.0,54,130.68099
0.0,29,130.681907
0.0,16,130.682447
0.0,42,130.683737
0.0,9,130.684064
0.0,11,130.684458
0.0,3,130.684611
0.0,19,130.685228
0.0,13,130.685687
0.0,10,130.686041
0.0,10,130.686406
0.0,3,130.686558
0.0,10,130.686912
0.0,64,130.688835
0.0,17,130.689403
0.0,43,130.690718
0.0,15,130.691216
0.0,9,130.691552
0.0,14,130.692021
0.0,34,130.693076
0.0,14,130.693559
0.0,63,130.695473
0.0,11,130.695858
0.0,29,130.696772
0.0,14,130.697241
0.0,6,130.697492
0.0,23,130.698223
0.0,12,130.698647
0.0,37,130.699793
0.0,11,130.700177
0.0,44,130.701529
0.0,3,130.701682
0.0,13,130.702122
0.0,5,130.702331
0.0,28,130.703212
0.0,7,130.703491
0.0,4,130.703674
0.0,8,130.703969
0.0,60,130.705801
0.0,15,130.706299
0.0,44,130.707659
0.0,14,130.708128
0.0,9,130.708465
0.0,38,130.70964
0.0,3,130.709792
0.0,3,130.709943
0.0,25,130.71074
0.0,8,130.711037
0.0,14,130.711519
0.0,95,130.714382
0.0,15,130.714883
0.0,73,130.71708
0.0,33,130.718111
0.0,22,130.718826
0.0,6,130.719065
0.0,46,130.720477
0.0,18,130.721064
0.0,18,130.721662
0.0,19,130.722277
0.0,4,130.722468
0.0,5,130.722678
0.0,57,130.724402
0.0,14,130.724873
0.0,12,130.725283
0.0,6,130.725537
0.0,15,130.726034
0.0,47,130.727471
0.0,21,130.728142
0.0,22,130.728853
0.0,13,130.729296
0.0,7,130.729573
0.0,28,130.730457
0.0,8,130.730755
0.0,42,130.732039
0.0,13,130.732492
0.0,5,130.732702
0.0,31,130.733673
0.0,15,130.73417
0.0,27,130.735024
0.0,3,130.735178
0.0,3,130.735328
0.0,41,130.736601
0.0,19,130.737214
0.0,4,130.737405
0.0,3,130.737558
0.0,17,130.738111
0.0,31,130.739083
0.0,11,130.739481
0.0,15,130.739981
0.0,25,130.740779
0.0,23,130.74152
0.0,23,130.742249
0.0,24,130.743019
0.0,36,130.74414
0.0,44,130.745503
0.0,60,130.747314
0.0,6,130.747561
0.0,23,130.748291
0.0,39,130.749493
0.0,19,130.750107
0.0,18,130.750704
0.0,34,130.751764
0.0,28,130.752655
0.0,38,130.753826
0.0,57,130.755562
0.0,9,130.755888
0.0,31,130.756859
0.0,6,130.757099
0.0,5,130.757308
0.0,8,130.757613
0.0,3,130.757765
0.0,10,130.758118
0.0,5,130.758327
0.0,33,130.759344
0.0,45,130.760726
0.0,13,130.761168
0.0,5,130.76139
0.0,29,130.762292
0.0,33,130.763322
0.0,8,130.763626
0.0,9,130.763951
0.0,8,130.764245
0.0,13,130.764696
0.0,8,130.764993
0.0,23,130.765738
0.0,21,130.766424
0.0,17,130.766979
0.0,76,130.769256
0.0,10,130.769624
0.0,15,130.770123
0.0,31,130.771099
0.0,3,130.771253
0.0,25,130.772055
0.0,17,130.772625
0.0,5,130.772837
0.0,7,130.773105
0.0,64,130.775039
0.0,4,130.775321
0.0,54,130.776985
0.0,14,130.777471
0.0,7,130.777741
0.0,7,130.778008
0.0,75,130.780261
0.0,4,130.780457
0.0,33,130.781488
0.0,12,130.781904
0.0,20,130.78256
0.0,4,130.782742
0.0,7,130.783009
0.0,20,130.783663
0.0,16,130.78419
0.0,10,130.784557
0.0,12,130.78497
0.0,4,130.785151
0.0,4,130.785331
0.0,20,130.785993
0.0,7,130.78626
0.0,19,130.786886
0.0,28,130.787773
0.0,22,130.788488
0.0,8,130.788785
0.0,30,130.789732
0.0,9,130.790059
0.0,25,130.790859
0.0,9,130.791185
0.0,16,130.791726
0.0,12,130.79214
0.0,31,130.793118
0.0,21,130.793804
0.0,23,130.794549
0.0,15,130.795048
0.0,13,130.795507
0.0,9,130.795835
0.0,13,130.796276
0.0,44,130.797633
0.0,18,130.798223
0.0,13,130.798678
0.0,19,130.799293
0.0,38,130.800478
0.0,24,130.801242
0.0,14,130.801725
0.0,24,130.802499
0.0,13,130.802942
0.0,8,130.80324
0.0,47,130.804682
0.0,6,130.804922
0.0,11,130.805304
0.0,34,130.806378
0.0,20,130.807025
0.0,8,130.807322
0.0,9,130.807657
0.0,9,130.807984
0.0,24,130.808756
0.0,13,130.8092
0.0,11,130.809596
0.0,8,130.809894
0.0,14,130.810375
0.0,5,130.810586
0.0,20,130.811225
0.0,6,130.811477
0.0,7,130.811747
0.0,69,130.813829
0.0,15,130.814329
0.0,11,130.814726
0.0,15,130.815225
0.0,12,130.815656
0.0,28,130.816549
0.0,24,130.817307
0.0,7,130.817585
0.0,35,130.818678
0.0,19,130.819293
0.0,9,130.819631
0.0,7,130.8199
0.0,15,130.82041
0.0,7,130.820682
0.0,9,130.821008
0.0,13,130.821459
0.0,19,130.822074
0.0,23,130.822815
0.0,6,130.823055
0.0,8,130.823359
0.0,29,130.824265
0.0,16,130.824809
0.0,10,130.825165
0.0,10,130.825538
0.0,31,130.826518
0.0,100,130.829516
0.0,36,130.830638
0.0,8,130.830937
0.0,53,130.832556
0.0,10,130.832911
0.0,17,130.833479
0.0,34,130.834539
0.0,25,130.835327
0.0,23,130.836069
0.0,9,130.836408
0.0,5,130.836619
0.0,23,130.837358
0.0,15,130.837857
0.0,65,130.839821
0.0,38,130.841
0.0,65,130.842968
0.0,13,130.843422
0.0,26,130.844241
0.0,17,130.844811
0.0,19,130.845445
0.0,49,130.846941
0.0,3,130.847094
0.0,18,130.847693
0.0,8,130.847991
0.0,36,130.84911
0.0,32,130.850117
0.0,4,130.850299
0.0,57,130.852034
0.0,25,130.85284
0.0,24,130.853613
0.0,18,130.854201
0.0,13,130.854655
0.0,15,130.855155
0.0,27,130.856018
0.0,50,130.857553
0.0,8,130.857852
0.0,8,130.858148
0.0,31,130.859124
0.0,6,130.859373
0.0,18,130.859959
0.0,5,130.860168
0.0,28,130.861054
0.0,11,130.86145
0.0,12,130.86188
0.0,21,130.862562
0.0,18,130.863147
0.0,4,130.863327
0.0,81,130.865766
0.0,25,130.866568
0.0,13,130.867009
0.0,52,130.868596
0.0,32,130.869595
0.0,28,130.870484
0.0,56,130.872176
0.0,10,130.872544
0.0,5,130.872756
0.0,11,130.87314
0.0,6,130.873392
0.0,20,130.874038
0.0,9,130.874376
0.0,23,130.875106
0.0,38,130.876401
0.0,8,130.876702
0.0,28,130.87759
0.0,14,130.878061
0.0,14,130.878549
0.0,13,130.878991
0.0,9,130.879317
0.0,29,130.880227
0.0,7,130.880508
0.0,25,130.881294
0.0,4,130.881486
0.0,47,130.882918
0.0,67,130.884931
0.0,10,130.885287
0.0,27,130.886144
0.0,4,130.886326
0.0,11,130.886719
0.0,6,130.886958
0.0,5,130.887167
0.0,60,130.888987
0.0,36,130.890107
0.0,51,130.891663
0.0,18,130.892248
0.0,15,130.892757
0.0,8,130.893054
0.0,35,130.894141
0.0,35,130.895229
0.0,44,130.896594
0.0,37,130.897738
0.0,27,130.898595
0.0,14,130.899064
0.0,23,130.899802
0.0,9,130.900129
0.0,6,130.900379
0.0,13,130.90082
0.0,6,130.90106
0.0,33,130.902087
0.0,6,130.902327
0.0,9,130.902662
0.0,6,130.9029
0.0,7,130.903168
0.0,41,130.904436
0.0,19,130.90505
0.0,50,130.906592
0.0,35,130.907682
0.0,11,130.908066
0.0,19,130.90869
0.0,11,130.909075
0.0,20,130.90973
0.0,98,130.912657
0.0,8,130.912955
0.0,21,130.913638
0.0,12,130.914051
0.0,50,130.915583
0.0,7,130.915853
0.0,7,130.916139
0.0,14,130.91662
0.0,20,130.917263
0.0,28,130.918149
0.0,25,130.91895
0.0,36,130.92007
0.0,16,130.92061
0.0,7,130.920879
0.0,22,130.921593
0.0,4,130.921775
0.0,10,130.922128
0.0,14,130.922609
0.0,13,130.923049
0.0,13,130.923506
0.0,20,130.924151
0.0,3,130.924302
0.0,59,130.926097
0.0,46,130.927518
0.0,30,130.928458
0.0,10,130.928815
0.0,18,130.929414
0.0,16,130.929941
0.0,19,130.930567
0.0,5,130.930778
0.0,27,130.931636
0.0,41,130.932898
0.0,4,130.93308
0.0,11,130.933476
0.0,3,130.933629
0.0,41,130.934887
0.0,5,130.935098
0.0,77,130.937427
0.0,4,130.93761
0.0,19,130.938224
0.0,24,130.938997
0.0,4,130.939178
0.0,20,130.939831
0.0,19,130.940458
0.0,7,130.940726
0.0,22,130.941439
0.0,16,130.941966
0.0,21,130.94265
0.0,10,130.943007
0.0,13,130.943461
0.0,4,130.943642
0.0,18,130.944225
0.0,27,130.945085
0.0,7,130.94537
0.0,55,130.947033
0.0,11,130.94743
0.0,25,130.948217
0.0,16,130.948756
0.0,16,130.949284
0.0,30,130.950224
0.0,8,130.950534
0.0,38,130.951712
0.0,6,130.951952
0.0,3,130.952103
0.0,22,130.952813
0.0,18,130.953412
0.0,39,130.954609
0.0,10,130.954965
0.0,4,130.955145
0.0,10,130.955517
0.0,11,130.955901
0.0,34,130.956958
0.0,6,130.957196
0.0,27,130.958052
0.0,33,130.959083
0.0,37,130.960227
0.0,28,130.961115
0.0,34,130.962174
0.0,25,130.96297
0.0,45,130.964343
0.0,17,130.964907
0.0,18,130.965513
0.0,15,130.966011
0.0,12,130.966434
0.0,41,130.967695
0.0,13,130.968137
0.0,6,130.968387
0.0,30,130.969317
0.0,9,130.96965
0.0,37,130.97079
0.0,38,130.971967
0.0,52,130.973551
0.0,7,130.973819
0.0,12,130.974228
0.0,3,130.974392
0.0,16,130.974919
0.0,10,130.975272
0.0,6,130.975621
0.0,6,130.975863
0.0,15,130.976373
0.0,3,130.976526
0.0,10,130.976881
0.0,7,130.977149
0.0,12,130.977571
0.0,18,130.978157
0.0,13,130.97861
0.0,8,130.978907
0.0,34,130.979965
0.0,15,130.980478
0.0,11,130.980863
0.0,39,130.982066
0.0,31,130.983042
0.0,28,130.983929
0.0,13,130.984384
0.0,5,130.984595
0.0,12,130.985008
0.0,24,130.985782
0.0,12,130.986197
0.0,13,130.986651
0.0,9,130.986979
0.0,18,130.987577
0.0,46,130.988983
0.0,18,130.989582
0.0,3,130.989736
0.0,4,130.989915
0.0,5,130.990124
0.0,39,130.991326
0.0,16,130.991863
0.0,29,130.992776
0.0,8,130.993074
0.0,21,130.993758
0.0,13,130.994201
0.0,17,130.994771
0.0,43,130.996098
0.0,24,130.99687
0.0,11,130.997255
0.0,64,130.999191
0.0,19,130.99982
0.0,32,131.000823
0.0,9,131.001148
0.0,14,131.001628
0.0,16,131.002158
0.0,4,131.00234
0.0,17,131.002909
0.0,8,131.003205
0.0,27,131.004061
0.0,16,131.004604
0.0,3,131.004757
0.0,18,131.005338
0.0,22,131.006057
0.0,12,131.00648
0.0,66,131.008472
0.0,31,131.00944
0.0,24,131.010218
0.0,24,131.01099
0.0,4,131.011174
0.0,20,131.011831
0.0,58,131.013598
0.0,11,131.013985
0.0,6,131.014223
0.0,22,131.014936
0.0,13,131.015395
0.0,21,131.016072
0.0,80,131.018471
0.0,49,131.019959
0.0,13,131.020416
0.0,10,131.020773
0.0,6,131.021011
0.0,31,131.02198
0.0,31,131.022955
0.0,8,131.023252
0.0,12,131.023675
0.0,25,131.024476
0.0,10,131.024832
0.0,14,131.025301
0.0,21,131.025987
0.0,37,131.027133
0.0,13,131.027589
0.0,4,131.027771
0.0,28,131.028657
0.0,34,131.029713
0.0,8,131.030011
0.0,8,131.030307
0.0,43,131.031635
0.0,19,131.032251
0.0,5,131.032474
0.0,13,131.032915
0.0,21,131.0336
0.0,31,131.03457
0.0,78,131.036914
0.0,35,131.038001
0.0,54,131.039645
0.0,29,131.040559
0.0,16,131.041087
0.0,13,131.041538
0.0,14,131.04201
0.0,16,131.042551
0.0,16,131.043079
0.0,23,131.043818
0.0,11,131.044203
0.0,32,131.045201
0.0,14,131.045689
0.0,4,131.045872
0.0,10,131.046226
0.0,61,131.048063
0.0,7,131.048331
0.0,36,131.049454
0.0,25,131.050239
0.0,9,131.050577
0.0,22,131.051277
0.0,19,131.051902
0.0,32,131.052906
0.0,25,131.053704
0.0,21,131.054389
0.0,17,131.054943
0.0,22,131.05566
0.0,38,131.056829
0.0,13,131.057272
0.0,5,131.057493
0.0,56,131.059186
0.0,15,131.0597
0.0,28,131.060591
0.0,63,131.0625
0.0,23,131.06323
0.0,22,131.063944
0.0,34,131.065004
0.0,11,131.065405
0.0,4,131.065587
0.0,21,131.066259
0.0,4,131.066452
0.0,43,131.067768
0.0,18,131.068365
0.0,38,131.069539
0.0,18,131.070127
0.0,11,131.070531
0.0,12,131.070945
0.0,6,131.071183
0.0,9,131.071522
0.0,40,131.072761
0.0,19,131.073389
0.0,60,131.075201
0.0,11,131.075604
0.0,4,131.075786
0.0,57,131.077638
0.0,7,131.07791
0.0,13,131.078363
0.0,14,131.078834
0.0,61,131.080687
0.0,38,131.081863
0.0,18,131.082463
0.0,10,131.08282
0.0,14,131.083289
0.0,11,131.083684
0.0,6,131.083924
0.0,10,131.084277
0.0,11,131.08467
0.0,16,131.085197
0.0,17,131.085769
0.0,7,131.086038
0.0,5,131.086247
0.0,16,131.086785
0.0,9,131.087111
0.0,13,131.087563
0.0,25,131.088356
0.0,8,131.088655
0.0,26,131.089478
0.0,16,131.090007
0.0,23,131.090748
0.0,14,131.09122
0.0,34,131.092272
0.0,54,131.09391
0.0,36,131.095023
0.0,10,131.095394
0.0,41,131.096652
0.0,18,131.097236
0.0,3,131.097399
0.0,23,131.098126
0.0,43,131.09945
0.0,30,131.100393
0.0,6,131.100632
0.0,33,131.101658
0.0,16,131.102184
0.0,6,131.102435
0.0,15,131.102934
0.0,38,131.10411
0.0,25,131.104911
0.0,50,131.106446
0.0,9,131.106773
0.0,6,131.107012
0.0,7,131.107278
0.0,39,131.108489
0.0,34,131.109545
0.0,15,131.110043
0.0,22,131.110754
0.0,3,131.110907
0.0,52,131.112494
0.0,69,131.114567
0.0,16,131.115095
0.0,6,131.115334
0.0,34,131.116408
0.0,52,131.11798
0.0,13,131.118435
0.0,11,131.118817
0.0,6,131.119056
0.0,8,131.119359
0.0,10,131.119715
0.0,34,131.120772
0.0,26,131.1216
0.0,16,131.122128
0.0,6,131.122378
0.0,33,131.123403
0.0,16,131.12393
0.0,12,131.124341
0.0,37,131.1255
0.0,6,131.12574
0.0,35,131.126825
0.0,5,131.127035
0.0,9,131.12737
0.0,6,131.127609
0.0,64,131.129541
0.0,28,131.13043
0.0,13,131.130872
0.0,12,131.13128
0.0,32,131.132278
0.0,9,131.132617
0.0,29,131.133531
0.0,11,131.133916
0.0,17,131.134485
0.0,12,131.134897
0.0,17,131.135468
0.0,78,131.137802
0.0,9,131.138129
0.0,32,131.139129
0.0,10,131.139497
0.0,8,131.139793
0.0,37,131.140937
0.0,79,131.143299
0.0,5,131.143522
0.0,9,131.14385
0.0,5,131.144059
0.0,56,131.145765
0.0,16,131.146294
0.0,20,131.146948
0.0,19,131.147574
0.0,29,131.14849
0.0,18,131.149076
0.0,31,131.150046
0.0,12,131.150471
0.0,15,131.15097
0.0,52,131.152561
0.0,13,131.153003
0.0,14,131.153482
0.0,3,131.153634
0.0,3,131.153785
0.0,3,131.153936
0.0,21,131.154619
0.0,12,131.155032
0.0,20,131.155698
0.0,10,131.156054
0.0,23,131.156796
0.0,14,131.157265
0.0,34,131.158323
0.0,13,131.158772
0.0,8,131.159067
0.0,12,131.159489
0.0,16,131.160015
0.0,9,131.16034
0.0,20,131.160993
0.0,49,131.162488
0.0,14,131.162958
0.0,13,131.163409
0.0,15,131.163908
0.0,13,131.164354
0.0,12,131.164784
0.0,12,131.165195
0.0,48,131.16667
0.0,15,131.167168
0.0,4,131.167359
0.0,7,131.167627
0.0,35,131.16871
0.0,19,131.169322
0.0,4,131.169512
0.0,6,131.169749
0.0,18,131.170331
0.0,38,131.171509
0.0,15,131.172008
0.0,24,131.172777
0.0,47,131.174211
0.0,23,131.174952
0.0,34,131.176013
0.0,5,131.176322
0.0,6,131.176572
0.0,17,131.177131
0.0,6,131.177381
0.0,16,131.177909
0.0,5,131.178118
0.0,26,131.178945
0.0,16,131.179485
0.0,18,131.180071
0.0,29,131.180985
0.0,7,131.181253
0.0,21,131.181939
0.0,70,131.184042
0.0,7,131.184312
0.0,35,131.185413
0.0,23,131.186144
0.0,41,131.187413
0.0,28,131.188289
0.0,24,131.189056
0.0,9,131.189394
0.0,17,131.189951
0.0,18,131.19055
0.0,3,131.190703
0.0,6,131.19094
0.0,10,131.191292
0.0,29,131.192206
0.0,11,131.192603
0.0,6,131.192844
0.0,100,131.195842
0.0,8,131.196141
0.0,13,131.196595
0.0,7,131.196865
0.0,13,131.197306
0.0,31,131.19828
0.0,42,131.19958
0.0,16,131.200111
0.0,4,131.200291
0.0,35,131.201392
0.0,11,131.201776
0.0,18,131.202371
0.0,34,131.203431
0.0,8,131.203729
0.0,48,131.205186
0.0,21,131.205877
0.0,4,131.206059
0.0,61,131.207908
0.0,14,131.208393
0.0,4,131.208574
0.0,15,131.209071
0.0,3,131.209222
0.0,11,131.209616
0.0,6,131.209856
0.0,14,131.210326
0.0,27,131.21118
0.0,5,131.211401
0.0,18,131.211989
0.0,7,131.212256
0.0,17,131.212826
0.0,7,131.213948
0.0,37,131.215102
0.0,58,131.21687
0.0,3,131.217025
0.0,19,131.217657
0.0,17,131.218216
0.0,36,131.219336
0.0,4,131.21953
0.0,9,131.219855
0.0,20,131.22051
0.0,18,131.221097
0.0,10,131.221468
0.0,5,131.221679
0.0,29,131.222595
0.0,29,131.223511
0.0,13,131.223953
0.0,4,131.224134
0.0,3,131.224286
0.0,11,131.224682
0.0,30,131.225636
0.0,12,131.226049
0.0,22,131.22676
0.0,22,131.22748
0.0,21,131.228154
0.0,49,131.229659
0.0,13,131.230102
0.0,29,131.231013
0.0,4,131.231195
0.0,84,131.233726
0.0,23,131.234472
0.0,16,131.235001
0.0,4,131.235183
0.0,20,131.235847
0.0,6,131.236088
0.0,11,131.236482
0.0,3,131.236636
0.0,10,131.236989
0.0,12,131.237416
0.0,8,131.237714
0.0,19,131.238332
0.0,5,131.238553
0.0,20,131.239196
0.0,20,131.239856
0.0,61,131.241714
0.0,5,131.241926
0.0,33,131.242953
0.0,20,131.243613
0.0,16,131.244143
0.0,18,131.244738
0.0,15,131.245239
0.0,5,131.245466
0.0,32,131.246474
0.0,17,131.247033
0.0,3,131.247184
0.0,25,131.247988
0.0,85,131.250541
0.0,6,131.250782
0.0,11,131.251164
0.0,22,131.25188
0.0,41,131.253141
0.0,17,131.253716
0.0,17,131.254274
0.0,21,131.254968
0.0,10,131.255324
0.0,19,131.255958
0.0,7,131.256226
0.0,65,131.258197
0.0,23,131.25894
0.0,13,131.259398
0.0,5,131.259609
0.0,20,131.260249
0.0,4,131.26044
0.0,10,131.260797
0.0,32,131.261804
0.0,17,131.262372
0.0,16,131.262901
0.0,30,131.263843
0.0,23,131.264587
0.0,40,131.26583
0.0,28,131.266716
0.0,5,131.266925
0.0,12,131.267338
0.0,32,131.268336
0.0,29,131.269246
0.0,30,131.270189
0.0,9,131.270535
0.0,27,131.271398
0.0,9,131.271726
0.0,29,131.27264
0.0,28,131.273533
0.0,24,131.27429
0.0,16,131.27483
0.0,7,131.2751
0.0,10,131.275474
0.0,19,131.276088
0.0,13,131.276644
0.0,9,131.276973
0.0,7,131.27724
0.0,12,131.277668
0.0,22,131.278378
0.0,26,131.279198
0.0,9,131.279537
0.0,6,131.279778
0.0,17,131.280335
0.0,15,131.280846
0.0,9,131.281171
0.0,80,131.283585
0.0,16,131.284114
0.0,95,131.286959
0.0,18,131.287562
0.0,33,131.288592
0.0,8,131.28889
0.0,23,131.289632
0.0,8,131.28993
0.0,4,131.290109
0.0,20,131.290765
0.0,43,131.292082
0.0,95,131.294917
0.0,64,131.296859
0.0,68,131.298911
0.0,17,131.299484
0.0,7,131.299754
0.0,8,131.300049
0.0,49,131.301554
0.0,63,131.303462
0.0,8,131.30376
0.0,25,131.304559
0.0,82,131.307018
0.0,7,131.307288
0.0,7,131.307569
0.0,24,131.308326
0.0,15,131.308832
0.0,11,131.309215
0.0,42,131.310513
0.0,49,131.312007
0.0,16,131.312548
0.0,17,131.313103
0.0,3,131.313255
0.0,22,131.313969
0.0,41,131.315233
0.0,32,131.31624
0.0,6,131.316493
0.0,3,131.316645
0.0,23,131.31739
0.0,5,131.3176
0.0,14,131.318069
0.0,10,131.318449
0.0,31,131.319426
0.0,33,131.320453
0.0,19,131.321067
0.0,11,131.321466
0.0,28,131.32234
0.0,9,131.322677
0.0,28,131.323563
0.0,36,131.324677
0.0,11,131.325059
0.0,15,131.325577
0.0,14,131.326047
0.0,14,131.326526
0.0,12,131.326939
0.0,20,131.327596
0.0,29,131.32851
0.0,15,131.329005
0.0,14,131.329489
0.0,13,131.329931
0.0,21,131.330614
0.0,23,131.331343
0.0,13,131.331797
0.0,17,131.33236
0.0,10,131.332715
0.0,38,131.333889
0.0,5,131.3341
0.0,11,131.334495
0.0,15,131.334995
0.0,4,131.335175
0.0,61,131.337023
0.0,18,131.337626
0.0,17,131.338183
0.0,26,131.33901
0.0,5,131.339221
0.0,22,131.339936
0.0,8,131.340233
0.0,11,131.340626
0.0,17,131.341181
0.0,40,131.342422
0.0,7,131.342691
0.0,30,131.343637
0.0,15,131.344136
0.0,21,131.344819
0.0,8,131.345117
0.0,16,131.345662
0.0,25,131.346457
0.0,3,131.346609
0.0,35,131.347697
0.0,6,131.347936
0.0,18,131.348531
0.0,8,131.348829
0.0,50,131.350359
0.0,19,131.350973
0.0,8,131.351269
0.0,13,131.351724
0.0,9,131.352051
0.0,54,131.353697
0.0,51,131.355251
0.0,17,131.355824
0.0,3,131.355977
0.0,6,131.356216
0.0,11,131.356611
0.0,26,131.357439
0.0,5,131.35765
0.0,9,131.357975
0.0,27,131.358832
0.0,5,131.359043
0.0,12,131.35947
0.0,40,131.360702
0.0,11,131.361087
0.0,20,131.361744
0.0,27,131.362599
0.0,63,131.364506
0.0,6,131.364747
0.0,16,131.365273
0.0,22,131.365991
0.0,23,131.366734
0.0,5,131.366945
0.0,51,131.368508
0.0,17,131.369064
0.0,63,131.370971
0.0,16,131.371516
0.0,11,131.371901
0.0,21,131.372582
0.0,13,131.373023
0.0,24,131.373799
0.0,5,131.37401
0.0,27,131.374864
0.0,3,131.375017
0.0,23,131.375759
0.0,4,131.375942
0.0,21,131.376624
0.0,50,131.378146
0.0,16,131.378686
0.0,10,131.37904
0.0,4,131.37922
0.0,48,131.380692
0.0,12,131.381204
0.0,5,131.38143
0.0,26,131.38225
0.0,34,131.383312
0.0,7,131.383593
0.0,14,131.384063
0.0,22,131.384776
0.0,4,131.384958
0.0,30,131.385907
0.0,15,131.386418
0.0,12,131.386833
0.0,17,131.387402
0.0,12,131.387816
0.0,23,131.388555
0.0,27,131.389419
0.0,11,131.389804
0.0,33,131.390834
0.0,12,131.391249
0.0,3,131.391415
0.0,17,131.391973
0.0,25,131.392771
0.0,4,131.392952
0.0,70,131.395065
0.0,38,131.396247
0.0,21,131.396934
0.0,10,131.397288
0.0,4,131.397483
0.0,18,131.398069
0.0,16,131.398608
0.0,94,131.401417
0.0,5,131.401629
0.0,48,131.403087
0.0,13,131.403544
0.0,49,131.405029
0.0,21,131.405719
0.0,9,131.406045
0.0,6,131.406284
0.0,94,131.409101
0.0,50,131.410631
0.0,24,131.411402
0.0,37,131.412542
0.0,21,131.413212
0.0,13,131.413664
0.0,14,131.414134
0.0,15,131.414643
0.0,20,131.415283
0.0,4,131.415481
0.0,31,131.416451
0.0,33,131.417484
0.0,6,131.417725
0.0,6,131.417963
0.0,30,131.41891
0.0,31,131.419885
0.0,32,131.420888
0.0,12,131.421301
0.0,33,131.422327
0.0,7,131.422605
0.0,6,131.422843
0.0,39,131.424042
0.0,5,131.424253
0.0,27,131.425111
0.0,17,131.425687
0.0,12,131.426101
0.0,17,131.426668
0.0,9,131.426997
0.0,24,131.427768
0.0,9,131.428095
0.0,16,131.428636
0.0,27,131.429496
0.0,13,131.429939
0.0,41,131.431208
0.0,10,131.431577
0.0,10,131.431931
0.0,25,131.432729
0.0,3,131.432881
0.0,14,131.43336
0.0,10,131.433717
0.0,44,131.435063
0.0,16,131.43561
0.0,26,131.436437
0.0,27,131.437285
0.0,26,131.438112
0.0,4,131.438294
0.0,9,131.438629
0.0,3,131.438781
0.0,4,131.438959
0.0,52,131.440545
0.0,4,131.440726
0.0,3,131.440878
0.0,10,131.441231
0.0,11,131.441627
0.0,12,131.442038
0.0,11,131.442432
0.0,14,131.442903
0.0,21,131.443589
0.0,9,131.443914
0.0,28,131.444798
0.0,38,131.445978
0.0,28,131.446864
0.0,35,131.447954
0.0,29,131.448872
0.0,13,131.449314
0.0,9,131.449647
0.0,34,131.450706
0.0,16,131.451233
0.0,7,131.451513
0.0,3,131.451666
0.0,54,131.453295
0.0,6,131.453547
0.0,17,131.454103
0.0,30,131.455048
0.0,9,131.45539
0.0,26,131.456203
0.0,12,131.456625
0.0,61,131.458465
0.0,6,131.458705
0.0,49,131.460198
0.0,8,131.460507
0.0,13,131.46095
0.0,13,131.461401
0.0,11,131.461783
0.0,8,131.462077
0.0,12,131.462516
0.0,11,131.462898
0.0,11,131.463281
0.0,20,131.463934
0.0,5,131.464144
0.0,7,131.464423
0.0,4,131.464604
0.0,12,131.465014
0.0,24,131.465787
0.0,17,131.466356
0.0,18,131.466946
0.0,5,131.467155
0.0,23,131.467898
0.0,3,131.468051
0.0,7,131.468318
0.0,51,131.469879
0.0,40,131.471123
0.0,18,131.47172
0.0,17,131.472276
0.0,5,131.472498
0.0,24,131.473255
0.0,37,131.474408
0.0,3,131.474562
0.0,18,131.475145
0.0,12,131.475575
0.0,8,131.475871
0.0,36,131.476986
0.0,62,131.478862
0.0,15,131.479375
0.0,5,131.479586
0.0,8,131.479882
0.0,3,131.480034
0.0,36,131.481148
0.0,23,131.481988
0.0,10,131.482353
0.0,39,131.483557
0.0,33,131.484586
0.0,20,131.485227
0.0,6,131.485485
0.0,13,131.485926
0.0,11,131.486307
0.0,12,131.486728
0.0,11,131.487112
0.0,6,131.487359
0.0,8,131.487657
0.0,5,131.487866
0.0,13,131.488309
0.0,66,131.490298
0.0,40,131.491542
0.0,14,131.492011
0.0,18,131.492606
0.0,9,131.492933
0.0,7,131.4932
0.0,4,131.493393
0.0,12,131.493805
0.0,16,131.494332
0.0,10,131.494695
0.0,13,131.495135
0.0,17,131.495708
0.0,8,131.496006
0.0,11,131.4964
0.0,25,131.497189
0.0,6,131.497441
0.0,3,131.497593
0.0,7,131.49786
0.0,18,131.49846
0.0,25,131.499249
0.0,9,131.499588
0.0,4,131.499769
0.0,54,131.501416
0.0,4,131.501598
0.0,36,131.502711
0.0,19,131.503325
0.0,26,131.504148
0.0,11,131.504542
0.0,27,131.505404
0.0,20,131.506049
0.0,19,131.506678
0.0,3,131.506832
0.0,11,131.507213
0.0,23,131.507956
0.0,32,131.508959
0.0,4,131.50914
0.0,4,131.509321
0.0,10,131.509685
0.0,17,131.51024
0.0,11,131.510635
0.0,24,131.511407
0.0,26,131.512225
0.0,13,131.512679
0.0,9,131.513005
0.0,39,131.514211
0.0,38,131.515401
0.0,30,131.516332
0.0,12,131.516757
0.0,8,131.517054
0.0,37,131.518201
0.0,8,131.518512
0.0,19,131.519126
0.0,14,131.519606
0.0,28,131.520494
0.0,38,131.521665
0.0,9,131.521992
0.0,41,131.523251
0.0,3,131.523416
0.0,16,131.523943
0.0,37,131.525087
0.0,32,131.526094
0.0,38,131.527278
0.0,4,131.527472
0.0,88,131.530092
0.0,20,131.53075
0.0,19,131.531375
0.0,6,131.531615
0.0,8,131.53191
0.0,20,131.532564
0.0,9,131.53289
0.0,11,131.53327
0.0,8,131.533578
0.0,14,131.534047
0.0,29,131.534962
0.0,6,131.535201
0.0,15,131.535718
0.0,31,131.53669
0.0,7,131.536958
0.0,15,131.537467
0.0,15,131.537966
0.0,5,131.538175
0.0,10,131.538542
0.0,4,131.538724
0.0,30,131.539667
0.0,15,131.540168
0.0,9,131.540506
0.0,18,131.541091
0.0,17,131.541658
0.0,53,131.54326
0.0,6,131.543513
0.0,10,131.543869
0.0,17,131.544437
0.0,23,131.545164
0.0,13,131.545619
0.0,24,131.546392
0.0,4,131.546575
0.0,11,131.546957
0.0,17,131.547525
0.0,14,131.547997
0.0,9,131.548322
0.0,28,131.549203
0.0,40,131.550712
0.0,17,131.551311
0.0,5,131.551552
0.0,4,131.551734
0.0,33,131.552764
0.0,39,131.554112
0.0,6,131.554409
0.0,6,131.55465
0.0,23,131.555411
0.0,10,131.555778
0.0,12,131.556191
0.0,9,131.556534
0.0,36,131.557666
0.0,31,131.558674
0.0,13,131.559138
0.0,38,131.560323
0.0,20,131.561012
0.0,17,131.561597
0.0,15,131.562101
0.0,15,131.562616
0.0,55,131.564286
0.0,16,131.564827
0.0,31,131.565813
0.0,30,131.566756
0.0,12,131.567169
0.0,9,131.56751
0.0,13,131.56795
0.0,13,131.5684
0.0,5,131.56861
0.0,32,131.569612
0.0,8,131.569911
0.0,34,131.570967
0.0,14,131.571452
0.0,22,131.572153
0.0,8,131.572462
0.0,56,131.574168
0.0,8,131.574541
0.0,36,131.575675
0.0,24,131.576477
0.0,9,131.576813
0.0,17,131.57739
0.0,30,131.578321
0.0,24,131.5791
0.0,25,131.579911
0.0,39,131.581108
0.0,3,131.581266
0.0,21,131.582139
0.0,43,131.583488
0.0,15,131.583992
0.0,7,131.584259
0.0,4,131.584451
0.0,10,131.584808
0.0,6,131.585047
0.0,5,131.585256
0.0,36,131.586397
0.0,18,131.586983
0.0,45,131.588373
0.0,12,131.588788
0.0,7,131.589056
0.0,6,131.589293
0.0,4,131.589487
0.0,58,131.591236
0.0,10,131.591609
0.0,33,131.592637
0.0,4,131.592819
0.0,9,131.593141
0.0,22,131.593852
0.0,13,131.59429
0.0,6,131.594539
0.0,13,131.594976
0.0,14,131.595467
0.0,15,131.595962
0.0,5,131.596171
0.0,15,131.596706
0.0,15,131.597202
0.0,70,131.59932
0.0,11,131.599752
0.0,72,131.601917
0.0,11,131.602331
0.0,4,131.602524
0.0,8,131.60282
0.0,30,131.603768
0.0,32,131.604774
0.0,3,131.604928
0.0,6,131.605167
0.0,28,131.606059
0.0,5,131.606271
0.0,10,131.606636
0.0,29,131.607558
0.0,10,131.607914
0.0,14,131.608394
0.0,9,131.60872
0.0,13,131.60916
0.0,13,131.609615
0.0,44,131.610965
0.0,4,131.611149
0.0,15,131.611664
0.0,11,131.612048
0.0,10,131.612413
0.0,17,131.612968
0.0,13,131.613423
0.0,34,131.614478
0.0,10,131.614838
0.0,20,131.615503
0.0,13,131.615947
0.0,58,131.617698
0.0,5,131.617928
0.0,35,131.61901
0.0,20,131.619672
0.0,8,131.619969
0.0,18,131.620564
0.0,66,131.622566
0.0,38,131.623747
0.0,16,131.624277
0.0,7,131.624555
0.0,85,131.627105
0.0,7,131.627389
0.0,19,131.628003
0.0,20,131.628657
0.0,16,131.629183
0.0,5,131.629408
0.0,74,131.631637
0.0,6,131.631879
0.0,27,131.632735
0.0,33,131.633768
0.0,16,131.634295
0.0,6,131.634544
0.0,28,131.635441
0.0,16,131.635969
0.0,39,131.637175
0.0,4,131.637372
0.0,19,131.637989
0.0,33,131.63902
0.0,47,131.640463
0.0,27,131.641309
0.0,27,131.642164
0.0,21,131.64285
0.0,32,131.643853
0.0,20,131.644511
0.0,11,131.644895
0.0,16,131.645439
0.0,25,131.646225
0.0,19,131.646852
0.0,4,131.647033
0.0,13,131.647489
0.0,8,131.647787
0.0,6,131.648026
0.0,7,131.648293
0.0,74,131.650527
0.0,38,131.6517
0.0,5,131.651911
0.0,7,131.652179
0.0,58,131.653946
0.0,19,131.654575
0.0,30,131.65552
0.0,5,131.655731
0.0,24,131.656508
0.0,7,131.656777
0.0,34,131.657838
0.0,17,131.658408
0.0,56,131.660102
0.0,32,131.661108
0.0,20,131.66177
0.0,11,131.662153
0.0,3,131.662304
0.0,6,131.662552
0.0,24,131.663309
0.0,37,131.66446
0.0,7,131.664729
0.0,15,131.665225
0.0,8,131.665541
0.0,3,131.665693
0.0,13,131.666133
0.0,24,131.666903
0.0,3,131.667055
0.0,33,131.668086
0.0,14,131.668568
0.0,10,131.668922
0.0,20,131.669579
0.0,12,131.669991
0.0,10,131.670344
0.0,3,131.670519
0.0,12,131.670928
0.0,47,131.672374
0.0,5,131.672586
0.0,4,131.672766
0.0,12,131.673178
0.0,7,131.67346
0.0,5,131.673672
0.0,25,131.674467
0.0,6,131.674707
0.0,14,131.675177
0.0,3,131.675328
0.0,24,131.6761
0.0,6,131.676338
0.0,37,131.677494
0.0,9,131.677823
0.0,7,131.67809
0.0,23,131.678829
0.0,12,131.679243
0.0,11,131.679644
0.0,13,131.680087
0.0,7,131.680365
0.0,9,131.680691
0.0,48,131.682157
0.0,9,131.682659
0.0,7,131.68293
0.0,31,131.68391
0.0,32,131.684911
0.0,12,131.685323
0.0,25,131.686123
0.0,35,131.687212
0.0,12,131.68764
0.0,10,131.687994
0.0,13,131.688445
0.0,13,131.688886
0.0,31,131.689857
0.0,7,131.690125
0.0,12,131.690548
0.0,10,131.690902
0.0,23,131.691643
0.0,17,131.692201
0.0,56,131.693905
0.0,13,131.694355
0.0,30,131.695283
0.0,5,131.695509
0.0,45,131.696883
0.0,18,131.697483
0.0,10,131.697838
0.0,19,131.698462
0.0,14,131.698933
0.0,7,131.699201
0.0,9,131.69954
0.0,39,131.700745
0.0,51,131.702295
0.0,8,131.702602
0.0,34,131.703659
0.0,7,131.703928
0.0,36,131.705039
0.0,6,131.705278
0.0,36,131.706412
0.0,29,131.707315
0.0,13,131.707767
0.0,5,131.707978
0.0,12,131.708402
0.0,4,131.708583
0.0,15,131.70908
0.0,65,131.71104
0.0,23,131.711784
0.0,3,131.711937
0.0,6,131.712174
0.0,38,131.713357
0.0,30,131.714287
0.0,12,131.714712
0.0,13,131.715153
0.0,40,131.716394
0.0,4,131.716576
0.0,10,131.716928
0.0,9,131.717252
0.0,65,131.719209
0.0,28,131.720098
0.0,37,131.721241
0.0,19,131.721873
0.0,15,131.722386
0.0,40,131.723622
0.0,25,131.724421
0.0,14,131.724891
0.0,4,131.725071
0.0,54,131.726721
0.0,6,131.726962
0.0,26,131.727793
0.0,30,131.728734
0.0,38,131.729912
0.0,6,131.730152
0.0,22,131.730865
0.0,49,131.732368
0.0,20,131.73301
0.0,8,131.733305
0.0,25,131.734103
0.0,22,131.734819
0.0,24,131.735598
0.0,8,131.735896
0.0,6,131.736135
0.0,63,131.738036
0.0,12,131.738463
0.0,33,131.739498
0.0,18,131.740085
0.0,100,131.743062
0.0,12,131.743491
0.0,13,131.743932
0.0,16,131.744467
0.0,13,131.744907
0.0,11,131.745289
0.0,19,131.745939
0.0,3,131.746093
0.0,26,131.746923
0.0,11,131.747306
0.0,22,131.748016
0.0,9,131.748343
0.0,8,131.748652
0.0,46,131.750059
0.0,10,131.750426
0.0,5,131.750637
0.0,18,131.751221
0.0,31,131.752194
0.0,91,131.75492
0.0,5,131.755132
0.0,10,131.755502
0.0,21,131.756173
0.0,58,131.757934
0.0,49,131.759439
0.0,5,131.759649
0.0,13,131.760088
0.0,17,131.760655
0.0,15,131.761153
0.0,25,131.761953
0.0,17,131.762522
0.0,43,131.763842
0.0,19,131.764467
0.0,32,131.765472
0.0,8,131.76577
0.0,13,131.766208
0.0,20,131.76686
0.0,50,131.76839
0.0,25,131.769176
0.0,46,131.770592
0.0,61,131.772439
0.0,5,131.77265
0.0,25,131.77345
0.0,7,131.773717
0.0,37,131.77486
0.0,20,131.775526
0.0,10,131.775882
0.0,32,131.776886
0.0,25,131.777689
0.0,4,131.777871
0.0,26,131.778697
0.0,52,131.780281
0.0,10,131.780648
0.0,35,131.781735
0.0,53,131.783345
0.0,48,131.78482
0.0,29,131.785739
0.0,24,131.786507
0.0,3,131.786659
0.0,22,131.787372
0.0,6,131.787612
0.0,4,131.787792
0.0,42,131.789078
0.0,25,131.789882
0.0,32,131.790883
0.0,27,131.791744
0.0,15,131.792244
0.0,12,131.792667
0.0,12,131.793079
0.0,5,131.793288
0.0,12,131.793712
0.0,23,131.794451
0.0,32,131.795457
0.0,27,131.796422
0.0,12,131.796839
0.0,17,131.797411
0.0,12,131.797827
0.0,9,131.798154
0.0,34,131.799218
0.0,31,131.8002
0.0,35,131.801291
0.0,64,131.803225
0.0,17,131.803802
0.0,44,131.80515
0.0,22,131.805877
0.0,38,131.807053
0.0,11,131.807455
0.0,4,131.807638
0.0,13,131.808079
0.0,5,131.808289
0.0,23,131.80903
0.0,34,131.810095
0.0,60,131.811915
0.0,14,131.812399
0.0,27,131.813245
0.0,22,131.813961
0.0,7,131.814231
0.0,19,131.814855
0.0,15,131.815369
0.0,24,131.816129
0.0,11,131.816526
0.0,9,131.816853
0.0,17,131.817426
0.0,23,131.818154
0.0,20,131.818811
0.0,10,131.819166
0.0,10,131.819537
0.0,20,131.820181
0.0,22,131.820897
0.0,9,131.821223
0.0,16,131.821769
0.0,20,131.822428
0.0,4,131.82261
0.0,5,131.82282
0.0,6,131.823058
0.0,20,131.823716
0.0,14,131.824189
0.0,56,131.825896
0.0,27,131.826756
0.0,6,131.826996
0.0,25,131.827799
0.0,14,131.82827
0.0,11,131.828664
0.0,37,131.829812
0.0,11,131.830197
0.0,5,131.830418
0.0,43,131.831738
0.0,11,131.832121
0.0,5,131.832331
0.0,19,131.832955
0.0,18,131.833557
0.0,26,131.834386
0.0,15,131.834883
0.0,13,131.835323
0.0,36,131.836458
0.0,4,131.836641
0.0,3,131.836793
0.0,15,131.83729
0.0,12,131.837717
0.0,10,131.838074
0.0,10,131.838441
0.0,21,131.839113
0.0,56,131.840828
0.0,3,131.840981
0.0,21,131.841671
0.0,17,131.842231
0.0,21,131.842916
0.0,5,131.843126
0.0,36,131.844247
0.0,11,131.844645
0.0,37,131.845799
0.0,41,131.847066
0.0,49,131.848582
0.0,57,131.85031
0.0,21,131.850993
0.0,13,131.851453
0.0,4,131.851635
0.0,19,131.852252
0.0,5,131.852474
0.0,52,131.854058
0.0,19,131.854687
0.0,12,131.8551
0.0,11,131.855502
0.0,17,131.856059
0.0,14,131.856541
0.0,17,131.857099
0.0,17,131.857672
0.0,40,131.858907
0.0,9,131.859235
0.0,12,131.859661
0.0,47,131.861096
0.0,49,131.862604
0.0,12,131.863018
0.0,10,131.863385
0.0,16,131.863912
0.0,4,131.864092
0.0,12,131.864517
0.0,15,131.865017
0.0,30,131.865969
0.0,11,131.866365
0.0,5,131.866576
0.0,32,131.86758
0.0,17,131.868138
0.0,17,131.868708
0.0,53,131.87032
0.0,12,131.870748
0.0,22,131.871466
0.0,7,131.871735
0.0,8,131.872031
0.0,9,131.872365
0.0,9,131.872692
0.0,7,131.872959
0.0,19,131.873586
0.0,33,131.874618
0.0,3,131.874772
0.0,13,131.87521
0.0,43,131.876544
0.0,17,131.877101
0.0,31,131.878077
0.0,54,131.87973
0.0,23,131.880476
0.0,15,131.880975
0.0,20,131.881634
0.0,18,131.88222
0.0,21,131.882906
0.0,4,131.883088
0.0,24,131.883862
0.0,46,131.885267
0.0,10,131.885641
0.0,17,131.886198
0.0,64,131.88814
0.0,74,131.890374
0.0,25,131.891166
0.0,26,131.892001
0.0,19,131.892627
0.0,23,131.893371
0.0,45,131.894745
0.0,23,131.895495
0.0,4,131.895678
0.0,16,131.896206
0.0,23,131.896946
0.0,28,131.897836
0.0,36,131.899074
0.0,8,131.899389
0.0,16,131.899917
0.0,18,131.900513
0.0,5,131.90074
0.0,8,131.901038
0.0,5,131.901247
0.0,18,131.901845
0.0,6,131.902086
0.0,11,131.90248
0.0,4,131.902661
0.0,8,131.902957
0.0,47,131.904405
0.0,17,131.904963
0.0,13,131.905421
0.0,29,131.90633
0.0,7,131.906608
0.0,10,131.906962
0.0,12,131.907387
0.0,10,131.907743
0.0,42,131.909031
0.0,43,131.910361
0.0,7,131.910631
0.0,41,131.911896
0.0,100,131.914885
0.0,9,131.915214
0.0,42,131.916522
0.0,4,131.916704
0.0,23,131.917448
0.0,17,131.918001
0.0,17,131.918567
0.0,19,131.919179
0.0,10,131.919547
0.0,9,131.919873
0.0,7,131.920139
0.0,20,131.920792
0.0,24,131.921565
0.0,14,131.922035
0.0,19,131.922661
0.0,11,131.923044
0.0,22,131.923759
0.0,31,131.924732
0.0,19,131.925361
0.0,21,131.926033
0.0,19,131.926661
0.0,18,131.927247
0.0,12,131.927673
0.0,15,131.92817
0.0,23,131.928912
0.0,52,131.930508
0.0,31,131.931483
0.0,27,131.932325
0.0,15,131.932834
0.0,19,131.933462
0.0,24,131.93422
0.0,45,131.935611
0.0,32,131.936612
0.0,35,131.937701
0.0,39,131.938902
0.0,28,131.939792
0.0,51,131.941338
0.0,39,131.942547
0.0,5,131.942758
0.0,12,131.943168
0.0,6,131.943421
0.0,20,131.944065
0.0,9,131.944401
0.0,16,131.944927
0.0,11,131.945311
0.0,63,131.947213
0.0,12,131.947642
0.0,10,131.947997
0.0,11,131.948391
0.0,86,131.950952
0.0,13,131.951409
0.0,16,131.951935
0.0,7,131.952201
0.0,19,131.952828
0.0,3,131.952981
0.0,14,131.953465
0.0,19,131.954083
0.0,32,131.955084
0.0,3,131.955237
0.0,5,131.955463
0.0,45,131.956845
0.0,46,131.958247
0.0,8,131.958558
0.0,9,131.958885
0.0,4,131.959065
0.0,6,131.959304
0.0,49,131.960805
0.0,27,131.961667
0.0,12,131.96208
0.0,43,131.963409
0.0,18,131.963999
0.0,3,131.964152
0.0,11,131.964546
0.0,6,131.964787
0.0,23,131.965534
0.0,5,131.965745
0.0,4,131.965926
0.0,23,131.966665
0.0,17,131.967221
0.0,56,131.968924
0.0,13,131.969379
0.0,3,131.969532
0.0,34,131.970592
0.0,22,131.971294
0.0,12,131.97172
0.0,3,131.971872
0.0,7,131.972139
0.0,46,131.973565
0.0,25,131.974362
0.0,58,131.976117
0.0,7,131.976395
0.0,23,131.977122
0.0,9,131.977463
0.0,16,131.977989
0.0,3,131.978141
0.0,11,131.978535
0.0,7,131.978804
0.0,20,131.979462
0.0,37,131.980607
0.0,10,131.980963
0.0,19,131.981593
0.0,16,131.982123
0.0,6,131.982373
0.0,15,131.982874
0.0,43,131.984196
0.0,4,131.98439
0.0,7,131.984659
0.0,22,131.985374
0.0,21,131.986051
0.0,31,131.987025
0.0,22,131.987746
0.0,8,131.988042
0.0,13,131.988495
0.0,15,131.988993
0.0,21,131.989679
0.0,3,131.989831
0.0,9,131.990156
0.0,19,131.990784
0.0,4,131.990966
0.0,10,131.99132
0.0,7,131.991599
0.0,21,131.992271
0.0,7,131.992549
0.0,16,131.993078
0.0,14,131.993563
0.0,15,131.994063
0.0,13,131.994515
0.0,47,131.995952
0.0,6,131.996194
0.0,35,131.997283
0.0,70,131.999408
0.0,21,132.000181
0.0,3,132.000335
0.0,14,132.000818
0.0,29,132.001742
0.0,15,132.002242
0.0,6,132.002494
0.0,14,132.002967
0.0,11,132.003364
0.0,13,132.003808
0.0,19,132.004433
0.0,29,132.005338
0.0,4,132.005535
0.0,16,132.006063
0.0,42,132.007365
0.0,9,132.007693
0.0,12,132.008104
0.0,33,132.00913
0.0,20,132.009789
0.0,30,132.010734
0.0,14,132.011204
0.0,51,132.012766
0.0,23,132.013511
0.0,30,132.014454
0.0,17,132.015011
0.0,4,132.015192
0.0,22,132.015911
0.0,40,132.017144
0.0,31,132.01812
0.0,18,132.018719
0.0,22,132.019433
0.0,8,132.019731
0.0,9,132.020055
0.0,14,132.020537
0.0,7,132.020805
0.0,40,132.022036
0.0,30,132.022985
0.0,28,132.02388
0.0,15,132.024392
0.0,6,132.024632
0.0,10,132.024986
0.0,32,132.02599
0.0,18,132.026589
0.0,17,132.027146
0.0,27,132.028005
0.0,4,132.028188
0.0,17,132.028756
0.0,12,132.02917
0.0,71,132.03131
0.0,54,132.032951
0.0,30,132.033905
0.0,21,132.034587
0.0,7,132.034857
0.0,38,132.036034
0.0,16,132.036575
0.0,20,132.037215
0.0,5,132.037441
0.0,28,132.038316
0.0,9,132.038651
0.0,11,132.039035
0.0,49,132.040534
0.0,4,132.040716
0.0,21,132.041403
0.0,17,132.041962
0.0,34,132.04302
0.0,11,132.04342
0.0,23,132.044149
0.0,13,132.0446
0.0,18,132.045182
0.0,4,132.045379
0.0,3,132.045548
0.0,11,132.045934
0.0,22,132.046646
0.0,14,132.047116
0.0,18,132.047718
0.0,10,132.048073
0.0,17,132.04864
0.0,6,132.048879
0.0,14,132.049359
0.0,28,132.050234
0.0,26,132.051061
0.0,33,132.05209
0.0,15,132.0526
0.0,15,132.053099
0.0,7,132.053381
0.0,30,132.054307
0.0,14,132.054786
0.0,6,132.055024
0.0,10,132.055395
0.0,14,132.055864
0.0,8,132.05616
0.0,29,132.057069
0.0,24,132.057844
0.0,15,132.058342
0.0,30,132.059281
0.0,39,132.060496
0.0,6,132.060736
0.0,42,132.062024
0.0,3,132.062177
0.0,3,132.062328
0.0,75,132.064586
0.0,23,132.065316
0.0,10,132.065682
0.0,10,132.066037
0.0,63,132.06795
0.0,3,132.068104
0.0,6,132.068341
0.0,14,132.06882
0.0,5,132.06903
0.0,5,132.069239
0.0,3,132.069404
0.0,24,132.070159
0.0,34,132.071225
0.0,21,132.071912
0.0,14,132.072397
0.0,25,132.073182
0.0,29,132.074099
0.0,3,132.074252
0.0,24,132.075022
0.0,8,132.07532
0.0,9,132.075659
0.0,7,132.075927
0.0,21,132.076611
0.0,9,132.076938
0.0,15,132.077449
0.0,5,132.07766
0.0,30,132.078604
0.0,11,132.078988
0.0,22,132.079702
0.0,33,132.080734
0.0,26,132.081567
0.0,44,132.082913
0.0,22,132.083631
0.0,13,132.084073
0.0,7,132.084338
0.0,13,132.08479
0.0,40,132.08603
0.0,29,132.086944
0.0,6,132.087184
0.0,31,132.088162
0.0,55,132.08985
0.0,17,132.090421
0.0,18,132.091008
0.0,10,132.091375
0.0,20,132.092018
0.0,21,132.0927
0.0,9,132.093027
0.0,3,132.093178
0.0,10,132.093546
0.0,4,132.093728
0.0,10,132.094082
0.0,42,132.095388
0.0,18,132.095977
0.0,16,132.096517
0.0,10,132.096874
0.0,21,132.097562
0.0,7,132.097831
0.0,6,132.09807
0.0,6,132.098309
0.0,54,132.099957
0.0,21,132.100744
0.0,34,132.101809
0.0,75,132.104067
0.0,11,132.104462
0.0,4,132.104644
0.0,12,132.105054
0.0,7,132.10532
0.0,13,132.105775
0.0,51,132.10732
0.0,41,132.108587
0.0,50,132.110111
0.0,9,132.11045
0.0,14,132.110921
0.0,15,132.111433
0.0,11,132.111818
0.0,19,132.112439
0.0,7,132.112708
0.0,31,132.113685
0.0,10,132.11404
0.0,14,132.114522
0.0,46,132.115937
0.0,20,132.116593
0.0,33,132.117626
0.0,18,132.118211
0.0,39,132.119427
0.0,15,132.119927
0.0,13,132.120378
0.0,7,132.120646
0.0,8,132.120942
0.0,18,132.121542
0.0,34,132.122603
0.0,29,132.123519
0.0,8,132.123816
0.0,6,132.124054
0.0,16,132.124594
0.0,15,132.125092
0.0,35,132.126188
0.0,47,132.127637
0.0,18,132.128226
0.0,26,132.129056
0.0,36,132.130179
0.0,10,132.130548
0.0,22,132.131249
0.0,7,132.131531
0.0,48,132.132998
0.0,37,132.13415
0.0,13,132.134603
0.0,14,132.135073
0.0,66,132.137063
0.0,53,132.138682
0.0,13,132.139123
0.0,49,132.140622
0.0,17,132.141178
0.0,8,132.141489
0.0,20,132.142132
0.0,6,132.142381
0.0,10,132.142736
0.0,64,132.144674
0.0,27,132.14554
0.0,9,132.145866
0.0,44,132.147211
0.0,19,132.147842
0.0,60,132.149662
0.0,15,132.150162
0.0,42,132.151464
0.0,3,132.151618
0.0,16,132.152146
0.0,14,132.152626
0.0,11,132.153011
0.0,17,132.15358
0.0,6,132.153821
0.0,24,132.154591
0.0,22,132.155291
0.0,20,132.155951
0.0,44,132.157294
0.0,19,132.157924
0.0,4,132.158107
0.0,50,132.159634
0.0,12,132.160048
0.0,14,132.160531
0.0,7,132.160802
0.0,5,132.161011
0.0,7,132.161278
0.0,20,132.161933
0.0,41,132.163197
0.0,18,132.1638
0.0,9,132.164127
0.0,16,132.164667
0.0,5,132.164878
0.0,18,132.165481
0.0,33,132.166511
0.0,7,132.16678
0.0,11,132.167164
0.0,14,132.167646
0.0,3,132.167798
0.0,30,132.168739
0.0,15,132.169238
0.0,5,132.16946
0.0,10,132.169815
0.0,27,132.170668
0.0,9,132.170994
0.0,3,132.171145
0.0,9,132.171482
0.0,17,132.172037
0.0,22,132.17275
0.0,27,132.173607
0.0,9,132.173933
0.0,10,132.174286
0.0,50,132.175823
0.0,4,132.176006
0.0,11,132.1764
0.0,8,132.176699
0.0,54,132.178334
0.0,13,132.178784
0.0,12,132.179194
0.0,26,132.180021
0.0,28,132.180911
0.0,26,132.181739
0.0,44,132.183088
0.0,51,132.184641
0.0,46,132.186053
0.0,42,132.187344
0.0,8,132.187651
0.0,20,132.188293
0.0,8,132.188598
0.0,36,132.189709
0.0,15,132.190209
0.0,17,132.190775
0.0,15,132.191275
0.0,10,132.191643
0.0,12,132.192074
0.0,23,132.192812
0.0,53,132.194433
0.0,11,132.194818
0.0,100,132.197806
0.0,67,132.199823
0.0,40,132.201055
0.0,23,132.201795
0.0,15,132.202295
0.0,3,132.202456
0.0,4,132.202637
0.0,19,132.20325
0.0,42,132.204547
0.0,42,132.205849
0.0,17,132.206422
0.0,55,132.208088
0.0,8,132.208396
0.0,21,132.209069
0.0,52,132.210654
0.0,29,132.211571
0.0,26,132.212398
0.0,20,132.213043
0.0,9,132.213514
0.0,16,132.214046
0.0,10,132.214411
0.0,19,132.215029
0.0,17,132.215607
0.0,25,132.216403
0.0,19,132.217019
0.0,7,132.217287
0.0,24,132.218058
0.0,22,132.218771
0.0,17,132.21933
0.0,64,132.221262
0.0,29,132.222177
0.0,27,132.223035
0.0,12,132.22346
0.0,10,132.223814
0.0,3,132.223966
0.0,3,132.224117
0.0,27,132.224972
0.0,14,132.225461
0.0,7,132.22573
0.0,45,132.227101
0.0,15,132.227615
0.0,33,132.228646
0.0,13,132.22909
0.0,34,132.230145
0.0,19,132.230774
0.0,8,132.231072
0.0,16,132.231614
0.0,4,132.231797
0.0,24,132.232569
0.0,24,132.233329
0.0,3,132.233493
0.0,62,132.235374
0.0,8,132.235672
0.0,26,132.236499
0.0,13,132.236941
0.0,14,132.237425
0.0,5,132.237637
0.0,40,132.238868
0.0,12,132.239281
0.0,26,132.240106
0.0,34,132.241172
0.0,22,132.241884
0.0,18,132.242482
0.0,42,132.243767
0.0,19,132.244392
0.0,7,132.244661
0.0,21,132.245331
0.0,47,132.246776
0.0,11,132.24716
0.0,64,132.249085
0.0,21,132.249768
0.0,3,132.249921
0.0,7,132.250188
0.0,10,132.250552
0.0,16,132.251081
0.0,75,132.25332
0.0,21,132.254
0.0,17,132.254566
0.0,3,132.254719
0.0,25,132.255518
0.0,8,132.255817
0.0,27,132.256675
0.0,15,132.257175
0.0,15,132.257684
0.0,38,132.258858
0.0,70,132.26095
0.0,14,132.261432
0.0,45,132.262806
0.0,7,132.263076
0.0,5,132.263285
0.0,32,132.264282
0.0,23,132.265019
0.0,20,132.265679
0.0,22,132.266393
0.0,59,132.268166
0.0,10,132.268534
0.0,30,132.269476
0.0,23,132.270206
0.0,3,132.270376
0.0,26,132.271191
0.0,21,132.271876
0.0,9,132.272203
0.0,7,132.272483
0.0,74,132.274696
0.0,17,132.275253
0.0,13,132.275714
0.0,18,132.276301
0.0,26,132.277126
0.0,9,132.277464
0.0,8,132.27776
0.0,13,132.278201
0.0,7,132.278481
0.0,19,132.279095
0.0,40,132.280327
0.0,16,132.28086
0.0,5,132.281069
0.0,24,132.281835
0.0,5,132.282045
0.0,5,132.282254
0.0,40,132.283497
0.0,7,132.283765
0.0,14,132.284232
0.0,5,132.284452
0.0,10,132.284806
0.0,13,132.285245
0.0,39,132.286459
0.0,29,132.287375
0.0,13,132.287816
0.0,15,132.288312
0.0,45,132.28969
0.0,11,132.290075
0.0,14,132.290555
0.0,39,132.291755
0.0,18,132.29234
0.0,99,132.29528
0.0,30,132.296225
0.0,21,132.296908
0.0,14,132.297392
0.0,9,132.297718
0.0,61,132.299561
0.0,18,132.300148
0.0,12,132.30057
0.0,7,132.300839
0.0,21,132.30152
0.0,56,132.30321
0.0,12,132.303636
0.0,14,132.304105
0.0,20,132.30476
0.0,21,132.305454
0.0,19,132.306071
0.0,16,132.306611
0.0,43,132.307926
0.0,15,132.308438
0.0,38,132.30961
0.0,23,132.310341
0.0,5,132.310561
0.0,6,132.310799
0.0,12,132.31121
0.0,12,132.311633
0.0,10,132.311987
0.0,18,132.312582
0.0,13,132.313021
0.0,13,132.313476
0.0,11,132.31386
0.0,14,132.314328
0.0,5,132.314645
0.0,9,132.314974
0.0,11,132.315373
0.0,49,132.316867
0.0,19,132.317494
0.0,25,132.31828
0.0,20,132.318933
0.0,49,132.320431
0.0,6,132.320671
0.0,31,132.321645
0.0,11,132.322029
0.0,22,132.32274
0.0,25,132.323538
0.0,15,132.324036
0.0,11,132.324431
0.0,5,132.324642
0.0,44,132.325989
0.0,18,132.326587
0.0,13,132.327028
0.0,8,132.327324
0.0,20,132.327972
0.0,5,132.32818
0.0,36,132.329294
0.0,33,132.330323
0.0,12,132.330743
0.0,15,132.331238
0.0,7,132.331516
0.0,39,132.332716
0.0,3,132.332869
0.0,24,132.333633
0.0,23,132.33437
0.0,55,132.336035
0.0,12,132.336459
0.0,13,132.3369
0.0,11,132.337282
0.0,20,132.337936
0.0,3,132.338088
0.0,21,132.33877
0.0,8,132.339068
0.0,9,132.339406
0.0,16,132.339931
0.0,61,132.341777
0.0,25,132.342573
0.0,29,132.343488
0.0,32,132.344483
0.0,16,132.34501
0.0,5,132.345219
0.0,5,132.345445
0.0,23,132.346176
0.0,6,132.346426
0.0,13,132.346868
0.0,18,132.347487
0.0,32,132.348488
0.0,13,132.348929
0.0,13,132.34938
0.0,13,132.349822
0.0,22,132.350533
0.0,21,132.351204
0.0,4,132.351397
0.0,59,132.353175
0.0,5,132.353399
0.0,75,132.35565
0.0,10,132.356006
0.0,24,132.356776
0.0,14,132.357246
0.0,6,132.357497
0.0,16,132.358023
0.0,9,132.358357
0.0,34,132.359413
0.0,22,132.360111
0.0,10,132.360476
0.0,4,132.360656
0.0,41,132.361911
0.0,11,132.362295
0.0,37,132.363447
0.0,31,132.364413
0.0,24,132.365169
0.0,26,132.365999
0.0,26,132.366823
0.0,7,132.367091
0.0,5,132.3673
0.0,4,132.367491
0.0,35,132.368575
0.0,35,132.369659
0.0,5,132.36987
0.0,13,132.370309
0.0,8,132.370614
0.0,43,132.371932
0.0,9,132.372257
0.0,6,132.372506
0.0,76,132.37478
0.0,7,132.375049
0.0,21,132.375737
0.0,5,132.375949
0.0,8,132.376243
0.0,15,132.376753
0.0,68,132.37879
0.0,12,132.379202
0.0,41,132.380463
0.0,31,132.381431
0.0,11,132.381814
0.0,15,132.382312
0.0,19,132.382931
0.0,84,132.385457
0.0,5,132.385667
0.0,3,132.385818
0.0,18,132.386414
0.0,6,132.386654
0.0,23,132.387394
0.0,15,132.38789
0.0,26,132.388715
0.0,21,132.389399
0.0,6,132.389637
0.0,34,132.390687
0.0,5,132.390898
0.0,18,132.391494
0.0,28,132.392377
0.0,17,132.392932
0.0,21,132.393613
0.0,7,132.393881
0.0,12,132.39429
0.0,9,132.394625
0.0,22,132.395324
0.0,13,132.395776
0.0,4,132.395956
0.0,5,132.396164
0.0,22,132.396873
0.0,23,132.397615
0.0,9,132.39794
0.0,3,132.39809
0.0,60,132.399903
0.0,5,132.400114
0.0,39,132.401313
0.0,4,132.401502
0.0,22,132.402201
0.0,3,132.402362
0.0,17,132.402916
0.0,12,132.403325
0.0,34,132.404382
0.0,18,132.404967
0.0,8,132.405262
0.0,33,132.406295
0.0,25,132.407092
0.0,31,132.408072
0.0,18,132.408669
0.0,7,132.408937
0.0,48,132.41044
0.0,6,132.410681
0.0,8,132.410978
0.0,14,132.411457
0.0,21,132.41213
0.0,16,132.412671
0.0,18,132.413256
0.0,14,132.413738
0.0,23,132.414481
0.0,5,132.414791
0.0,5,132.415003
0.0,3,132.415154
0.0,17,132.415729
0.0,31,132.41671
0.0,33,132.417746
0.0,49,132.419243
0.0,16,132.419786
0.0,22,132.420504
0.0,11,132.420887
0.0,19,132.421506
0.0,93,132.424242
0.0,31,132.425205
0.0,16,132.425745
0.0,23,132.426479
0.0,8,132.426773
0.0,38,132.427933
0.0,31,132.428895
0.0,42,132.430169
0.0,16,132.430704
0.0,3,132.430855
0.0,23,132.431584
0.0,5,132.431792
0.0,53,132.433384
0.0,10,132.433735
0.0,61,132.435556
0.0,37,132.436688
0.0,5,132.4369
0.0,12,132.43731
0.0,9,132.437646
0.0,20,132.438291
0.0,12,132.438715
0.0,14,132.439185
0.0,37,132.44033
0.0,7,132.44061
0.0,10,132.440964
0.0,47,132.44241
0.0,5,132.442621
0.0,23,132.443357
0.0,23,132.444088
0.0,28,132.444973
0.0,16,132.445519
0.0,12,132.445933
0.0,14,132.446416
0.0,30,132.447357
0.0,14,132.447826
0.0,11,132.448209
0.0,7,132.448489
0.0,3,132.448641
0.0,44,132.449978
0.0,15,132.450491
0.0,11,132.450874
0.0,14,132.451344
0.0,4,132.451535
0.0,6,132.451774
0.0,23,132.452513
0.0,42,132.4538
0.0,4,132.453982
0.0,4,132.454162
0.0,4,132.454341
0.0,40,132.45559
0.0,43,132.456913
0.0,11,132.457298
0.0,33,132.458329
0.0,30,132.459272
0.0,32,132.460277
0.0,7,132.460559
0.0,12,132.460971
0.0,64,132.462907
0.0,8,132.463204
0.0,5,132.463426
0.0,44,132.464775
0.0,14,132.465247
0.0,5,132.465472
0.0,18,132.46606
0.0,20,132.466717
0.0,29,132.467633
0.0,52,132.469206
0.0,10,132.469573
0.0,6,132.469812
0.0,13,132.470253
0.0,4,132.470458
0.0,6,132.470699
0.0,3,132.470849
0.0,7,132.471115
0.0,7,132.471393
0.0,11,132.471779
0.0,22,132.472492
0.0,22,132.473195
0.0,20,132.47385
0.0,13,132.474293
0.0,14,132.474773
0.0,27,132.475643
0.0,11,132.476027
0.0,9,132.476364
0.0,26,132.477183
0.0,25,132.477986
0.0,15,132.478502
0.0,17,132.47906
0.0,17,132.479626
0.0,13,132.480068
0.0,10,132.480435
0.0,4,132.480616
0.0,22,132.481315
0.0,19,132.481937
0.0,35,132.483027
0.0,4,132.483208
0.0,7,132.483487
0.0,38,132.484664
0.0,67,132.486693
0.0,55,132.488369
0.0,4,132.488551
0.0,7,132.488819
0.0,11,132.489202
0.0,34,132.490262
0.0,10,132.490631
0.0,19,132.491266
0.0,19,132.491893
0.0,5,132.492104
0.0,11,132.492499
0.0,60,132.494316
0.0,84,132.49684
0.0,12,132.497255
0.0,22,132.497969
0.0,51,132.499531
0.0,9,132.499858
0.0,27,132.500718
0.0,10,132.501073
0.0,26,132.501902
0.0,7,132.502172
0.0,8,132.50248
0.0,7,132.502749
0.0,18,132.503333
0.0,34,132.504405
0.0,22,132.505108
0.0,3,132.505259
0.0,50,132.50679
0.0,42,132.508081
0.0,14,132.508564
0.0,18,132.50915
0.0,62,132.511024
0.0,27,132.511878
0.0,12,132.512289
0.0,17,132.512856
0.0,8,132.513154
0.0,48,132.514628
0.0,44,132.515981
0.0,6,132.516222
0.0,17,132.516793
0.0,8,132.517225
0.0,14,132.517709
0.0,20,132.518359
0.0,9,132.518686
0.0,25,132.519484
0.0,15,132.51998
0.0,8,132.520275
0.0,6,132.520524
0.0,22,132.521222
0.0,29,132.52213
0.0,69,132.524204
0.0,12,132.524628
0.0,18,132.52521
0.0,15,132.525724
0.0,7,132.525991
0.0,14,132.526471
0.0,18,132.527052
0.0,8,132.527357
0.0,37,132.528497
0.0,10,132.52885
0.0,41,132.530102
0.0,20,132.530755
0.0,5,132.530965
0.0,5,132.531173
0.0,20,132.531823
0.0,13,132.532262
0.0,8,132.532569
0.0,47,132.534
0.0,9,132.534324
0.0,13,132.534769
0.0,8,132.535063
0.0,4,132.535241
0.0,15,132.535753
0.0,6,132.535992
0.0,13,132.536442
0.0,58,132.538176
0.0,41,132.539444
0.0,32,132.540438
0.0,18,132.541021
0.0,6,132.541259
0.0,80,132.543649
0.0,68,132.545693
0.0,15,132.546191
0.0,34,132.547243
0.0,4,132.547437
0.0,17,132.54799
0.0,23,132.54873
0.0,83,132.551197
0.0,23,132.551937
0.0,23,132.552678
0.0,7,132.552946
0.0,13,132.553398
0.0,30,132.554323
0.0,21,132.555
0.0,18,132.555599
0.0,6,132.55584
0.0,23,132.556577
0.0,20,132.557218
0.0,7,132.557495
0.0,29,132.558404
0.0,8,132.558699
0.0,9,132.559022
0.0,28,132.559901
0.0,5,132.560111
0.0,18,132.560704
0.0,19,132.561313
0.0,66,132.563283
0.0,9,132.56362
0.0,3,132.563773
0.0,7,132.564038
0.0,5,132.564246
0.0,6,132.564494
0.0,38,132.565666
0.0,17,132.566219
0.0,17,132.566782
0.0,32,132.56778
0.0,15,132.568276
0.0,15,132.568786
0.0,21,132.569468
0.0,17,132.57002
0.0,5,132.570228
0.0,12,132.570652
0.0,11,132.571033
0.0,3,132.571183
0.0,8,132.57149
0.0,5,132.5717
0.0,32,132.572695
0.0,24,132.573461
0.0,17,132.574013
0.0,28,132.574893
0.0,16,132.575437
0.0,6,132.575676
0.0,70,132.577777
0.0,5,132.577987
0.0,6,132.578224
0.0,19,132.578844
0.0,9,132.579168
0.0,10,132.579535
0.0,12,132.579945
0.0,22,132.580655
0.0,27,132.581511
0.0,22,132.582205
0.0,5,132.582425
0.0,26,132.583238
0.0,9,132.583574
0.0,24,132.584326
0.0,17,132.58489
0.0,24,132.585663
0.0,14,132.586132
0.0,40,132.587363
0.0,11,132.587747
0.0,6,132.587984
0.0,6,132.588221
0.0,25,132.589014
0.0,21,132.589696
0.0,10,132.59005
0.0,30,132.590986
0.0,7,132.591254
0.0,15,132.591762
0.0,11,132.592144
0.0,56,132.593842
0.0,21,132.594522
0.0,10,132.594877
0.0,20,132.595535
0.0,8,132.595832
0.0,49,132.597315
0.0,65,132.599266
0.0,11,132.599661
0.0,16,132.600185
0.0,27,132.601037
0.0,13,132.60149
0.0,22,132.602185
0.0,15,132.602692
0.0,25,132.603487
0.0,20,132.604126
0.0,8,132.604434
0.0,13,132.604872
0.0,27,132.605728
0.0,56,132.607425
0.0,25,132.608212
0.0,30,132.609154
0.0,6,132.609404
0.0,44,132.610749
0.0,31,132.611718
0.0,9,132.612043
0.0,14,132.612522
0.0,5,132.612732
0.0,15,132.613228
0.0,12,132.613652
0.0,75,132.615897
0.0,15,132.616409
0.0,60,132.618208
0.0,5,132.61853
0.0,95,132.621385
0.0,41,132.622648
0.0,14,132.623119
0.0,21,132.6238
0.0,18,132.6244
0.0,46,132.62581
0.0,9,132.626136
0.0,30,132.627078
0.0,8,132.627388
0.0,22,132.628087
0.0,38,132.629264
0.0,39,132.63048
0.0,30,132.63142
0.0,5,132.63163
0.0,14,132.632101
0.0,3,132.632251
0.0,6,132.632502
0.0,3,132.632653
0.0,10,132.633007
0.0,21,132.633692
0.0,17,132.634248
0.0,21,132.634931
0.0,26,132.635765
0.0,8,132.636065
0.0,47,132.637505
0.0,21,132.638174
0.0,13,132.638628
0.0,13,132.639071
0.0,21,132.639755
0.0,4,132.639937
0.0,21,132.640621
0.0,32,132.64162
0.0,9,132.641947
0.0,18,132.642542
0.0,3,132.642695
0.0,7,132.642978
0.0,29,132.643895
0.0,54,132.645539
0.0,23,132.646272
0.0,4,132.646464
0.0,15,132.646964
0.0,65,132.648926
0.0,6,132.649165
0.0,21,132.649851
0.0,10,132.650206
0.0,58,132.651966
0.0,9,132.652293
0.0,6,132.652541
0.0,9,132.652866
0.0,41,132.654121
0.0,10,132.654489
0.0,6,132.654729
0.0,20,132.655385
0.0,10,132.655742
0.0,17,132.656326
0.0,24,132.657089
0.0,3,132.65724
0.0,17,132.657806
0.0,4,132.657989
0.0,20,132.658652
0.0,7,132.658922
0.0,12,132.659335
0.0,11,132.659729
0.0,19,132.660344
0.0,14,132.660826
0.0,63,132.66274
0.0,19,132.663368
0.0,8,132.663666
0.0,21,132.664337
0.0,23,132.665081
0.0,7,132.665364
0.0,9,132.665691
0.0,24,132.666464
0.0,6,132.666703
0.0,6,132.666941
0.0,9,132.667265
0.0,4,132.667457
0.0,10,132.667813
0.0,15,132.668313
0.0,6,132.668561
0.0,36,132.669677
0.0,20,132.670321
0.0,13,132.670777
0.0,16,132.671307
0.0,32,132.672304
0.0,34,132.673374
0.0,20,132.67402
0.0,9,132.674353
0.0,16,132.674885
0.0,74,132.677123
0.0,5,132.677336
0.0,9,132.677672
0.0,9,132.677999
0.0,65,132.679967
0.0,15,132.680481
0.0,14,132.680953
0.0,5,132.681162
0.0,8,132.681473
0.0,44,132.682822
0.0,44,132.684172
0.0,9,132.684511
0.0,7,132.68478
0.0,83,132.687258
0.0,9,132.687599
0.0,8,132.687897
0.0,40,132.689125
0.0,8,132.689436
0.0,4,132.689618
0.0,16,132.690145
0.0,23,132.690885
0.0,9,132.691211
0.0,4,132.691404
0.0,25,132.69219
0.0,59,132.693982
0.0,10,132.694338
0.0,3,132.6945
0.0,17,132.695054
0.0,4,132.695234
0.0,10,132.695605
0.0,8,132.695904
0.0,21,132.696589
0.0,6,132.696828
0.0,29,132.697745
0.0,23,132.698488
0.0,15,132.698988
0.0,12,132.699412
0.0,11,132.699795
0.0,14,132.700264
0.0,4,132.700455
0.0,7,132.700724
0.0,12,132.701134
0.0,11,132.701529
0.0,4,132.70171
0.0,32,132.702713
0.0,15,132.703212
0.0,48,132.704686
0.0,33,132.705759
0.0,19,132.706386
0.0,20,132.707029
0.0,5,132.70724
0.0,17,132.70781
0.0,20,132.708464
0.0,14,132.708934
0.0,12,132.709355
0.0,38,132.710526
0.0,48,132.711982
0.0,26,132.712811
0.0,15,132.713308
0.0,54,132.714949
0.0,14,132.715435
0.0,16,132.715962
0.0,7,132.71623
0.0,14,132.716712
0.0,3,132.716866
0.0,11,132.717249
0.0,47,132.718693
0.0,13,132.719237
0.0,9,132.719576
0.0,10,132.71993
0.0,16,132.720467
0.0,11,132.72085
0.0,11,132.721232
0.0,14,132.721714
0.0,5,132.721925
0.0,21,132.722607
0.0,14,132.723077
0.0,12,132.723501
0.0,42,132.724787
0.0,50,132.726301
0.0,63,132.728207
0.0,10,132.728574
0.0,6,132.728813
0.0,39,132.730012
0.0,4,132.730194
0.0,4,132.730385
0.0,7,132.730653
0.0,33,132.731684
0.0,56,132.733377
0.0,27,132.734221
0.0,10,132.734587
0.0,36,132.735703
0.0,56,132.737403
0.0,25,132.738188
0.0,9,132.738523
0.0,9,132.738847
0.0,7,132.739112
0.0,18,132.739707
0.0,40,132.740937
0.0,20,132.741593
0.0,21,132.742264
0.0,5,132.742485
0.0,4,132.742665
0.0,16,132.743188
0.0,19,132.743813
0.0,15,132.74431
0.0,6,132.744558
0.0,52,132.746133
0.0,26,132.746959
0.0,15,132.747472
0.0,11,132.747854
0.0,31,132.74882
0.0,52,132.7504
0.0,24,132.751153
0.0,21,132.751833
0.0,4,132.752014
0.0,6,132.75225
0.0,7,132.752527
0.0,9,132.752851
0.0,77,132.755147
0.0,26,132.755978
0.0,24,132.756746
0.0,14,132.757213
0.0,24,132.757979
0.0,69,132.760052
0.0,36,132.761162
0.0,21,132.761844
0.0,31,132.762812
0.0,5,132.763021
0.0,23,132.763759
0.0,13,132.764199
0.0,35,132.765281
0.0,41,132.76655
0.0,37,132.767687
0.0,80,132.770062
0.0,23,132.770803
0.0,13,132.771241
0.0,22,132.771947
0.0,72,132.774102
0.0,17,132.774668
0.0,6,132.774908
0.0,73,132.777095
0.0,20,132.77775
0.0,41,132.779007
0.0,11,132.779402
0.0,12,132.779814
0.0,14,132.780282
0.0,23,132.781017
0.0,23,132.781754
0.0,7,132.782021
0.0,16,132.782557
0.0,33,132.783581
0.0,17,132.784134
0.0,13,132.784584
0.0,32,132.785588
0.0,20,132.78623
0.0,18,132.786828
0.0,12,132.78724
0.0,3,132.787403
0.0,9,132.787727
0.0,32,132.788721
0.0,8,132.789017
0.0,54,132.790649
0.0,18,132.791234
0.0,25,132.792026
0.0,12,132.792449
0.0,21,132.793133
0.0,17,132.793702
0.0,14,132.794167
0.0,14,132.794646
0.0,30,132.795591
0.0,100,132.798556
0.0,21,132.799227
0.0,17,132.799792
0.0,10,132.800145
0.0,30,132.801084
0.0,15,132.801594
0.0,6,132.801833
0.0,7,132.802099
0.0,27,132.802953
0.0,63,132.80485
0.0,40,132.806083
0.0,54,132.807726
0.0,8,132.808022
0.0,7,132.808288
0.0,60,132.810101
0.0,9,132.810437
0.0,12,132.810847
0.0,45,132.812214
0.0,45,132.8136
0.0,4,132.81378
0.0,8,132.814074
0.0,4,132.814253
0.0,98,132.817172
0.0,15,132.817682
0.0,66,132.819669
0.0,16,132.820194
0.0,7,132.820473
0.0,49,132.821956
0.0,42,132.823236
0.0,50,132.824757
0.0,28,132.825643
0.0,56,132.827311
0.0,6,132.827559
0.0,50,132.829064
0.0,4,132.829244
0.0,7,132.829522
0.0,10,132.829876
0.0,21,132.830552
0.0,12,132.83096
0.0,12,132.831382
0.0,16,132.831905
0.0,6,132.83214
0.0,33,132.833163
0.0,3,132.833315
0.0,52,132.834888
0.0,44,132.836236
0.0,3,132.8364
0.0,19,132.837115
0.0,3,132.837269
0.0,65,132.839229
0.0,8,132.83954
0.0,4,132.839722
0.0,26,132.840549
0.0,14,132.841019
0.0,5,132.841228
0.0,8,132.841536
0.0,5,132.841746
0.0,16,132.842272
0.0,14,132.842754
0.0,77,132.845066
0.0,6,132.845306
0.0,3,132.845472
0.0,16,132.846
0.0,76,132.848283
0.0,13,132.848737
0.0,24,132.849509
0.0,16,132.850036
0.0,38,132.851211
0.0,4,132.851405
0.0,41,132.852668
0.0,30,132.853616
0.0,20,132.854262
0.0,4,132.854455
0.0,18,132.855043
0.0,8,132.855339
0.0,18,132.855941
0.0,12,132.856361
0.0,3,132.856514
0.0,9,132.856839
0.0,24,132.857608
0.0,13,132.85805
0.0,20,132.858704
0.0,6,132.858944
0.0,50,132.860471
0.0,12,132.860885
0.0,17,132.861452
0.0,3,132.861605
0.0,7,132.86187
0.0,4,132.86205
0.0,78,132.864394
0.0,3,132.864547
0.0,16,132.865074
0.0,34,132.866138
0.0,18,132.866737
0.0,12,132.867151
0.0,31,132.868122
0.0,29,132.869037
0.0,7,132.869307
0.0,17,132.869873
0.0,12,132.870286
0.0,22,132.871009
0.0,14,132.871491
0.0,100,132.874473
0.0,16,132.875
0.0,32,132.876005
0.0,8,132.876301
0.0,12,132.876724
0.0,41,132.877986
0.0,18,132.878587
0.0,68,132.88064
0.0,10,132.880997
0.0,10,132.881361
0.0,4,132.881544
0.0,24,132.8823
0.0,11,132.882692
0.0,15,132.88319
0.0,20,132.883846
0.0,45,132.885224
0.0,21,132.885918
0.0,7,132.886187
0.0,15,132.886698
0.0,6,132.886937
0.0,7,132.887204
0.0,7,132.887484
0.0,5,132.887694
0.0,25,132.88849
0.0,7,132.888759
0.0,10,132.889112
0.0,3,132.889264
0.0,8,132.889571
0.0,27,132.890426
0.0,9,132.890754
0.0,20,132.891409
0.0,12,132.891822
0.0,13,132.892261
0.0,44,132.893613
0.0,15,132.894112
0.0,32,132.895116
0.0,5,132.895328
0.0,3,132.895493
0.0,8,132.89579
0.0,19,132.896414
0.0,22,132.897115
0.0,34,132.89817
0.0,16,132.898711
0.0,79,132.901073
0.0,16,132.901613
0.0,4,132.901795
0.0,10,132.902148
0.0,4,132.902328
0.0,8,132.902635
0.0,16,132.903162
0.0,36,132.904279
0.0,5,132.904503
0.0,28,132.905395
0.0,53,132.907006
0.0,10,132.907372
0.0,27,132.908218
0.0,5,132.908442
0.0,17,132.909002
0.0,16,132.90954
0.0,37,132.910689
0.0,31,132.911664
0.0,48,132.913125
0.0,25,132.913926
0.0,8,132.914223
0.0,40,132.915468
0.0,5,132.91568
0.0,15,132.916178
0.0,15,132.916688
0.0,14,132.917159
0.0,16,132.917697
0.0,13,132.91814
0.0,6,132.918393
0.0,23,132.919123
0.0,29,132.920037
0.0,16,132.920578
0.0,24,132.921335
0.0,65,132.923297
0.0,62,132.925169
0.0,40,132.926419
0.0,6,132.926659
0.0,11,132.927041
0.0,31,132.928014
0.0,23,132.928757
0.0,3,132.92891
0.0,7,132.929177
0.0,26,132.930004
0.0,25,132.930807
0.0,3,132.930959
0.0,7,132.931226
0.0,21,132.931909
0.0,35,132.932998
0.0,8,132.933295
0.0,43,132.934625
0.0,14,132.935097
0.0,17,132.935673
0.0,23,132.936416
0.0,26,132.937329
0.0,31,132.938299
0.0,8,132.938606
0.0,12,132.939017
0.0,13,132.939468
0.0,41,132.940719
0.0,7,132.940987
0.0,21,132.941668
0.0,16,132.942193
0.0,31,132.943162
0.0,14,132.943646
0.0,51,132.945181
0.0,9,132.945524
0.0,51,132.947068
0.0,27,132.947924
0.0,30,132.948862
0.0,6,132.949101
0.0,25,132.949915
0.0,13,132.950367
0.0,22,132.951064
0.0,11,132.951457
0.0,7,132.951724
0.0,30,132.952662
0.0,30,132.953603
0.0,10,132.953957
0.0,33,132.954983
0.0,15,132.955498
0.0,23,132.956223
0.0,5,132.956446
0.0,30,132.957386
0.0,13,132.957826
0.0,49,132.959308
0.0,100,132.962281
0.0,17,132.962846
0.0,10,132.9632
0.0,39,132.964408
0.0,30,132.965336
0.0,6,132.965586
0.0,46,132.966988
0.0,6,132.967228
0.0,11,132.967623
0.0,25,132.968415
0.0,46,132.969816
0.0,29,132.970727
0.0,28,132.97161
0.0,16,132.972136
0.0,40,132.973367
0.0,8,132.973664
0.0,29,132.974572
0.0,22,132.975266
0.0,29,132.976181
0.0,5,132.976404
0.0,6,132.976644
0.0,5,132.976852
0.0,6,132.977088
0.0,36,132.978199
0.0,6,132.978451
0.0,23,132.979175
0.0,24,132.979942
0.0,8,132.980237
0.0,12,132.980659
0.0,38,132.981825
0.0,5,132.982035
0.0,18,132.98263
0.0,71,132.984758
0.0,8,132.985055
0.0,9,132.985397
0.0,8,132.985693
0.0,4,132.985872
0.0,55,132.987529
0.0,58,132.989264
0.0,58,132.991024
0.0,11,132.991418
0.0,13,132.991859
0.0,28,132.992744
0.0,4,132.992925
0.0,8,132.993221
0.0,5,132.993441
0.0,10,132.993795
0.0,3,132.993946
0.0,5,132.994154
0.0,9,132.994491
0.0,16,132.995014
0.0,100,132.997999
0.0,50,132.99953
0.0,11,132.999911
0.0,3,133.000062
0.0,40,133.001287
0.0,18,133.001881
0.0,7,133.00215
0.0,5,133.00237
0.0,11,133.002752
0.0,5,133.00296
0.0,16,133.003495
0.0,16,133.00402
0.0,40,133.005248
0.0,9,133.005593
0.0,21,133.00626
0.0,24,133.007031
0.0,48,133.008502
0.0,17,133.009059
0.0,7,133.009324
0.0,17,133.009887
0.0,51,133.011439
0.0,14,133.011907
0.0,38,133.013073
0.0,4,133.013253
0.0,31,133.014226
0.0,75,133.01649
0.0,7,133.016757
0.0,22,133.017464
0.0,8,133.01776
0.0,21,133.018439
0.0,48,133.019897
0.0,9,133.020222
0.0,4,133.020414
0.0,20,133.021055
0.0,24,133.021821
0.0,24,133.022592
0.0,3,133.022744
0.0,21,133.023424
0.0,6,133.023662
0.0,42,133.024945
0.0,56,133.026646
0.0,42,133.027931
0.0,29,133.028841
0.0,46,133.030236
0.0,65,133.032185
0.0,13,133.032636
0.0,19,133.033249
0.0,6,133.033499
0.0,6,133.033736
0.0,3,133.033886
0.0,10,133.034239
0.0,26,133.035064
0.0,6,133.035303
0.0,13,133.035757
0.0,85,133.038321
0.0,36,133.039437
0.0,45,133.040806
0.0,20,133.041462
0.0,49,133.042942
0.0,5,133.043153
0.0,25,133.043948
0.0,85,133.0465
0.0,27,133.047344
0.0,60,133.049147
0.0,3,133.049416
0.0,15,133.049932
0.0,12,133.050344
0.0,9,133.05068
0.0,16,133.051208
0.0,31,133.052181
0.0,100,133.055167
0.0,45,133.05656
0.0,53,133.058158
0.0,28,133.059043
0.0,5,133.059254
0.0,21,133.059935
0.0,3,133.060088
0.0,23,133.060828
0.0,36,133.061945
0.0,19,133.062571
0.0,6,133.06281
0.0,32,133.063809
0.0,4,133.06399
0.0,41,133.065251
0.0,35,133.066341
0.0,18,133.066936
0.0,30,133.067878
0.0,9,133.068204
0.0,31,133.069173
0.0,35,133.07026
0.0,25,133.071068
0.0,9,133.071409
0.0,22,133.072109
0.0,12,133.072534
0.0,32,133.073534
0.0,35,133.074623
0.0,50,133.076146
0.0,31,133.077122
0.0,7,133.077403
0.0,20,133.078046
0.0,25,133.078845
0.0,21,133.07953
0.0,16,133.080057
0.0,31,133.081031
0.0,5,133.081241
0.0,12,133.081664
0.0,21,133.082333
0.0,21,133.083015
0.0,21,133.083699
0.0,6,133.083938
0.0,7,133.084204
0.0,19,133.08483
0.0,73,133.087027
0.0,28,133.087919
0.0,9,133.088244
0.0,39,133.089456
0.0,27,133.090298
0.0,14,133.090778
0.0,19,133.091401
0.0,30,133.09233
0.0,16,133.092867
0.0,62,133.094745
0.0,10,133.0951
0.0,39,133.096311
0.0,13,133.096761
0.0,9,133.097088
0.0,10,133.097455
0.0,16,133.097986
0.0,17,133.098557
0.0,6,133.098798
0.0,27,133.099657
0.0,10,133.100013
0.0,9,133.100338
0.0,7,133.100617
0.0,19,133.10123
0.0,18,133.101829
0.0,10,133.102183
0.0,12,133.102608
0.0,30,133.103554
0.0,14,133.104027
0.0,29,133.104944
0.0,13,133.105402
0.0,12,133.105816
0.0,22,133.10653
0.0,13,133.106973
0.0,8,133.10727
0.0,17,133.107839
0.0,7,133.108108
0.0,21,133.108792
0.0,5,133.109004
0.0,25,133.109803
0.0,41,133.111067
0.0,7,133.111336
0.0,20,133.111991
0.0,23,133.112735
0.0,21,133.113433
0.0,47,133.114865
0.0,30,133.115818
0.0,9,133.116145
0.0,9,133.116483
0.0,25,133.117269
0.0,38,133.118453
0.0,14,133.118924
0.0,33,133.119953
0.0,15,133.120463
0.0,45,133.121841
0.0,14,133.12231
0.0,60,133.124127
0.0,21,133.12481
0.0,15,133.125308
0.0,19,133.125936
0.0,12,133.126357
0.0,8,133.126654
0.0,35,133.127737
0.0,29,133.128649
0.0,27,133.129506
0.0,9,133.129832
0.0,18,133.130427
0.0,9,133.130753
0.0,21,133.131433
0.0,16,133.13196
0.0,5,133.132169
0.0,25,133.132965
0.0,15,133.133479
0.0,11,133.133865
0.0,19,133.134486
0.0,14,133.134957
0.0,3,133.135109
0.0,23,133.135856
0.0,6,133.136097
0.0,10,133.136462
0.0,11,133.136848
0.0,14,133.137318
0.0,6,133.137562
0.0,19,133.138178
0.0,10,133.138546
0.0,47,133.139981
0.0,16,133.140523
0.0,22,133.141222
0.0,66,133.143215
0.0,23,133.143956
0.0,9,133.144284
0.0,20,133.144936
0.0,3,133.145089
0.0,23,133.145834
0.0,5,133.146045
0.0,20,133.146704
0.0,7,133.146973
0.0,6,133.147212
0.0,14,133.147694
0.0,4,133.147877
0.0,10,133.148232
0.0,32,133.149234
0.0,23,133.150071
0.0,62,133.15195
0.0,23,133.152693
0.0,41,133.153949
0.0,75,133.156198
0.0,8,133.156508
0.0,14,133.156978
0.0,6,133.157215
0.0,13,133.157666
0.0,13,133.158105
0.0,7,133.158381
0.0,31,133.159338
0.0,17,133.159911
0.0,4,133.16009
0.0,31,133.161056
0.0,6,133.161296
0.0,35,133.162391
0.0,42,133.163669
0.0,45,133.165037
0.0,8,133.165334
0.0,14,133.165817
0.0,40,133.16704
0.0,8,133.167337
0.0,31,133.168301
0.0,35,133.169389
0.0,20,133.170027
0.0,12,133.170449
0.0,9,133.170773
0.0,42,133.172058
0.0,9,133.172395
0.0,4,133.172575
0.0,55,133.174226
0.0,38,133.175413
0.0,21,133.176083
0.0,7,133.176358
0.0,41,133.177615
0.0,4,133.177796
0.0,5,133.178005
0.0,36,133.179112
0.0,9,133.179449
0.0,14,133.179916
0.0,33,133.180937
0.0,9,133.181263
0.0,6,133.181511
0.0,39,133.182709
0.0,9,133.183034
0.0,8,133.183328
0.0,17,133.183892
0.0,32,133.184889
0.0,15,133.185405
0.0,5,133.185615
0.0,10,133.185967
0.0,43,133.187277
0.0,33,133.188304
0.0,6,133.188552
0.0,18,133.189135
0.0,7,133.189412
0.0,16,133.189937
0.0,19,133.190562
0.0,4,133.190743
0.0,19,133.191362
0.0,23,133.192088
0.0,15,133.192599
0.0,19,133.193211
0.0,15,133.193721
0.0,11,133.194103
0.0,12,133.194526
0.0,5,133.194736
0.0,5,133.194943
0.0,33,133.195973
0.0,43,133.197292
0.0,7,133.197571
0.0,24,133.198328
0.0,3,133.198489
0.0,13,133.198928
0.0,17,133.199495
0.0,4,133.199677
0.0,18,133.200258
0.0,13,133.20071
0.0,15,133.201206
0.0,6,133.201456
0.0,28,133.202326
0.0,81,133.204749
0.0,6,133.20499
0.0,42,133.206279
0.0,3,133.206443
0.0,7,133.206712
0.0,41,133.207965
0.0,5,133.208174
0.0,41,133.209442
0.0,28,133.210308
0.0,7,133.210583
0.0,4,133.210764
0.0,18,133.211355
0.0,3,133.211508
0.0,3,133.211658
0.0,36,133.212769
0.0,11,133.213152
0.0,44,133.214499
0.0,63,133.216399
0.0,18,133.216984
0.0,13,133.217434
0.0,18,133.218016
0.0,9,133.218338
0.0,12,133.218756
0.0,51,133.220295
0.0,17,133.22086
0.0,25,133.221659
0.0,50,133.223178
0.0,67,133.225193
0.0,4,133.225393
0.0,10,133.225748
0.0,16,133.226272
0.0,13,133.226723
0.0,12,133.22713
0.0,23,133.227868
0.0,6,133.228107
0.0,3,133.228258
0.0,31,133.229224
0.0,32,133.230219
0.0,23,133.230959
0.0,8,133.231257
0.0,18,133.231853
0.0,13,133.232293
0.0,16,133.232826
0.0,7,133.233094
0.0,15,133.233602
0.0,7,133.233869
0.0,36,133.234977
0.0,8,133.235273
0.0,38,133.236465
0.0,16,133.236991
0.0,27,133.237845
0.0,16,133.238381
0.0,31,133.239338
0.0,6,133.239587
0.0,13,133.240026
0.0,38,133.241198
0.0,11,133.241593
0.0,30,133.242527
0.0,14,133.242997
0.0,38,133.244167
0.0,9,133.244505
0.0,8,133.2448
0.0,61,133.24665
0.0,18,133.247233
0.0,8,133.247543
0.0,18,133.248126
0.0,35,133.249213
0.0,4,133.249407
0.0,37,133.250655
0.0,20,133.251301
0.0,35,133.252401
0.0,52,133.253982
0.0,43,133.255303
0.0,27,133.256161
0.0,10,133.25653
0.0,10,133.256886
0.0,48,133.258356
0.0,8,133.258654
0.0,12,133.259065
0.0,7,133.259363
0.0,9,133.25969
0.0,13,133.26013
0.0,33,133.261157
0.0,61,133.263007
0.0,6,133.263247
0.0,5,133.263469
0.0,20,133.264112
0.0,25,133.264916
0.0,14,133.265405
0.0,23,133.266135
0.0,17,133.266704
0.0,12,133.267115
0.0,6,133.267365
0.0,17,133.267921
0.0,36,133.269038
0.0,8,133.269336
0.0,15,133.269843
0.0,42,133.271133
0.0,100,133.274123
0.0,19,133.274751
0.0,23,133.275499
0.0,56,133.27719
0.0,33,133.278222
0.0,27,133.279076
0.0,7,133.279344
0.0,43,133.280671
0.0,44,133.282019
0.0,18,133.282616
0.0,21,133.283288
0.0,20,133.283942
0.0,32,133.28494
0.0,6,133.28518
0.0,14,133.285665
0.0,20,133.286306
0.0,24,133.287074
0.0,38,133.288249
0.0,21,133.288934
0.0,47,133.290375
0.0,10,133.29073
0.0,9,133.291054
0.0,18,133.291652
0.0,4,133.291833
0.0,46,133.293231
0.0,17,133.2938
0.0,8,133.294098
0.0,28,133.294979
0.0,32,133.295985
0.0,7,133.296253
0.0,3,133.296416
0.0,5,133.296626
0.0,25,133.297422
0.0,20,133.298065
0.0,8,133.298373
0.0,25,133.29916
0.0,18,133.299756
0.0,19,133.30038
0.0,14,133.300851
0.0,4,133.301032
0.0,22,133.301744
0.0,50,133.303262
0.0,22,133.303976
0.0,22,133.304688
0.0,39,133.305894
0.0,14,133.306377
0.0,20,133.307017
0.0,26,133.30784
0.0,16,133.308379
0.0,44,133.309723
0.0,11,133.310107
0.0,3,133.310258
0.0,17,133.310828
0.0,15,133.311328
0.0,14,133.311805
0.0,27,133.312863
0.0,6,133.313107
0.0,11,133.313504
0.0,24,133.314263
0.0,28,133.315149
0.0,7,133.315436
0.0,5,133.315646
0.0,6,133.315885
0.0,9,133.31621
0.0,34,133.317265
0.0,34,133.318324
0.0,3,133.318483
0.0,12,133.318895
0.0,10,133.31925
0.0,38,133.320436
0.0,49,133.321934
0.0,12,133.322358
0.0,12,133.322769
0.0,19,133.323395
0.0,4,133.323577
0.0,23,133.324307
0.0,10,133.324673
0.0,18,133.32526
0.0,55,133.326943
0.0,20,133.3276
0.0,23,133.328329
0.0,15,133.328837
0.0,15,133.329336
0.0,10,133.329701
0.0,22,133.330411
0.0,42,133.331694
0.0,3,133.331847
0.0,15,133.332354
0.0,38,133.333533
0.0,13,133.333974
0.0,24,133.334743
0.0,7,133.335012
0.0,12,133.335441
0.0,6,133.335681
0.0,23,133.336421
0.0,19,133.337035
0.0,21,133.337721
0.0,9,133.338047
0.0,27,133.338902
0.0,7,133.339172
0.0,22,133.339885
0.0,55,133.341565
0.0,42,133.342856
0.0,17,133.343428
0.0,33,133.344459
0.0,42,133.345754
0.0,11,133.346139
0.0,25,133.34694
0.0,13,133.347396
0.0,25,133.348181
0.0,3,133.348333
0.0,69,133.350418
0.0,19,133.351034
0.0,15,133.351548
0.0,20,133.352191
0.0,10,133.352557
0.0,17,133.353223
0.0,28,133.354106
0.0,9,133.354445
0.0,47,133.355881
0.0,17,133.356448
0.0,19,133.357061
0.0,7,133.357328
0.0,4,133.357516
0.0,53,133.359118
0.0,12,133.359541
0.0,6,133.359781
0.0,28,133.360663
0.0,20,133.361307
0.0,99,133.364244
0.0,3,133.36441
0.0,51,133.365958
0.0,7,133.366226
0.0,57,133.36795
0.0,14,133.36843
0.0,10,133.368784
0.0,12,133.369196
0.0,6,133.369444
0.0,12,133.369857
0.0,11,133.370238
0.0,6,133.370486
0.0,25,133.37127
0.0,55,133.372936
0.0,39,133.374129
0.0,8,133.374438
0.0,8,133.374733
0.0,28,133.375613
0.0,10,133.375966
0.0,18,133.376559
0.0,17,133.377113
0.0,46,133.378522
0.0,14,133.378989
0.0,8,133.379282
0.0,13,133.37973
0.0,5,133.379941
0.0,50,133.381462
0.0,20,133.382103
0.0,34,133.383152
0.0,7,133.383431
0.0,11,133.383811
0.0,12,133.384221
0.0,12,133.384643
0.0,25,133.385439
0.0,12,133.385851
0.0,5,133.386059
0.0,24,133.386825
0.0,47,133.388248
0.0,19,133.388873
0.0,17,133.389438
0.0,10,133.389795
0.0,30,133.390736
0.0,17,133.39129
0.0,18,133.391884
0.0,4,133.392066
0.0,5,133.392274
0.0,16,133.392811
0.0,20,133.393465
0.0,18,133.394049
0.0,17,133.394615
0.0,52,133.396194
0.0,25,133.396993
0.0,21,133.397674
0.0,22,133.398386
0.0,32,133.399381
0.0,7,133.399647
0.0,14,133.400112
0.0,7,133.400389
0.0,25,133.401172
0.0,15,133.401681
0.0,41,133.402934
0.0,34,133.403989
0.0,3,133.40414
0.0,63,133.406038
0.0,44,133.407399
0.0,8,133.407696
0.0,5,133.407905
0.0,40,133.409135
0.0,6,133.409384
0.0,11,133.409767
0.0,19,133.410389
0.0,11,133.410771
0.0,57,133.412513
0.0,16,133.413041
0.0,20,133.413693
0.0,19,133.414304
0.0,13,133.414753
0.0,13,133.415224
0.0,6,133.415481
0.0,3,133.415633
0.0,16,133.416158
0.0,10,133.416523
0.0,10,133.416876
0.0,57,133.418603
0.0,10,133.418957
0.0,53,133.420568
0.0,10,133.420922
0.0,7,133.421187
0.0,9,133.42152
0.0,26,133.422333
0.0,6,133.422582
0.0,9,133.422905
0.0,11,133.423284
0.0,40,133.424587
0.0,31,133.425557
0.0,14,133.426028
0.0,3,133.426179
0.0,19,133.426801
0.0,26,133.427628
0.0,11,133.428011
0.0,13,133.428464
0.0,8,133.428759
0.0,20,133.429409
0.0,29,133.430307
0.0,20,133.430954
0.0,16,133.431494
0.0,5,133.431704
0.0,53,133.433295
0.0,9,133.43363
0.0,7,133.433898
0.0,3,133.434049
0.0,16,133.434583
0.0,21,133.435253
0.0,21,133.435941
0.0,23,133.436683
0.0,19,133.437294
0.0,33,133.438319
0.0,20,133.438965
0.0,28,133.439849
0.0,23,133.440586
0.0,7,133.440854
0.0,53,133.442522
0.0,7,133.442789
0.0,8,133.443083
0.0,17,133.443649
0.0,6,133.443888
0.0,13,133.444325
0.0,9,133.444659
0.0,56,133.446345
0.0,62,133.448217
0.0,36,133.449331
0.0,47,133.450776
0.0,11,133.45116
0.0,15,133.451667
0.0,4,133.451849
0.0,10,133.452201
0.0,60,133.454014
0.0,21,133.454815
0.0,14,133.455289
0.0,7,133.455575
0.0,14,133.456046
0.0,13,133.4565
0.0,9,133.456828
0.0,23,133.457571
0.0,21,133.45824
0.0,11,133.458634
0.0,8,133.458934
0.0,7,133.459201
0.0,6,133.459452
0.0,4,133.459633
0.0,25,133.460429
0.0,10,133.460785
0.0,16,133.461309
0.0,4,133.461501
0.0,10,133.461855
0.0,18,133.462452
0.0,16,133.46298
0.0,6,133.463218
0.0,52,133.464804
0.0,8,133.465102
0.0,43,133.466429
0.0,4,133.466612
0.0,11,133.466993
0.0,9,133.467318
0.0,26,133.468136
0.0,65,133.470105
0.0,90,133.472805
0.0,14,133.473277
0.0,77,133.4756
0.0,26,133.47643
0.0,6,133.476671
0.0,7,133.476938
0.0,11,133.47732
0.0,15,133.477823
0.0,33,133.478855
0.0,19,133.479484
0.0,29,133.4804
0.0,29,133.481301
0.0,5,133.48152
0.0,100,133.484495
0.0,22,133.485202
0.0,12,133.485633
0.0,3,133.485785
0.0,22,133.486495
0.0,46,133.487884
0.0,15,133.488397
0.0,21,133.489076
0.0,31,133.490052
0.0,24,133.490824
0.0,32,133.491827
0.0,6,133.49207
0.0,16,133.492608
0.0,13,133.493048
0.0,5,133.493257
0.0,29,133.494169
0.0,46,133.495587
0.0,61,133.497431
0.0,3,133.497589
0.0,29,133.498496
0.0,100,133.501474
0.0,15,133.50198
0.0,21,133.502662
0.0,23,133.503401
0.0,3,133.503553
0.0,10,133.503904
0.0,21,133.504582
0.0,31,133.505558
0.0,11,133.505941
0.0,14,133.50642
0.0,15,133.506917
0.0,14,133.507395
0.0,28,133.508263
0.0,22,133.508979
0.0,21,133.509664
0.0,19,133.510277
0.0,26,133.511102
0.0,13,133.511555
0.0,6,133.511795
0.0,70,133.513892
0.0,29,133.514807
0.0,12,133.515221
0.0,3,133.515391
0.0,20,133.516034
0.0,8,133.516328
0.0,7,133.516604
0.0,5,133.516814
0.0,72,133.518976
0.0,39,133.520178
0.0,8,133.520487
0.0,65,133.52244
0.0,39,133.523641
0.0,41,133.524923
0.0,22,133.52564
0.0,16,133.52617
0.0,20,133.526824
0.0,5,133.527035
0.0,10,133.527401
0.0,29,133.528303
0.0,26,133.529128
0.0,39,133.530329
0.0,58,133.532086
0.0,51,133.533652
0.0,71,133.535798
0.0,13,133.536242
0.0,19,133.536866
0.0,6,133.537106
0.0,46,133.538519
0.0,16,133.539048
0.0,9,133.539387
0.0,91,133.542104
0.0,52,133.543694
0.0,6,133.543934
0.0,35,133.545019
0.0,99,133.547983
0.0,4,133.548165
0.0,10,133.54853
0.0,6,133.54877
0.0,51,133.550316
0.0,88,133.552953
0.0,11,133.55334
0.0,31,133.554308
0.0,5,133.554527
0.0,10,133.554882
0.0,24,133.555658
0.0,13,133.5561
0.0,33,133.557126
0.0,33,133.558159
0.0,42,133.559463
0.0,11,133.559846
0.0,7,133.560112
0.0,22,133.560822
0.0,20,133.561478
0.0,27,133.56232
0.0,44,133.563679
0.0,24,133.564447
0.0,20,133.565091
0.0,14,133.565579
0.0,25,133.566382
0.0,14,133.566853
0.0,17,133.567423
0.0,11,133.567808
0.0,26,133.568637
0.0,11,133.569021
0.0,34,133.570254
0.0,12,133.570682
0.0,26,133.571509
0.0,35,133.572595
0.0,81,133.575011
0.0,24,133.575786
0.0,21,133.576467
0.0,43,133.577782
0.0,76,133.580085
0.0,7,133.580364
0.0,14,133.580833
0.0,32,133.581833
0.0,31,133.5828
0.0,56,133.584498
0.0,43,133.585816
0.0,40,133.587044
0.0,13,133.587497
0.0,36,133.588607
0.0,11,133.58899
0.0,23,133.589729
0.0,31,133.590696
0.0,39,133.591895
0.0,23,133.592633
0.0,17,133.593191
0.0,23,133.593933
0.0,14,133.594414
0.0,22,133.595114
0.0,29,133.596032
0.0,9,133.596368
0.0,39,133.597564
0.0,26,133.598389
0.0,8,133.598686
0.0,16,133.599211
0.0,6,133.59946
0.0,11,133.599842
0.0,20,133.600494
0.0,17,133.601051
0.0,15,133.601559
0.0,14,133.602029
0.0,6,133.602267
0.0,86,133.604833
0.0,7,133.605101
0.0,13,133.605557
0.0,15,133.606055
0.0,18,133.60665
0.0,30,133.607592
0.0,32,133.608585
0.0,3,133.608738
0.0,62,133.610609
0.0,3,133.610761
0.0,14,133.611225
0.0,11,133.61162
0.0,39,133.612822
0.0,19,133.613447
0.0,68,133.615498
0.0,43,133.616815
0.0,12,133.617228
0.0,7,133.617507
0.0,8,133.617802
0.0,13,133.618242
0.0,28,133.619122
0.0,14,133.619604
0.0,46,133.621004
0.0,17,133.621572
0.0,13,133.622013
0.0,7,133.622278
0.0,18,133.622874
0.0,19,133.623498
0.0,13,133.623937
0.0,4,133.624116
