#{"t_start": 1522630563.2861736, "env_id": "MyFrozenLake-v0"}
r,l,t
0.0,18,0.038003
0.0,72,0.041504
0.0,21,0.042529
0.0,100,0.047093
0.0,5,0.047403
0.0,5,0.047698
0.0,2,0.047857
0.0,12,0.048482
0.0,2,0.048642
0.0,18,0.049527
0.0,4,0.049777
0.0,17,0.050617
0.0,8,0.051049
0.0,33,0.052612
0.0,39,0.05444
0.0,1,0.054557
0.0,87,0.058532
0.0,39,0.060359
0.0,18,0.061236
0.0,16,0.062034
1.0,12,0.062649
0.0,13,0.063315
1.0,12,0.063925
1.0,34,0.065536
0.0,17,0.066383
1.0,43,0.068388
1.0,29,0.069759
0.0,5,0.070055
1.0,24,0.071203
1.0,16,0.071997
0.0,4,0.072248
0.0,24,0.073409
0.0,17,0.074244
0.0,11,0.074813
1.0,32,0.076321
0.0,7,0.076704
0.0,7,0.077089
1.0,23,0.078181
1.0,15,0.078938
1.0,27,0.080219
1.0,26,0.081465
0.0,7,0.081852
0.0,37,0.083585
0.0,2,0.083748
1.0,25,0.084943
0.0,3,0.085147
1.0,12,0.085759
1.0,20,0.086726
0.0,2,0.086888
0.0,37,0.088638
0.0,18,0.089519
1.0,29,0.090887
0.0,10,0.091421
0.0,18,0.092297
0.0,14,0.092986
0.0,4,0.093235
0.0,33,0.094781
0.0,1,0.094894
0.0,7,0.095291
1.0,22,0.096349
0.0,6,0.096691
0.0,30,0.098096
0.0,10,0.098633
0.0,4,0.098884
0.0,4,0.099134
0.0,29,0.100516
0.0,15,0.101262
1.0,38,0.103032
0.0,4,0.103297
0.0,14,0.103989
0.0,23,0.105089
1.0,19,0.106012
0.0,30,0.107437
0.0,6,0.10778
0.0,6,0.108116
0.0,39,0.109946
1.0,12,0.110566
0.0,19,0.111491
0.0,34,0.113088
0.0,12,0.113708
0.0,15,0.114462
0.0,8,0.114889
1.0,26,0.116115
0.0,5,0.116425
0.0,59,0.11913
0.0,4,0.119395
1.0,14,0.120087
0.0,15,0.120836
0.0,7,0.121219
1.0,25,0.122411
1.0,17,0.123237
0.0,1,0.123362
1.0,21,0.12437
0.0,1,0.124485
1.0,27,0.125767
0.0,8,0.126194
0.0,9,0.126678
0.0,4,0.126928
0.0,8,0.127368
0.0,36,0.129045
0.0,4,0.129305
1.0,57,0.131913
0.0,12,0.132535
0.0,3,0.132739
0.0,44,0.134774
1.0,49,0.137039
0.0,10,0.137628
0.0,31,0.139108
0.0,8,0.139551
1.0,27,0.140826
0.0,4,0.141073
0.0,29,0.142455
0.0,2,0.142614
1.0,22,0.14367
0.0,15,0.144421
0.0,11,0.144984
0.0,6,0.145334
1.0,9,0.145807
0.0,8,0.146232
1.0,8,0.146668
0.0,6,0.147007
0.0,12,0.147624
0.0,19,0.148552
0.0,19,0.149476
0.0,5,0.149774
0.0,9,0.150244
0.0,1,0.150367
0.0,3,0.150573
0.0,1,0.150686
0.0,20,0.151663
0.0,1,0.151778
0.0,45,0.153861
0.0,21,0.15488
0.0,24,0.15603
1.0,25,0.15722
1.0,20,0.158181
0.0,26,0.159431
0.0,4,0.159684
0.0,37,0.161415
1.0,23,0.162518
0.0,25,0.163705
1.0,42,0.165668
0.0,10,0.166184
0.0,6,0.166533
0.0,6,0.166873
0.0,5,0.167164
0.0,6,0.167514
1.0,15,0.168264
1.0,9,0.168736
0.0,15,0.16948
0.0,2,0.169642
0.0,3,0.169846
0.0,29,0.171211
0.0,1,0.171334
0.0,23,0.172435
0.0,4,0.172684
0.0,11,0.173239
1.0,34,0.174826
1.0,24,0.175965
0.0,19,0.176892
0.0,11,0.177466
1.0,38,0.17923
1.0,34,0.180825
0.0,7,0.181211
1.0,15,0.181956
1.0,14,0.182664
0.0,27,0.183938
0.0,13,0.184594
0.0,8,0.185025
0.0,1,0.185138
0.0,1,0.18525
1.0,25,0.186441
0.0,13,0.187088
0.0,4,0.187348
0.0,6,0.187693
0.0,26,0.188933
0.0,20,0.189904
1.0,26,0.191144
1.0,41,0.193048
0.0,7,0.193441
0.0,10,0.193957
1.0,36,0.195637
0.0,24,0.196789
0.0,23,0.197882
0.0,8,0.198326
0.0,4,0.198575
0.0,8,0.199004
0.0,23,0.2001
0.0,19,0.201024
0.0,11,0.201596
0.0,31,0.203053
0.0,9,0.203539
0.0,5,0.203832
0.0,4,0.204084
0.0,11,0.204657
0.0,21,0.205673
0.0,12,0.206294
0.0,9,0.206768
0.0,4,0.207019
0.0,17,0.207857
0.0,5,0.208152
0.0,21,0.20917
0.0,39,0.210998
0.0,1,0.211113
0.0,1,0.211226
0.0,15,0.211967
0.0,7,0.212364
0.0,17,0.213191
0.0,3,0.213407
0.0,42,0.215365
0.0,4,0.215615
0.0,7,0.215996
1.0,20,0.216967
0.0,7,0.217361
0.0,2,0.217523
1.0,17,0.218363
0.0,4,0.218614
0.0,17,0.219449
1.0,30,0.220856
0.0,1,0.220972
1.0,25,0.222165
0.0,4,0.222428
1.0,33,0.223966
1.0,11,0.224537
0.0,43,0.226535
1.0,42,0.228489
0.0,6,0.228832
0.0,11,0.229402
0.0,8,0.229829
0.0,7,0.230211
0.0,39,0.23202
0.0,3,0.232228
1.0,64,0.235147
0.0,10,0.235677
1.0,36,0.237374
0.0,28,0.23877
0.0,13,0.23943
0.0,31,0.240889
0.0,4,0.24114
0.0,21,0.242162
1.0,11,0.242732
0.0,39,0.24456
1.0,11,0.245119
0.0,4,0.245378
0.0,4,0.245649
0.0,13,0.246311
0.0,73,0.249689
0.0,3,0.249898
0.0,5,0.250194
1.0,21,0.251212
0.0,9,0.251691
0.0,20,0.252666
1.0,27,0.253946
0.0,24,0.255097
0.0,1,0.255213
0.0,5,0.255516
0.0,11,0.256073
0.0,11,0.256649
0.0,3,0.256853
0.0,7,0.257238
1.0,8,0.257674
0.0,8,0.258102
0.0,2,0.258276
0.0,3,0.258482
0.0,15,0.259219
0.0,18,0.260103
1.0,22,0.261165
1.0,11,0.261744
0.0,1,0.261859
0.0,18,0.262745
1.0,41,0.264671
0.0,26,0.265915
0.0,3,0.266119
0.0,40,0.267986
1.0,56,0.27058
0.0,55,0.273098
0.0,6,0.273449
0.0,13,0.274092
0.0,4,0.274354
0.0,9,0.274827
0.0,22,0.275881
0.0,37,0.277613
0.0,3,0.277817
0.0,1,0.27793
0.0,11,0.278508
0.0,11,0.279067
0.0,8,0.279501
0.0,22,0.280548
0.0,17,0.281388
0.0,14,0.28208
1.0,18,0.282959
0.0,6,0.283308
0.0,33,0.284853
0.0,3,0.285058
0.0,1,0.285169
1.0,8,0.285603
1.0,15,0.286351
0.0,26,0.287586
1.0,45,0.289681
0.0,38,0.29146
0.0,18,0.292349
1.0,27,0.29363
1.0,22,0.294681
0.0,8,0.295106
0.0,26,0.296345
0.0,38,0.298115
0.0,28,0.299453
0.0,12,0.300056
0.0,1,0.300169
0.0,16,0.300952
1.0,24,0.302098
0.0,10,0.302631
1.0,14,0.303333
0.0,6,0.303675
0.0,15,0.304424
0.0,15,0.305164
0.0,4,0.305425
1.0,39,0.307245
0.0,5,0.307551
1.0,23,0.308656
0.0,23,0.309763
0.0,53,0.312218
0.0,5,0.312525
0.0,1,0.312641
0.0,25,0.31383
0.0,7,0.314215
0.0,40,0.316079
0.0,9,0.316564
1.0,13,0.317211
1.0,10,0.317732
0.0,20,0.318712
0.0,27,0.319992
0.0,49,0.322264
0.0,8,0.322695
0.0,7,0.323077
1.0,51,0.325453
0.0,8,0.325882
0.0,2,0.326045
0.0,8,0.326483
0.0,1,0.326597
1.0,53,0.329042
0.0,10,0.32957
0.0,26,0.330803
0.0,19,0.331728
0.0,1,0.331843
0.0,22,0.332904
0.0,22,0.333958
0.0,37,0.335693
0.0,13,0.336353
0.0,20,0.337323
1.0,18,0.338199
1.0,11,0.338849
0.0,28,0.340169
1.0,13,0.340821
1.0,22,0.341879
0.0,24,0.343026
0.0,18,0.343903
0.0,1,0.344017
1.0,16,0.344807
0.0,16,0.345599
0.0,4,0.345846
0.0,19,0.346766
0.0,11,0.347335
1.0,12,0.347933
1.0,19,0.348851
1.0,20,0.349814
0.0,3,0.350016
0.0,58,0.352665
0.0,1,0.352782
0.0,12,0.353392
1.0,38,0.35514
1.0,19,0.356066
0.0,40,0.357934
0.0,37,0.359661
0.0,13,0.360314
0.0,31,0.361758
0.0,15,0.362507
1.0,36,0.36417
0.0,2,0.36434
0.0,5,0.364632
0.0,13,0.365285
1.0,15,0.366012
1.0,17,0.366843
0.0,2,0.367003
0.0,2,0.367159
0.0,16,0.367944
0.0,18,0.368824
0.0,1,0.36894
0.0,18,0.369812
0.0,2,0.369971
0.0,7,0.370362
0.0,1,0.370476
0.0,17,0.37131
0.0,23,0.372404
1.0,24,0.373553
0.0,26,0.374785
0.0,9,0.375262
1.0,29,0.376631
0.0,17,0.377468
0.0,1,0.37758
0.0,24,0.378724
0.0,4,0.378971
0.0,25,0.380153
0.0,25,0.381358
0.0,15,0.382093
0.0,28,0.383419
0.0,12,0.384031
1.0,23,0.385138
0.0,9,0.38562
1.0,19,0.386534
0.0,3,0.38674
0.0,17,0.387571
0.0,18,0.388454
1.0,40,0.390313
0.0,5,0.390606
1.0,32,0.392101
1.0,11,0.392673
0.0,4,0.392919
0.0,7,0.393314
0.0,6,0.393653
0.0,13,0.39431
0.0,55,0.396839
0.0,49,0.399096
0.0,3,0.399312
0.0,3,0.399513
0.0,1,0.399625
0.0,49,0.40188
0.0,14,0.402584
0.0,3,0.402789
1.0,7,0.403168
0.0,3,0.403384
1.0,25,0.404607
0.0,8,0.405049
0.0,63,0.40794
0.0,5,0.408233
1.0,43,0.410225
0.0,1,0.410348
0.0,15,0.41108
0.0,2,0.411241
0.0,18,0.412119
0.0,7,0.412512
0.0,9,0.412981
0.0,14,0.413688
0.0,4,0.413939
0.0,2,0.414099
0.0,4,0.414358
1.0,10,0.414872
0.0,3,0.415077
0.0,12,0.41569
1.0,26,0.416925
0.0,59,0.419646
1.0,60,0.422396
0.0,4,0.422647
1.0,24,0.423791
0.0,3,0.423997
1.0,22,0.425048
0.0,48,0.427268
1.0,19,0.428179
0.0,1,0.428309
0.0,17,0.429133
0.0,11,0.429703
0.0,27,0.430974
0.0,6,0.431326
0.0,15,0.43207
0.0,3,0.432283
0.0,18,0.433151
0.0,3,0.433365
1.0,27,0.43464
0.0,10,0.435157
0.0,4,0.435416
1.0,11,0.435973
0.0,26,0.437204
0.0,8,0.437644
0.0,5,0.437935
0.0,5,0.438227
1.0,14,0.438993
0.0,20,0.439964
1.0,11,0.440535
0.0,31,0.441993
0.0,12,0.442607
0.0,5,0.4429
1.0,25,0.444087
0.0,4,0.444349
0.0,33,0.445881
0.0,40,0.447737
1.0,10,0.448269
1.0,49,0.450536
0.0,3,0.450743
1.0,12,0.451356
0.0,8,0.451786
0.0,1,0.451898
1.0,25,0.453083
1.0,22,0.454157
0.0,10,0.45468
0.0,29,0.456047
0.0,1,0.456162
0.0,6,0.456512
1.0,15,0.457263
0.0,8,0.457688
0.0,1,0.457799
1.0,16,0.458594
1.0,28,0.459913
1.0,16,0.460699
1.0,26,0.461931
0.0,24,0.463077
0.0,6,0.463425
0.0,13,0.464072
1.0,15,0.464814
0.0,15,0.465562
0.0,5,0.465857
0.0,17,0.466691
0.0,3,0.466897
0.0,8,0.467337
0.0,2,0.467497
0.0,16,0.468287
1.0,33,0.469835
0.0,5,0.470126
1.0,39,0.471947
1.0,21,0.472956
0.0,1,0.473069
0.0,20,0.474035
0.0,56,0.476604
0.0,6,0.476943
1.0,13,0.477607
0.0,2,0.477766
1.0,12,0.478388
0.0,18,0.479266
0.0,13,0.479917
0.0,1,0.480028
0.0,8,0.480464
1.0,22,0.481528
0.0,7,0.481907
0.0,7,0.482297
0.0,21,0.483307
0.0,6,0.483645
0.0,1,0.483756
0.0,8,0.48418
0.0,3,0.484397
0.0,9,0.484865
0.0,2,0.485025
0.0,12,0.485639
0.0,22,0.486696
0.0,21,0.487705
0.0,31,0.489161
0.0,42,0.49111
0.0,10,0.491635
0.0,29,0.492998
0.0,14,0.493704
1.0,16,0.494492
0.0,2,0.494651
0.0,20,0.495613
1.0,25,0.496797
0.0,3,0.496999
0.0,15,0.497743
0.0,75,0.501161
1.0,8,0.501599
0.0,15,0.502344
0.0,28,0.50366
0.0,55,0.506176
0.0,14,0.506876
0.0,18,0.507754
0.0,5,0.508046
0.0,36,0.509737
0.0,6,0.510075
0.0,14,0.510774
0.0,1,0.510888
0.0,2,0.511045
1.0,20,0.512004
1.0,42,0.513938
1.0,32,0.515442
0.0,26,0.516667
0.0,47,0.518836
0.0,7,0.51922
0.0,8,0.519655
0.0,26,0.520883
1.0,18,0.521763
0.0,41,0.523663
0.0,21,0.524674
0.0,28,0.525992
0.0,5,0.526295
0.0,1,0.526409
1.0,24,0.52754
0.0,5,0.527834
1.0,29,0.529199
0.0,2,0.52937
1.0,43,0.531365
0.0,12,0.53197
1.0,43,0.533952
1.0,15,0.534701
1.0,42,0.536642
0.0,21,0.537652
0.0,3,0.537856
0.0,5,0.538154
0.0,9,0.538638
0.0,7,0.539081
0.0,7,0.53947
0.0,27,0.540745
0.0,26,0.541967
1.0,44,0.544012
0.0,43,0.546004
0.0,19,0.546929
0.0,1,0.547042
0.0,4,0.5473
1.0,25,0.548501
0.0,14,0.54919
0.0,22,0.550241
0.0,9,0.550717
0.0,13,0.551376
0.0,6,0.551713
1.0,12,0.552323
0.0,16,0.553098
0.0,10,0.553623
1.0,21,0.554633
0.0,4,0.55488
0.0,18,0.555757
0.0,5,0.556049
1.0,21,0.557059
0.0,18,0.557935
0.0,29,0.559322
0.0,6,0.559657
0.0,3,0.559858
1.0,10,0.560381
1.0,27,0.561654
0.0,13,0.562312
1.0,19,0.563223
0.0,6,0.563568
0.0,4,0.563818
0.0,31,0.565276
0.0,1,0.565389
0.0,12,0.565988
0.0,9,0.566473
1.0,22,0.567527
0.0,1,0.567641
1.0,16,0.568432
1.0,15,0.569172
1.0,18,0.570048
0.0,2,0.570208
0.0,5,0.570511
0.0,4,0.57076
0.0,1,0.57087
0.0,28,0.572184
0.0,4,0.572447
0.0,5,0.57274
0.0,8,0.573162
0.0,11,0.573732
1.0,42,0.575665
0.0,77,0.579171
0.0,5,0.579479
0.0,14,0.580165
1.0,26,0.581408
0.0,6,0.581743
1.0,12,0.582357
0.0,13,0.583009
0.0,17,0.583839
0.0,1,0.583952
0.0,17,0.584783
0.0,29,0.586145
0.0,13,0.586803
0.0,30,0.588207
1.0,23,0.589323
1.0,51,0.59166
1.0,17,0.592494
0.0,38,0.594265
1.0,15,0.594997
1.0,37,0.596722
0.0,30,0.598129
0.0,2,0.598304
0.0,6,0.598642
1.0,36,0.600316
0.0,21,0.601322
0.0,46,0.603444
0.0,8,0.603871
0.0,4,0.604118
0.0,2,0.604285
1.0,15,0.605017
0.0,2,0.605172
1.0,50,0.607475
0.0,12,0.608075
0.0,25,0.609276
1.0,15,0.610005
1.0,19,0.610927
0.0,10,0.611454
0.0,48,0.613658
0.0,27,0.614929
0.0,4,0.615176
0.0,16,0.615963
0.0,7,0.616358
0.0,1,0.616471
0.0,2,0.616627
0.0,34,0.618202
1.0,53,0.620785
1.0,39,0.622629
1.0,22,0.623681
0.0,7,0.624063
0.0,2,0.624224
0.0,14,0.624919
0.0,11,0.62549
0.0,27,0.626774
0.0,10,0.627304
0.0,26,0.628534
0.0,25,0.629725
0.0,27,0.630997
0.0,3,0.631204
0.0,11,0.63178
1.0,28,0.633102
1.0,41,0.635015
0.0,6,0.635365
0.0,10,0.63588
0.0,34,0.637474
1.0,42,0.63943
1.0,19,0.640414
0.0,17,0.641238
0.0,8,0.641675
1.0,27,0.642941
0.0,20,0.643911
0.0,38,0.645682
0.0,5,0.645977
0.0,3,0.646183
0.0,4,0.646441
0.0,9,0.646913
0.0,4,0.647161
0.0,2,0.647329
0.0,2,0.64749
0.0,25,0.648678
1.0,25,0.64987
0.0,1,0.649982
0.0,26,0.651213
0.0,17,0.652046
0.0,13,0.652707
1.0,9,0.653179
0.0,8,0.653612
1.0,26,0.654843
0.0,1,0.654956
0.0,30,0.656372
0.0,8,0.656798
1.0,25,0.657986
0.0,1,0.658101
0.0,51,0.660476
0.0,11,0.66103
0.0,9,0.661528
0.0,10,0.662043
0.0,3,0.662244
0.0,17,0.663078
0.0,16,0.66387
1.0,33,0.665423
1.0,29,0.666784
0.0,1,0.666898
1.0,48,0.669117
0.0,22,0.67018
0.0,16,0.670969
0.0,4,0.67122
0.0,13,0.671871
0.0,14,0.67257
1.0,23,0.673672
0.0,6,0.67401
1.0,14,0.674709
1.0,83,0.678491
0.0,6,0.67883
0.0,4,0.679075
0.0,1,0.679186
0.0,23,0.680294
0.0,9,0.680764
1.0,13,0.681419
0.0,18,0.682304
0.0,18,0.683172
0.0,8,0.68361
0.0,24,0.684762
0.0,33,0.686313
0.0,1,0.686428
0.0,11,0.686983
0.0,20,0.687955
0.0,4,0.688203
0.0,8,0.688656
0.0,2,0.688815
1.0,24,0.689962
1.0,26,0.69119
1.0,22,0.692245
0.0,2,0.692414
1.0,30,0.693822
1.0,42,0.69577
0.0,21,0.696788
0.0,2,0.69695
0.0,7,0.697343
0.0,2,0.697504
1.0,24,0.69866
0.0,7,0.699045
1.0,10,0.69957
1.0,21,0.700587
0.0,22,0.701654
0.0,15,0.70241
0.0,5,0.702707
0.0,21,0.703725
1.0,30,0.705145
0.0,6,0.705496
0.0,16,0.706287
0.0,5,0.706579
1.0,34,0.708167
0.0,10,0.7087
0.0,7,0.709082
0.0,18,0.709962
0.0,11,0.710535
0.0,11,0.711093
0.0,15,0.711838
0.0,35,0.713478
0.0,2,0.713638
0.0,6,0.713976
0.0,30,0.715394
0.0,2,0.715557
0.0,7,0.715936
0.0,10,0.716461
0.0,13,0.717108
0.0,48,0.719342
0.0,3,0.719549
0.0,7,0.719933
0.0,3,0.720136
0.0,39,0.721958
1.0,39,0.723777
1.0,37,0.725505
1.0,30,0.726917
0.0,7,0.727312
0.0,3,0.727516
0.0,10,0.728035
0.0,11,0.728615
0.0,18,0.729498
1.0,13,0.730146
0.0,9,0.730632
1.0,14,0.73134
1.0,38,0.733109
0.0,46,0.73524
0.0,5,0.735547
1.0,15,0.736298
0.0,11,0.736858
0.0,11,0.737432
0.0,44,0.739479
0.0,17,0.740374
0.0,17,0.741197
0.0,11,0.741769
0.0,13,0.742429
0.0,13,0.743074
0.0,3,0.743287
0.0,20,0.744247
1.0,16,0.745036
0.0,50,0.747358
1.0,24,0.748511
0.0,17,0.749341
0.0,52,0.751723
0.0,7,0.752106
0.0,2,0.752276
0.0,10,0.752793
0.0,8,0.753215
0.0,6,0.753565
0.0,57,0.756193
0.0,1,0.756317
1.0,48,0.758547
1.0,22,0.759603
0.0,6,0.759942
0.0,29,0.761317
0.0,1,0.761431
0.0,7,0.761817
0.0,4,0.762069
0.0,1,0.762181
0.0,4,0.762438
0.0,16,0.763221
1.0,20,0.764186
0.0,3,0.764402
1.0,22,0.765453
0.0,41,0.767344
1.0,9,0.767815
1.0,22,0.768875
0.0,16,0.769664
0.0,4,0.769912
0.0,7,0.770303
0.0,3,0.770508
0.0,90,0.774585
0.0,17,0.775418
0.0,7,0.775806
0.0,9,0.776287
0.0,10,0.776801
0.0,9,0.77728
0.0,8,0.777709
0.0,10,0.778224
0.0,7,0.778616
0.0,4,0.778865
0.0,6,0.779204
0.0,68,0.782298
0.0,6,0.782637
0.0,8,0.783062
0.0,4,0.783321
0.0,4,0.78357
1.0,28,0.784894
0.0,21,0.785909
1.0,13,0.78657
0.0,9,0.787042
1.0,27,0.788333
0.0,24,0.789475
0.0,3,0.789681
0.0,27,0.790959
0.0,8,0.791395
0.0,15,0.792132
0.0,15,0.792877
0.0,19,0.793795
1.0,29,0.795158
1.0,17,0.79599
0.0,14,0.796693
0.0,12,0.797307
1.0,6,0.797646
1.0,14,0.798354
1.0,38,0.800122
0.0,21,0.801136
1.0,10,0.80166
0.0,7,0.802043
0.0,4,0.802299
0.0,4,0.802545
0.0,3,0.802749
0.0,21,0.80376
1.0,12,0.804372
0.0,22,0.805431
0.0,33,0.806977
0.0,3,0.807184
0.0,4,0.807445
0.0,9,0.807919
0.0,7,0.808319
0.0,5,0.808613
0.0,2,0.80877
0.0,26,0.810004
1.0,20,0.81097
0.0,2,0.811127
0.0,35,0.812763
0.0,8,0.813186
0.0,4,0.813443
0.0,9,0.813913
0.0,47,0.816077
0.0,45,0.818151
0.0,5,0.81846
0.0,18,0.819343
1.0,18,0.820209
0.0,13,0.820868
0.0,73,0.824209
1.0,9,0.824689
1.0,62,0.827533
0.0,7,0.827919
0.0,2,0.828076
0.0,1,0.828187
0.0,6,0.828536
1.0,11,0.829091
0.0,18,0.82997
0.0,15,0.830714
1.0,13,0.831375
1.0,35,0.833003
1.0,17,0.833837
0.0,19,0.834757
0.0,17,0.835596
0.0,11,0.836154
0.0,4,0.836412
0.0,25,0.837595
0.0,7,0.837977
0.0,11,0.838556
0.0,6,0.838893
0.0,3,0.839095
0.0,16,0.839882
0.0,28,0.841289
0.0,21,0.842312
0.0,21,0.843322
1.0,18,0.844187
0.0,11,0.844759
0.0,2,0.844918
0.0,25,0.846106
0.0,63,0.849006
0.0,4,0.849266
0.0,21,0.850276
0.0,14,0.850967
0.0,5,0.85127
0.0,1,0.851385
0.0,13,0.852027
0.0,8,0.852462
0.0,6,0.852799
0.0,89,0.856847
1.0,21,0.857862
1.0,21,0.858885
0.0,1,0.858999
0.0,56,0.861585
0.0,2,0.861748
1.0,30,0.863151
0.0,5,0.863458
0.0,18,0.864339
0.0,8,0.864769
0.0,2,0.864926
0.0,1,0.865039
0.0,11,0.865623
0.0,25,0.866818
0.0,21,0.867838
0.0,3,0.868055
0.0,40,0.869935
0.0,7,0.870332
1.0,26,0.871571
0.0,6,0.871906
0.0,19,0.872836
0.0,6,0.873175
0.0,3,0.873389
1.0,20,0.87436
1.0,10,0.874875
1.0,14,0.87558
0.0,10,0.876099
1.0,12,0.87671
0.0,70,0.879923
0.0,8,0.880361
0.0,1,0.880475
0.0,14,0.88117
0.0,15,0.881919
0.0,12,0.882536
0.0,9,0.883005
0.0,6,0.883349
0.0,30,0.884759
0.0,5,0.885055
0.0,11,0.885624
1.0,18,0.886498
0.0,1,0.88661
1.0,51,0.888968
0.0,6,0.889318
1.0,35,0.890939
0.0,7,0.891335
1.0,30,0.892741
0.0,3,0.892944
1.0,12,0.893553
0.0,10,0.894069
0.0,21,0.895078
0.0,13,0.895742
0.0,17,0.896582
0.0,33,0.898133
0.0,2,0.898311
1.0,38,0.900076
0.0,26,0.90132
0.0,4,0.901568
0.0,7,0.901951
0.0,10,0.90248
0.0,5,0.902772
1.0,26,0.904001
0.0,15,0.904748
0.0,4,0.905
0.0,29,0.906371
0.0,6,0.906707
0.0,9,0.907171
0.0,4,0.907429
0.0,17,0.908267
1.0,28,0.909589
1.0,43,0.91158
0.0,2,0.911741
0.0,7,0.91212
0.0,11,0.912697
0.0,6,0.913037
0.0,21,0.914047
0.0,44,0.916076
0.0,6,0.916428
0.0,5,0.916722
0.0,6,0.917061
1.0,40,0.918919
0.0,18,0.919803
0.0,10,0.92033
0.0,3,0.920533
0.0,6,0.920873
1.0,29,0.922231
0.0,7,0.922625
0.0,15,0.923374
0.0,94,0.927621
0.0,24,0.928765
0.0,5,0.929056
0.0,4,0.929317
1.0,10,0.929828
0.0,62,0.932666
0.0,5,0.932958
0.0,11,0.933525
1.0,13,0.93417
1.0,7,0.934559
0.0,2,0.934719
0.0,6,0.935056
0.0,14,0.935754
1.0,25,0.936941
0.0,30,0.938375
0.0,46,0.940497
0.0,1,0.940668
0.0,13,0.941335
0.0,16,0.942117
0.0,17,0.942953
0.0,1,0.943068
1.0,23,0.944167
0.0,4,0.94443
0.0,8,0.944857
0.0,1,0.94497
0.0,2,0.945127
1.0,32,0.946637
0.0,9,0.947109
1.0,44,0.94916
0.0,1,0.949283
0.0,6,0.949622
0.0,5,0.949913
0.0,12,0.950526
0.0,13,0.951172
1.0,45,0.953268
0.0,3,0.953472
1.0,16,0.954261
0.0,2,0.954421
0.0,3,0.954624
0.0,9,0.955093
0.0,5,0.955402
1.0,29,0.95677
1.0,20,0.95774
0.0,10,0.958272
0.0,20,0.959233
0.0,9,0.959711
0.0,33,0.961265
0.0,7,0.961655
0.0,5,0.961947
0.0,9,0.962426
0.0,11,0.962986
0.0,14,0.96369
0.0,9,0.964162
1.0,15,0.964915
0.0,9,0.965401
0.0,1,0.965516
0.0,2,0.965676
0.0,12,0.966291
0.0,1,0.966411
0.0,2,0.96657
0.0,14,0.967269
0.0,30,0.968686
0.0,53,0.971131
0.0,26,0.972378
0.0,7,0.972762
0.0,4,0.973011
0.0,41,0.97493
1.0,25,0.976121
1.0,36,0.977823
0.0,15,0.978578
0.0,23,0.979681
0.0,4,0.979933
0.0,4,0.98018
0.0,13,0.980842
0.0,20,0.981812
0.0,7,0.982196
0.0,3,0.982409
0.0,16,0.983191
0.0,7,0.983584
1.0,6,0.983925
0.0,1,0.984035
0.0,23,0.985131
1.0,51,0.98749
0.0,6,0.987829
1.0,36,0.989515
1.0,30,0.99093
0.0,3,0.991136
0.0,7,0.991527
0.0,8,0.991953
0.0,54,0.994454
0.0,20,0.99542
0.0,15,0.996157
0.0,4,0.996414
1.0,28,0.997736
0.0,8,0.998162
0.0,4,0.998428
1.0,21,0.999437
0.0,2,0.999597
1.0,32,1.001088
0.0,14,1.001789
0.0,4,1.002038
0.0,22,1.003092
0.0,3,1.003309
0.0,7,1.00369
0.0,29,1.005058
0.0,25,1.006247
0.0,23,1.007359
0.0,9,1.007831
0.0,6,1.008168
0.0,7,1.008567
0.0,55,1.011081
0.0,3,1.011297
0.0,13,1.011947
1.0,15,1.012689
1.0,57,1.015304
1.0,31,1.016762
0.0,1,1.016876
0.0,21,1.017884
0.0,30,1.019314
0.0,6,1.019654
0.0,16,1.020445
0.0,9,1.020914
0.0,11,1.021477
1.0,29,1.022836
0.0,4,1.023085
0.0,6,1.02343
0.0,21,1.024447
0.0,1,1.02456
1.0,8,1.024986
1.0,27,1.026272
1.0,13,1.026919
1.0,30,1.028341
1.0,22,1.029391
0.0,7,1.029774
0.0,23,1.030875
0.0,2,1.031034
0.0,55,1.03357
0.0,22,1.034622
0.0,4,1.034873
1.0,15,1.035614
0.0,20,1.036576
0.0,28,1.037901
0.0,3,1.038107
1.0,17,1.038949
0.0,23,1.040041
0.0,4,1.0403
0.0,11,1.040859
0.0,24,1.042063
0.0,10,1.042591
0.0,4,1.042841
0.0,21,1.043848
0.0,5,1.044142
0.0,9,1.044622
1.0,20,1.045589
0.0,5,1.04588
1.0,33,1.047432
0.0,3,1.047635
0.0,9,1.048106
0.0,27,1.049398
1.0,16,1.050176
0.0,42,1.052123
0.0,9,1.052608
0.0,9,1.053079
0.0,26,1.054324
0.0,16,1.055103
1.0,12,1.055723
0.0,7,1.056102
0.0,19,1.05702
0.0,54,1.059516
1.0,12,1.060119
0.0,5,1.060419
0.0,16,1.061197
0.0,5,1.061501
1.0,12,1.062106
1.0,7,1.062514
0.0,6,1.062852
0.0,17,1.063687
0.0,1,1.063802
0.0,3,1.064006
0.0,5,1.064313
1.0,35,1.065953
0.0,5,1.066244
1.0,22,1.067311
0.0,1,1.067424
0.0,21,1.06844
0.0,10,1.068954
0.0,46,1.071075
0.0,30,1.072496
0.0,16,1.073286
0.0,40,1.075129
0.0,2,1.075301
0.0,5,1.075594
0.0,3,1.075797
0.0,26,1.077029
0.0,2,1.077188
0.0,8,1.07762
0.0,31,1.079089
0.0,13,1.079747
0.0,6,1.080084
0.0,15,1.080829
0.0,10,1.081357
1.0,11,1.081916
0.0,5,1.082205
0.0,48,1.084423
0.0,20,1.085393
0.0,1,1.085513
0.0,2,1.08567
0.0,35,1.087318
0.0,27,1.088598
0.0,5,1.088892
0.0,23,1.089988
0.0,18,1.090865
0.0,4,1.091114
0.0,19,1.092037
1.0,45,1.094121
0.0,4,1.094379
0.0,16,1.095154
0.0,24,1.096307
0.0,63,1.099184
0.0,11,1.099753
0.0,24,1.100901
0.0,21,1.101908
0.0,10,1.102436
0.0,7,1.102814
0.0,36,1.104505
0.0,2,1.104665
1.0,16,1.105457
1.0,12,1.106055
0.0,53,1.108502
0.0,8,1.108928
0.0,36,1.110617
0.0,1,1.11073
0.0,37,1.112468
0.0,24,1.113611
1.0,34,1.115195
0.0,1,1.115316
1.0,40,1.117169
0.0,10,1.117698
1.0,8,1.118121
1.0,22,1.119179
1.0,39,1.120995
1.0,41,1.122899
1.0,53,1.125345
1.0,21,1.126356
0.0,67,1.129416
0.0,7,1.129798
0.0,28,1.131109
0.0,12,1.131726
0.0,32,1.133218
0.0,28,1.134543
0.0,23,1.135644
0.0,8,1.13607
0.0,5,1.136373
0.0,40,1.138223
0.0,8,1.138663
1.0,22,1.139717
0.0,13,1.140376
1.0,28,1.141702
0.0,2,1.141861
0.0,25,1.143052
0.0,94,1.147329
0.0,18,1.1482
1.0,40,1.150052
1.0,31,1.151519
0.0,25,1.152704
0.0,68,1.1558
0.0,8,1.156223
0.0,22,1.157275
0.0,9,1.157804
0.0,29,1.159179
1.0,13,1.159837
0.0,14,1.160544
0.0,11,1.161102
0.0,37,1.162832
0.0,3,1.163035
0.0,25,1.164224
0.0,10,1.164746
0.0,16,1.165539
0.0,22,1.166592
0.0,38,1.168371
0.0,6,1.16871
0.0,2,1.168868
0.0,22,1.169921
0.0,12,1.170537
0.0,18,1.171414
0.0,3,1.17162
0.0,21,1.172632
1.0,44,1.17467
1.0,23,1.17577
0.0,26,1.177003
0.0,1,1.177119
1.0,26,1.178366
0.0,13,1.179007
0.0,25,1.180193
0.0,7,1.180584
0.0,27,1.18186
0.0,15,1.182604
0.0,6,1.18294
0.0,16,1.183726
0.0,11,1.184295
0.0,1,1.184409
0.0,8,1.184834
0.0,19,1.185756
0.0,8,1.186182
1.0,30,1.18759
0.0,50,1.189889
0.0,32,1.191406
0.0,2,1.191568
0.0,2,1.191724
0.0,45,1.19382
0.0,37,1.195545
1.0,14,1.196237
0.0,2,1.196406
0.0,16,1.197181
0.0,7,1.197573
0.0,9,1.198042
0.0,27,1.199336
0.0,17,1.200153
1.0,24,1.2013
1.0,30,1.202694
0.0,37,1.204419
0.0,2,1.204578
0.0,7,1.204959
1.0,21,1.205964
0.0,23,1.207067
0.0,2,1.207226
1.0,29,1.208599
1.0,13,1.20924
0.0,37,1.210965
0.0,20,1.21193
0.0,5,1.212221
0.0,12,1.212832
1.0,13,1.213491
0.0,3,1.213696
0.0,2,1.213855
0.0,26,1.215084
0.0,4,1.215346
0.0,9,1.215822
1.0,13,1.21648
0.0,2,1.21664
1.0,23,1.21774
0.0,92,1.221945
0.0,17,1.222786
0.0,2,1.222948
0.0,8,1.223388
0.0,6,1.223728
0.0,8,1.224151
0.0,3,1.224363
0.0,10,1.224886
1.0,20,1.225856
1.0,51,1.228215
0.0,4,1.228477
0.0,9,1.228946
0.0,45,1.231034
0.0,21,1.232049
1.0,29,1.23343
0.0,6,1.233768
0.0,4,1.234013
0.0,6,1.234361
0.0,2,1.234519
0.0,19,1.235438
0.0,15,1.236176
0.0,6,1.236524
0.0,4,1.236777
0.0,9,1.237247
0.0,65,1.240224
1.0,26,1.241467
0.0,8,1.241893
1.0,30,1.243313
0.0,6,1.243648
0.0,10,1.244169
1.0,16,1.244954
1.0,18,1.245834
1.0,8,1.246264
0.0,5,1.246554
1.0,10,1.247063
1.0,36,1.24876
1.0,29,1.250123
0.0,5,1.250428
0.0,1,1.250542
1.0,41,1.252454
0.0,3,1.25266
1.0,16,1.25345
0.0,3,1.253655
1.0,19,1.254575
1.0,14,1.255271
0.0,22,1.256325
0.0,17,1.257154
1.0,34,1.258751
0.0,14,1.259516
0.0,29,1.260893
0.0,3,1.261099
0.0,6,1.261446
1.0,76,1.264891
0.0,6,1.265229
0.0,6,1.26557
0.0,49,1.267831
0.0,2,1.267991
0.0,1,1.268104
0.0,3,1.268324
0.0,28,1.269639
0.0,24,1.270781
1.0,20,1.271754
0.0,6,1.27209
0.0,75,1.275497
0.0,10,1.27601
0.0,30,1.277426
1.0,9,1.277898
0.0,4,1.278146
0.0,4,1.27841
0.0,2,1.278571
1.0,14,1.279267
0.0,24,1.280406
0.0,28,1.281727
1.0,35,1.283371
0.0,1,1.283486
0.0,11,1.284044
0.0,16,1.284833
0.0,26,1.286062
1.0,32,1.287568
0.0,35,1.2892
0.0,5,1.289502
0.0,100,1.294052
0.0,2,1.294226
0.0,10,1.294752
1.0,9,1.295222
0.0,8,1.295655
0.0,28,1.296974
0.0,18,1.297858
0.0,8,1.298301
1.0,34,1.299899
0.0,1,1.300012
0.0,1,1.300125
0.0,7,1.300529
1.0,14,1.301223
1.0,9,1.301695
0.0,25,1.302881
0.0,19,1.303809
1.0,16,1.304599
0.0,6,1.304938
1.0,28,1.306269
0.0,7,1.306653
0.0,29,1.308013
1.0,14,1.308722
0.0,4,1.308976
0.0,14,1.309678
0.0,15,1.310423
0.0,38,1.312192
0.0,3,1.312407
0.0,6,1.312742
0.0,1,1.312855
1.0,25,1.314038
1.0,26,1.31528
0.0,23,1.316375
0.0,22,1.317429
0.0,37,1.319145
0.0,36,1.32083
0.0,15,1.321581
0.0,28,1.322893
0.0,14,1.323595
0.0,6,1.323935
0.0,7,1.324327
0.0,25,1.325519
0.0,9,1.325993
0.0,1,1.326104
0.0,12,1.326715
1.0,11,1.327282
0.0,18,1.328155
0.0,14,1.328861
0.0,2,1.329021
0.0,1,1.329132
0.0,45,1.331221
0.0,13,1.331877
1.0,50,1.334178
1.0,23,1.33528
0.0,5,1.335572
1.0,10,1.336082
0.0,9,1.336564
1.0,32,1.338061
1.0,19,1.338993
1.0,29,1.340367
0.0,2,1.340528
1.0,14,1.341218
0.0,22,1.342277
0.0,1,1.34239
0.0,15,1.343126
0.0,4,1.343387
0.0,14,1.344076
0.0,22,1.34513
0.0,2,1.345299
0.0,61,1.348078
0.0,47,1.350261
0.0,3,1.350469
0.0,2,1.350627
0.0,2,1.350783
0.0,12,1.351394
0.0,36,1.353071
0.0,5,1.353378
0.0,50,1.355684
0.0,2,1.355845
1.0,12,1.356456
0.0,8,1.356884
0.0,17,1.35772
1.0,7,1.358105
0.0,6,1.358462
0.0,6,1.358801
0.0,26,1.360095
0.0,9,1.360577
0.0,27,1.361847
1.0,12,1.362459
1.0,16,1.363236
0.0,15,1.363976
1.0,21,1.364988
1.0,18,1.365864
0.0,19,1.366791
0.0,17,1.367631
0.0,16,1.368429
0.0,20,1.369394
0.0,16,1.370178
1.0,14,1.370878
0.0,7,1.371265
0.0,24,1.372405
0.0,3,1.37261
1.0,22,1.373667
0.0,16,1.374462
0.0,32,1.375966
0.0,18,1.376847
0.0,9,1.377327
0.0,12,1.377926
0.0,1,1.378039
1.0,25,1.379238
0.0,31,1.380707
0.0,4,1.380957
0.0,2,1.381116
0.0,10,1.381642
1.0,25,1.382829
0.0,11,1.383401
0.0,20,1.384371
0.0,1,1.384484
1.0,11,1.385043
0.0,20,1.38601
0.0,56,1.388599
0.0,14,1.389306
0.0,6,1.389645
0.0,4,1.389894
1.0,74,1.393279
0.0,2,1.39344
0.0,4,1.393686
1.0,8,1.394115
0.0,20,1.395078
0.0,9,1.395558
0.0,6,1.395893
0.0,13,1.396545
0.0,8,1.396975
0.0,1,1.397087
0.0,28,1.398425
1.0,13,1.399077
0.0,9,1.399558
1.0,32,1.401055
0.0,4,1.401315
0.0,26,1.402544
0.0,5,1.402836
1.0,28,1.404152
0.0,36,1.405829
0.0,4,1.406076
1.0,9,1.406564
0.0,2,1.406722
0.0,1,1.406832
0.0,60,1.409586
0.0,13,1.410229
1.0,55,1.412764
0.0,17,1.413605
0.0,4,1.413856
0.0,9,1.414339
0.0,6,1.414675
0.0,15,1.415423
0.0,2,1.415584
0.0,4,1.415832
0.0,1,1.415944
0.0,8,1.416382
0.0,4,1.41663
0.0,12,1.417233
0.0,6,1.417578
0.0,1,1.417689
0.0,8,1.418112
1.0,25,1.419319
0.0,16,1.4201
0.0,40,1.421959
1.0,24,1.423105
0.0,2,1.423275
1.0,14,1.423962
0.0,49,1.426216
0.0,4,1.426474
0.0,5,1.426766
0.0,21,1.427778
0.0,16,1.428582
0.0,16,1.429371
0.0,16,1.43015
0.0,10,1.430677
0.0,9,1.431145
1.0,20,1.432108
0.0,39,1.433918
0.0,11,1.434484
0.0,35,1.43612
0.0,5,1.436425
0.0,3,1.436628
0.0,6,1.436964
0.0,6,1.437312
0.0,28,1.43864
1.0,52,1.441041
0.0,3,1.441248
0.0,21,1.442272
1.0,22,1.443334
0.0,24,1.444478
0.0,9,1.444946
0.0,21,1.44596
0.0,40,1.447822
0.0,27,1.449109
1.0,50,1.451422
0.0,5,1.451714
0.0,5,1.452007
0.0,4,1.452264
0.0,20,1.453228
0.0,3,1.453439
0.0,6,1.453774
1.0,29,1.455145
0.0,17,1.455981
0.0,14,1.456683
1.0,19,1.457606
0.0,35,1.459238
0.0,10,1.459835
0.0,1,1.459947
0.0,84,1.463787
0.0,16,1.46458
0.0,14,1.465281
0.0,5,1.465572
0.0,55,1.468092
0.0,6,1.468446
0.0,23,1.469557
1.0,19,1.470482
0.0,17,1.471316
0.0,1,1.471429
0.0,11,1.471985
0.0,16,1.472774
0.0,11,1.473344
1.0,16,1.474118
0.0,31,1.475585
0.0,6,1.475925
0.0,15,1.476665
0.0,1,1.47678
0.0,5,1.477071
0.0,23,1.47817
0.0,7,1.478572
0.0,12,1.479174
0.0,2,1.479346
0.0,4,1.479594
1.0,20,1.480554
0.0,67,1.48363
0.0,5,1.483927
0.0,16,1.48472
0.0,6,1.485055
0.0,16,1.485846
1.0,12,1.486463
1.0,18,1.487337
0.0,32,1.488843
0.0,18,1.489725
0.0,17,1.490555
0.0,39,1.492359
0.0,11,1.49292
0.0,24,1.494068
1.0,24,1.495213
0.0,47,1.497408
1.0,20,1.49838
0.0,12,1.498985
0.0,6,1.499331
0.0,6,1.499667
0.0,46,1.501787
1.0,16,1.502574
0.0,11,1.503132
0.0,29,1.504503
1.0,15,1.505234
1.0,39,1.507039
1.0,29,1.508411
0.0,2,1.508571
0.0,5,1.508865
1.0,32,1.51037
0.0,23,1.511472
0.0,8,1.511896
0.0,10,1.512424
1.0,18,1.513304
1.0,12,1.513902
0.0,18,1.514778
1.0,21,1.515789
0.0,61,1.518595
0.0,33,1.520138
0.0,4,1.520399
0.0,5,1.520694
0.0,3,1.520899
0.0,37,1.522623
0.0,6,1.52296
0.0,45,1.525042
1.0,10,1.52557
0.0,8,1.525997
1.0,13,1.52665
0.0,10,1.527164
1.0,13,1.527824
0.0,22,1.528889
0.0,29,1.530261
1.0,25,1.53145
0.0,6,1.531785
0.0,34,1.53337
1.0,21,1.534374
0.0,69,1.537498
1.0,38,1.539283
0.0,37,1.540992
1.0,18,1.541873
0.0,1,1.541985
0.0,2,1.542144
1.0,25,1.54334
0.0,16,1.544116
1.0,8,1.544554
0.0,3,1.544761
0.0,13,1.545417
1.0,19,1.546348
0.0,12,1.546951
0.0,8,1.547396
0.0,1,1.547508
0.0,32,1.549027
0.0,23,1.55013
0.0,15,1.550884
1.0,13,1.55154
0.0,25,1.552733
0.0,1,1.552847
0.0,9,1.553331
0.0,17,1.554162
1.0,14,1.55486
0.0,13,1.555523
0.0,28,1.556841
0.0,17,1.557671
0.0,11,1.558233
0.0,3,1.558451
0.0,3,1.558652
1.0,31,1.560104
1.0,40,1.561966
0.0,2,1.562124
0.0,11,1.56269
0.0,26,1.563922
1.0,22,1.564983
0.0,4,1.565235
1.0,18,1.566171
0.0,12,1.566786
0.0,9,1.567266
0.0,4,1.567517
0.0,2,1.567676
0.0,25,1.56887
0.0,26,1.570106
0.0,10,1.570637
0.0,21,1.57165
1.0,21,1.57266
0.0,9,1.57313
0.0,11,1.573699
0.0,9,1.574172
0.0,8,1.57461
1.0,20,1.575579
1.0,11,1.576136
0.0,6,1.576485
0.0,17,1.577315
0.0,12,1.577913
0.0,1,1.578026
1.0,43,1.580016
0.0,1,1.58013
0.0,9,1.580612
0.0,4,1.580858
0.0,5,1.581151
1.0,29,1.582522
1.0,11,1.58308
0.0,1,1.58319
1.0,21,1.584205
0.0,45,1.586309
0.0,3,1.586515
0.0,6,1.586852
0.0,32,1.588366
0.0,21,1.589384
0.0,1,1.589497
0.0,8,1.589921
1.0,24,1.59106
0.0,2,1.59122
0.0,3,1.591432
0.0,19,1.592355
0.0,15,1.593091
1.0,24,1.594226
1.0,34,1.595808
0.0,2,1.595966
1.0,18,1.596845
1.0,38,1.598625
0.0,7,1.599007
0.0,27,1.600289
0.0,4,1.600541
0.0,7,1.600923
0.0,4,1.601173
1.0,22,1.602233
1.0,48,1.60446
0.0,3,1.604663
0.0,36,1.606339
0.0,9,1.606811
0.0,49,1.60909
0.0,6,1.609442
1.0,28,1.610762
0.0,13,1.611423
0.0,57,1.614047
0.0,9,1.61453
0.0,33,1.616068
0.0,4,1.616328
1.0,43,1.618334
0.0,6,1.618675
0.0,9,1.619146
0.0,16,1.619937
0.0,4,1.620186
1.0,12,1.620796
0.0,59,1.623502
0.0,15,1.624236
1.0,10,1.624757
0.0,20,1.625721
1.0,29,1.627085
1.0,16,1.627879
1.0,23,1.628984
1.0,13,1.629643
0.0,47,1.631815
1.0,29,1.633173
0.0,10,1.633698
1.0,39,1.635519
0.0,13,1.636163
0.0,3,1.636378
0.0,21,1.637386
0.0,8,1.637811
0.0,16,1.63861
1.0,30,1.640016
1.0,9,1.640494
1.0,38,1.64225
0.0,13,1.642904
0.0,27,1.644175
0.0,18,1.645057
0.0,7,1.645451
0.0,7,1.645834
0.0,10,1.646361
0.0,22,1.647421
0.0,19,1.648356
0.0,29,1.649719
0.0,16,1.650506
0.0,10,1.651018
1.0,36,1.652706
0.0,6,1.653046
0.0,3,1.653247
0.0,12,1.653862
0.0,1,1.653973
0.0,1,1.654083
0.0,3,1.654295
0.0,22,1.65535
0.0,3,1.655556
0.0,48,1.657765
0.0,17,1.65861
0.0,23,1.6597
0.0,23,1.660795
0.0,10,1.661317
0.0,2,1.661478
0.0,8,1.661903
0.0,13,1.662563
0.0,24,1.663704
0.0,13,1.664363
0.0,13,1.665013
1.0,21,1.66602
0.0,8,1.666515
0.0,24,1.667652
0.0,19,1.668575
0.0,47,1.670749
0.0,13,1.671408
0.0,1,1.671524
0.0,2,1.671683
0.0,1,1.671795
0.0,21,1.672804
1.0,29,1.674173
0.0,13,1.674828
1.0,56,1.677385
1.0,18,1.678249
0.0,6,1.678601
0.0,1,1.678713
0.0,5,1.679004
0.0,13,1.679658
1.0,18,1.680534
1.0,18,1.681412
1.0,11,1.681965
0.0,5,1.682264
0.0,9,1.682737
1.0,30,1.684145
0.0,12,1.68476
0.0,53,1.687197
0.0,1,1.687322
1.0,13,1.687966
0.0,4,1.688213
1.0,20,1.689183
0.0,5,1.689486
1.0,31,1.690936
0.0,63,1.693822
0.0,1,1.693938
0.0,45,1.696007
0.0,2,1.696169
1.0,24,1.697313
1.0,41,1.699212
1.0,20,1.700172
1.0,19,1.701094
0.0,22,1.702144
1.0,39,1.70397
0.0,11,1.704543
1.0,18,1.705424
1.0,30,1.70683
1.0,15,1.707574
0.0,39,1.709398
0.0,25,1.71059
0.0,31,1.712042
0.0,4,1.712308
0.0,20,1.713282
0.0,10,1.713795
0.0,6,1.714135
0.0,16,1.714921
1.0,13,1.71558
0.0,3,1.715784
1.0,13,1.716439
0.0,18,1.717313
0.0,16,1.718091
0.0,37,1.719819
0.0,13,1.720474
0.0,1,1.720587
0.0,20,1.721553
0.0,2,1.721711
0.0,6,1.722047
0.0,10,1.722568
0.0,15,1.723316
0.0,8,1.723741
0.0,15,1.724484
0.0,2,1.724642
0.0,22,1.725696
0.0,13,1.726356
0.0,10,1.726872
0.0,19,1.727798
1.0,65,1.730785
0.0,2,1.730946
0.0,22,1.732002
0.0,50,1.734309
0.0,6,1.734648
0.0,7,1.735025
1.0,30,1.736442
0.0,16,1.737225
1.0,18,1.738097
0.0,8,1.738542
0.0,29,1.739909
0.0,6,1.740244
0.0,48,1.742477
1.0,17,1.74331
1.0,10,1.743819
0.0,10,1.744345
0.0,1,1.744457
0.0,17,1.745291
0.0,3,1.745494
0.0,36,1.747156
0.0,3,1.747375
0.0,25,1.748571
1.0,19,1.749492
0.0,9,1.749962
0.0,14,1.750656
1.0,35,1.75228
0.0,4,1.752529
0.0,10,1.753046
1.0,21,1.754057
1.0,7,1.754448
0.0,4,1.754696
0.0,28,1.756009
0.0,6,1.756359
1.0,43,1.75835
0.0,10,1.758864
1.0,32,1.760369
1.0,75,1.763783
1.0,13,1.764449
0.0,23,1.765549
0.0,14,1.76624
0.0,5,1.766546
0.0,8,1.766972
0.0,7,1.767364
0.0,51,1.76971
1.0,42,1.771655
0.0,26,1.77288
0.0,7,1.773332
0.0,12,1.773936
1.0,58,1.776585
0.0,17,1.777419
0.0,28,1.778747
1.0,23,1.779848
0.0,16,1.780637
0.0,12,1.781242
0.0,1,1.781365
0.0,19,1.78228
0.0,3,1.782492
0.0,13,1.783139
0.0,16,1.783929
0.0,8,1.784371
0.0,41,1.786266
0.0,11,1.786829
0.0,5,1.78712
0.0,24,1.788278
0.0,15,1.789016
0.0,3,1.789221
1.0,8,1.789654
0.0,3,1.789855
0.0,2,1.790014
1.0,28,1.791339
0.0,20,1.792298
0.0,30,1.793702
0.0,9,1.794171
0.0,20,1.795141
1.0,43,1.797142
0.0,1,1.797263
1.0,12,1.797863
0.0,37,1.799587
0.0,3,1.799789
0.0,14,1.800493
0.0,37,1.802206
1.0,63,1.805084
0.0,2,1.805245
0.0,11,1.805817
0.0,1,1.805928
0.0,34,1.807524
0.0,14,1.808215
0.0,3,1.808432
0.0,24,1.809576
1.0,34,1.811157
0.0,27,1.812448
0.0,23,1.813558
0.0,6,1.813896
1.0,14,1.814603
1.0,30,1.816015
1.0,49,1.818295
0.0,30,1.819706
1.0,21,1.820719
0.0,17,1.821549
0.0,25,1.822736
0.0,7,1.823116
0.0,13,1.823769
0.0,23,1.824871
1.0,19,1.825798
0.0,9,1.826277
0.0,1,1.826391
0.0,45,1.828486
0.0,15,1.829224
0.0,8,1.82966
0.0,29,1.831019
1.0,14,1.83172
1.0,26,1.832943
0.0,10,1.833468
1.0,44,1.835501
0.0,25,1.836691
0.0,9,1.83716
0.0,3,1.837372
0.0,3,1.837578
0.0,4,1.837822
0.0,16,1.838615
0.0,5,1.838908
0.0,8,1.839346
0.0,7,1.839729
1.0,44,1.841766
1.0,12,1.842388
0.0,9,1.842858
0.0,6,1.843197
0.0,6,1.843545
0.0,7,1.843929
1.0,17,1.844763
0.0,11,1.845331
0.0,54,1.847812
0.0,3,1.848015
0.0,9,1.848501
1.0,28,1.84982
0.0,4,1.850067
1.0,54,1.852547
0.0,50,1.854856
0.0,1,1.854972
0.0,9,1.855454
1.0,25,1.856649
0.0,10,1.857171
0.0,1,1.857295
0.0,14,1.85799
1.0,46,1.860126
0.0,7,1.860522
0.0,5,1.860816
0.0,31,1.862293
0.0,11,1.862852
0.0,31,1.864319
0.0,6,1.864659
0.0,19,1.865586
1.0,29,1.866964
0.0,50,1.869292
0.0,3,1.869499
0.0,12,1.870102
0.0,22,1.871159
1.0,30,1.872582
0.0,39,1.874396
0.0,9,1.87487
1.0,40,1.876734
0.0,11,1.877305
0.0,10,1.877815
0.0,28,1.879208
0.0,2,1.879379
0.0,44,1.881428
0.0,2,1.88159
1.0,34,1.883185
0.0,39,1.885
0.0,44,1.887038
0.0,1,1.887153
0.0,17,1.887985
1.0,13,1.888655
0.0,20,1.889633
0.0,8,1.890058
1.0,24,1.891216
0.0,13,1.891866
0.0,14,1.892564
1.0,19,1.893485
1.0,28,1.894807
0.0,31,1.896272
1.0,27,1.897558
1.0,31,1.899018
0.0,9,1.899499
0.0,29,1.900875
0.0,6,1.901215
0.0,21,1.902221
0.0,27,1.903502
1.0,61,1.906296
0.0,27,1.907575
0.0,4,1.907823
0.0,9,1.908308
1.0,17,1.909132
0.0,2,1.909302
0.0,16,1.910081
0.0,5,1.910386
0.0,11,1.910939
1.0,14,1.911643
0.0,2,1.911803
0.0,2,1.911959
0.0,7,1.912351
0.0,5,1.912647
0.0,32,1.91415
0.0,32,1.915657
0.0,1,1.915771
0.0,45,1.917855
0.0,23,1.91897
0.0,1,1.919086
1.0,21,1.920095
0.0,4,1.920355
1.0,14,1.921049
0.0,11,1.92162
1.0,38,1.923382
1.0,14,1.924071
0.0,4,1.92433
1.0,29,1.925699
0.0,17,1.926536
0.0,2,1.926694
0.0,45,1.928788
0.0,7,1.929176
0.0,31,1.930638
0.0,3,1.930844
0.0,49,1.933121
0.0,4,1.933383
0.0,19,1.934306
1.0,37,1.936022
0.0,9,1.936504
0.0,6,1.936841
0.0,27,1.938118
0.0,11,1.938697
0.0,15,1.939445
0.0,10,1.93996
0.0,15,1.940707
1.0,15,1.941455
0.0,40,1.943322
1.0,15,1.944059
0.0,1,1.944171
0.0,20,1.945138
0.0,6,1.945489
0.0,27,1.94677
0.0,13,1.947425
0.0,47,1.94961
0.0,16,1.950403
1.0,11,1.950963
0.0,7,1.951358
0.0,8,1.951783
1.0,18,1.952658
1.0,13,1.953319
0.0,5,1.953611
0.0,18,1.954495
0.0,9,1.954967
1.0,21,1.95598
0.0,6,1.956329
0.0,6,1.956667
0.0,10,1.957179
0.0,12,1.957794
0.0,9,1.958283
0.0,6,1.958619
0.0,20,1.959584
0.0,11,1.960143
0.0,17,1.960978
0.0,21,1.961992
1.0,19,1.962916
1.0,20,1.963881
1.0,19,1.964807
1.0,28,1.966125
0.0,33,1.967675
0.0,10,1.968186
1.0,16,1.968979
0.0,42,1.970921
0.0,3,1.971124
0.0,11,1.971694
0.0,45,1.973774
1.0,37,1.975493
0.0,19,1.976415
0.0,26,1.977643
0.0,24,1.978791
0.0,14,1.979498
0.0,18,1.980441
0.0,6,1.980778
0.0,24,1.981921
0.0,18,1.982808
1.0,12,1.983426
0.0,7,1.983806
0.0,4,1.98405
0.0,33,1.985597
0.0,16,1.986389
0.0,29,1.98775
1.0,52,1.990148
0.0,3,1.990362
0.0,2,1.990523
0.0,3,1.990725
0.0,7,1.991105
0.0,2,1.991274
0.0,4,1.991524
0.0,16,1.992315
0.0,4,1.992565
0.0,14,1.993267
0.0,53,1.995707
0.0,3,1.99591
0.0,4,1.996157
0.0,44,1.998192
1.0,17,1.99903
0.0,5,1.999335
1.0,41,2.001218
0.0,41,2.003121
0.0,4,2.003379
0.0,30,2.00479
0.0,26,2.006019
0.0,5,2.006325
0.0,25,2.007508
0.0,10,2.00802
0.0,7,2.008414
0.0,19,2.009338
0.0,19,2.010262
0.0,6,2.010602
0.0,9,2.011074
0.0,4,2.011333
1.0,42,2.013284
1.0,36,2.014951
1.0,26,2.016197
0.0,12,2.016811
0.0,72,2.020103
0.0,6,2.020452
0.0,18,2.021332
0.0,13,2.021981
0.0,1,2.022095
0.0,10,2.022617
1.0,17,2.023458
0.0,82,2.027187
1.0,73,2.030537
0.0,4,2.030785
0.0,18,2.031669
0.0,16,2.032461
0.0,21,2.033468
0.0,1,2.033581
0.0,26,2.034815
0.0,23,2.035917
1.0,28,2.037235
1.0,30,2.038666
0.0,26,2.039895
1.0,16,2.040682
0.0,13,2.041337
1.0,15,2.042067
0.0,9,2.042549
0.0,8,2.042974
0.0,10,2.0435
0.0,8,2.043921
1.0,20,2.044885
1.0,17,2.045719
0.0,2,2.045878
0.0,6,2.046214
0.0,16,2.047006
0.0,9,2.047491
1.0,27,2.048778
1.0,53,2.051214
0.0,26,2.052457
0.0,59,2.055155
1.0,20,2.056126
0.0,2,2.056297
1.0,14,2.056986
0.0,22,2.058041
0.0,17,2.058887
0.0,34,2.060493
0.0,17,2.061332
0.0,19,2.062246
0.0,52,2.064644
0.0,40,2.066506
0.0,1,2.066621
0.0,9,2.067091
0.0,3,2.067303
0.0,4,2.067552
0.0,3,2.067753
0.0,17,2.068591
0.0,83,2.072362
0.0,64,2.075284
1.0,10,2.075803
0.0,6,2.076139
0.0,16,2.076929
0.0,1,2.077044
0.0,19,2.077966
0.0,4,2.078216
0.0,16,2.079007
1.0,43,2.081
0.0,17,2.081835
0.0,13,2.082488
0.0,7,2.082867
0.0,5,2.083161
0.0,69,2.086308
0.0,6,2.086645
0.0,13,2.087298
0.0,1,2.087412
1.0,61,2.090208
0.0,1,2.090389
0.0,15,2.091125
0.0,48,2.093353
0.0,15,2.09409
0.0,8,2.094525
0.0,6,2.094862
0.0,11,2.095426
0.0,25,2.096613
0.0,6,2.096949
0.0,34,2.098548
0.0,8,2.098974
1.0,17,2.099809
1.0,25,2.101
0.0,3,2.101202
0.0,1,2.101324
0.0,1,2.101439
0.0,20,2.102408
1.0,15,2.103146
1.0,17,2.103985
1.0,28,2.105309
0.0,2,2.10547
1.0,65,2.10845
1.0,35,2.110075
1.0,25,2.111269
0.0,27,2.112556
0.0,1,2.112671
0.0,9,2.113138
0.0,1,2.113251
0.0,8,2.113689
0.0,3,2.113893
0.0,7,2.114285
1.0,48,2.116505
1.0,15,2.117243
1.0,24,2.118394
0.0,6,2.118732
0.0,13,2.119388
0.0,24,2.120541
0.0,7,2.120925
0.0,3,2.121127
0.0,10,2.121653
0.0,4,2.121905
0.0,1,2.122015
0.0,8,2.122452
0.0,24,2.123598
0.0,3,2.123801
0.0,3,2.124003
0.0,4,2.124251
0.0,15,2.124997
0.0,4,2.125244
1.0,32,2.126748
1.0,44,2.128792
1.0,38,2.130561
0.0,2,2.130722
0.0,1,2.130832
0.0,29,2.132194
0.0,17,2.133022
1.0,38,2.134789
0.0,15,2.135537
0.0,3,2.135744
1.0,12,2.136351
1.0,22,2.137408
0.0,3,2.137611
0.0,1,2.137722
1.0,18,2.138601
0.0,2,2.138759
1.0,25,2.139947
1.0,26,2.141184
0.0,17,2.142024
0.0,23,2.14312
1.0,14,2.143821
1.0,17,2.144655
1.0,13,2.145313
0.0,21,2.14632
0.0,84,2.150143
0.0,16,2.150935
0.0,6,2.151282
1.0,26,2.152532
0.0,10,2.153052
0.0,11,2.153619
1.0,13,2.154275
0.0,14,2.154972
0.0,6,2.155324
0.0,3,2.155529
0.0,41,2.157428
0.0,8,2.157857
0.0,29,2.159227
0.0,1,2.159348
0.0,31,2.160806
0.0,35,2.162455
0.0,40,2.164317
0.0,9,2.164785
0.0,8,2.165211
0.0,1,2.165332
1.0,9,2.165801
1.0,6,2.166139
1.0,13,2.166799
0.0,12,2.167414
0.0,15,2.168148
0.0,15,2.168897
0.0,1,2.16901
0.0,25,2.170202
0.0,11,2.17077
0.0,4,2.17102
0.0,4,2.17128
0.0,36,2.172959
0.0,13,2.173623
0.0,14,2.174327
0.0,25,2.175515
0.0,3,2.175722
0.0,4,2.17597
0.0,1,2.176083
0.0,4,2.176343
0.0,5,2.176639
1.0,28,2.177971
1.0,26,2.179216
0.0,19,2.180138
0.0,8,2.180582
0.0,14,2.181287
0.0,25,2.182481
0.0,10,2.183
0.0,5,2.183306
0.0,7,2.183693
1.0,23,2.184795
0.0,39,2.186627
0.0,7,2.187009
0.0,1,2.187121
0.0,12,2.187735
0.0,10,2.188269
0.0,1,2.188384
1.0,39,2.190219
0.0,50,2.192629
0.0,5,2.192926
0.0,5,2.193219
1.0,15,2.193969
0.0,2,2.194131
0.0,25,2.195335
0.0,23,2.196439
0.0,18,2.197324
0.0,4,2.197575
0.0,2,2.197734
1.0,13,2.198401
0.0,2,2.198561
0.0,18,2.199452
0.0,14,2.200151
0.0,45,2.202236
0.0,5,2.202543
0.0,25,2.203731
0.0,11,2.2043
0.0,41,2.206196
0.0,1,2.206322
0.0,53,2.208782
1.0,16,2.209576
0.0,13,2.210227
0.0,46,2.21236
0.0,17,2.213192
0.0,12,2.213806
0.0,13,2.214471
0.0,1,2.214586
0.0,41,2.216501
0.0,18,2.217389
0.0,13,2.218038
0.0,6,2.218393
0.0,23,2.219503
0.0,9,2.219976
0.0,7,2.220371
0.0,1,2.220484
0.0,1,2.220595
0.0,15,2.221347
0.0,14,2.222039
0.0,5,2.222344
0.0,39,2.224165
0.0,6,2.224514
0.0,20,2.225487
0.0,10,2.225999
0.0,26,2.227247
0.0,19,2.228173
0.0,16,2.228975
0.0,19,2.229905
1.0,11,2.230478
0.0,32,2.231976
0.0,51,2.234352
0.0,4,2.234603
0.0,8,2.235029
0.0,44,2.237072
0.0,22,2.238135
0.0,18,2.239025
1.0,25,2.240219
0.0,48,2.242445
1.0,21,2.243463
0.0,22,2.244519
0.0,2,2.244681
1.0,19,2.245608
1.0,21,2.246626
0.0,5,2.246921
0.0,34,2.248518
1.0,73,2.251872
0.0,3,2.252081
0.0,12,2.252696
0.0,13,2.253355
0.0,15,2.254093
0.0,5,2.254398
0.0,8,2.254826
0.0,7,2.255207
0.0,7,2.255601
0.0,5,2.255891
0.0,16,2.256678
0.0,60,2.259435
0.0,10,2.259949
0.0,26,2.261178
0.0,9,2.261662
1.0,47,2.263831
0.0,20,2.264802
0.0,13,2.265464
0.0,19,2.266386
0.0,13,2.267029
0.0,11,2.2676
0.0,29,2.268976
0.0,5,2.269281
0.0,5,2.269577
1.0,47,2.271759
0.0,1,2.271871
0.0,21,2.272879
1.0,8,2.273319
0.0,4,2.273568
0.0,20,2.274548
0.0,7,2.274927
1.0,24,2.276075
0.0,3,2.276288
0.0,5,2.276578
1.0,12,2.277175
0.0,2,2.277344
0.0,2,2.277504
1.0,40,2.279374
0.0,19,2.280299
0.0,11,2.280854
0.0,9,2.281331
1.0,43,2.283328
0.0,44,2.285362
0.0,2,2.285524
0.0,2,2.28568
0.0,21,2.286692
0.0,4,2.28694
0.0,14,2.28764
1.0,26,2.288884
1.0,10,2.28941
1.0,9,2.289878
0.0,13,2.290537
0.0,3,2.290801
0.0,2,2.290962
0.0,16,2.291759
1.0,21,2.29277
0.0,3,2.292973
1.0,26,2.294206
0.0,3,2.294418
0.0,32,2.295918
0.0,21,2.29693
0.0,2,2.297089
1.0,12,2.297708
0.0,36,2.299403
0.0,11,2.299961
0.0,17,2.300797
1.0,19,2.301722
0.0,70,2.304918
1.0,33,2.306462
0.0,2,2.306621
1.0,19,2.307546
0.0,15,2.308297
1.0,14,2.308991
0.0,5,2.309293
0.0,46,2.311416
0.0,12,2.312018
0.0,2,2.312178
0.0,8,2.312615
0.0,4,2.312865
0.0,15,2.313612
1.0,10,2.314127
1.0,12,2.314741
0.0,5,2.315032
0.0,5,2.315338
0.0,19,2.316262
1.0,16,2.317036
0.0,21,2.318047
0.0,33,2.319604
0.0,6,2.319941
0.0,1,2.320052
0.0,43,2.322049
1.0,30,2.323468
1.0,21,2.324482
0.0,3,2.324685
0.0,1,2.324798
0.0,8,2.325223
0.0,3,2.325433
1.0,32,2.326933
0.0,13,2.327589
0.0,7,2.327974
0.0,33,2.329533
1.0,13,2.330178
0.0,14,2.330878
0.0,42,2.332823
0.0,5,2.333119
0.0,44,2.335158
0.0,34,2.336755
0.0,3,2.336959
0.0,35,2.338602
0.0,1,2.338715
1.0,12,2.339325
0.0,54,2.341802
0.0,35,2.343447
0.0,6,2.343786
0.0,39,2.345607
1.0,17,2.346442
1.0,27,2.347721
0.0,4,2.347974
0.0,7,2.348372
0.0,20,2.349344
0.0,15,2.350083
0.0,29,2.351466
0.0,3,2.35167
1.0,14,2.352369
1.0,28,2.353683
0.0,3,2.353884
1.0,11,2.354455
0.0,5,2.354749
0.0,33,2.356296
0.0,9,2.356783
1.0,26,2.358013
1.0,19,2.358945
0.0,16,2.359735
0.0,16,2.360522
1.0,22,2.361567
0.0,16,2.362354
0.0,31,2.363804
0.0,20,2.364776
0.0,10,2.365299
1.0,21,2.366304
0.0,9,2.366776
0.0,14,2.367482
0.0,16,2.368273
0.0,1,2.368386
0.0,1,2.368499
1.0,20,2.369464
0.0,40,2.371319
1.0,29,2.372673
0.0,7,2.373054
1.0,11,2.373624
1.0,12,2.374224
0.0,28,2.375562
0.0,1,2.375676
0.0,37,2.377411
0.0,4,2.37766
0.0,49,2.379928
0.0,23,2.381024
0.0,1,2.381137
0.0,2,2.381304
1.0,9,2.38177
0.0,3,2.381973
0.0,22,2.383022
0.0,8,2.383463
0.0,3,2.383667
0.0,29,2.385033
1.0,23,2.386132
1.0,15,2.386882
0.0,23,2.387982
0.0,27,2.389276
0.0,21,2.390289
0.0,5,2.390585
0.0,1,2.390754
1.0,20,2.391723
0.0,5,2.392016
0.0,3,2.39222
0.0,23,2.39333
0.0,34,2.394907
0.0,13,2.395569
1.0,10,2.396081
0.0,8,2.396514
0.0,2,2.396672
1.0,50,2.398965
0.0,22,2.400025
1.0,17,2.400858
0.0,36,2.402544
1.0,51,2.404891
0.0,4,2.405139
1.0,35,2.406774
0.0,11,2.40734
1.0,17,2.408165
1.0,13,2.408827
0.0,4,2.409076
0.0,3,2.409289
1.0,11,2.409847
0.0,46,2.411982
0.0,11,2.412555
0.0,22,2.413618
0.0,21,2.414628
0.0,32,2.416118
0.0,6,2.41647
0.0,10,2.416979
0.0,16,2.417772
0.0,2,2.417933
0.0,3,2.418134
0.0,14,2.418843
0.0,1,2.418957
0.0,17,2.41979
1.0,18,2.420674
0.0,7,2.421057
0.0,22,2.422113
0.0,44,2.42414
0.0,2,2.424308
0.0,2,2.424468
0.0,9,2.424942
0.0,7,2.425331
0.0,57,2.427943
0.0,3,2.428149
0.0,2,2.428324
0.0,13,2.428972
0.0,11,2.429541
1.0,15,2.430285
0.0,2,2.430447
0.0,32,2.431944
1.0,56,2.434525
0.0,3,2.434732
0.0,4,2.434979
0.0,4,2.435225
0.0,11,2.435794
1.0,42,2.438118
0.0,18,2.439021
1.0,12,2.439641
0.0,9,2.440113
0.0,1,2.440241
0.0,82,2.444075
1.0,45,2.446198
0.0,14,2.446904
0.0,1,2.447018
0.0,10,2.447544
0.0,10,2.448085
0.0,10,2.448623
0.0,7,2.449019
1.0,36,2.450727
0.0,13,2.451392
1.0,61,2.45423
0.0,2,2.4544
0.0,10,2.454915
0.0,18,2.455794
0.0,11,2.456362
0.0,11,2.456925
0.0,13,2.457583
0.0,33,2.459133
0.0,1,2.459247
0.0,4,2.459504
0.0,10,2.460019
1.0,53,2.462456
0.0,10,2.462977
0.0,38,2.464753
1.0,32,2.466251
0.0,20,2.467218
1.0,22,2.468284
1.0,21,2.469291
1.0,29,2.47065
0.0,19,2.471572
0.0,3,2.471779
1.0,35,2.473424
0.0,3,2.47363
1.0,10,2.474138
1.0,22,2.475188
0.0,3,2.475403
1.0,19,2.476323
0.0,7,2.476701
1.0,13,2.477353
1.0,9,2.477819
0.0,17,2.478664
0.0,43,2.480647
0.0,1,2.480763
0.0,2,2.480923
1.0,46,2.483036
0.0,45,2.48511
0.0,65,2.488075
0.0,22,2.489133
0.0,16,2.489924
0.0,18,2.490805
0.0,4,2.491055
0.0,3,2.491267
0.0,9,2.491737
0.0,12,2.492349
0.0,7,2.49273
0.0,9,2.493197
0.0,8,2.493695
0.0,28,2.495023
1.0,27,2.496316
1.0,20,2.49729
0.0,2,2.49745
0.0,17,2.498286
0.0,10,2.498803
1.0,20,2.499768
1.0,63,2.502659
1.0,16,2.503453
1.0,17,2.504286
0.0,3,2.50449
0.0,7,2.504873
0.0,19,2.505795
0.0,14,2.506501
0.0,34,2.508095
1.0,15,2.50885
0.0,6,2.509186
0.0,2,2.509355
0.0,27,2.510625
0.0,6,2.510967
0.0,4,2.511217
0.0,37,2.512932
0.0,8,2.513372
0.0,44,2.515412
1.0,22,2.516467
0.0,3,2.51667
0.0,24,2.517811
1.0,44,2.519842
0.0,27,2.521127
0.0,27,2.522418
1.0,27,2.523696
0.0,23,2.5248
0.0,8,2.525226
1.0,60,2.527974
1.0,11,2.528554
0.0,3,2.52876
0.0,39,2.530571
0.0,9,2.531044
0.0,22,2.532099
0.0,4,2.532362
0.0,17,2.533184
0.0,20,2.534148
0.0,4,2.534411
1.0,19,2.535326
0.0,7,2.535707
0.0,33,2.537244
0.0,8,2.537682
1.0,21,2.538698
0.0,51,2.541049
0.0,4,2.541316
1.0,12,2.541921
0.0,7,2.542311
1.0,22,2.543364
1.0,20,2.544331
1.0,23,2.54543
0.0,9,2.545905
1.0,20,2.54687
0.0,3,2.547076
0.0,12,2.547692
0.0,7,2.548074
0.0,4,2.548338
0.0,1,2.548452
0.0,4,2.548702
0.0,17,2.549537
0.0,10,2.550057
0.0,7,2.550453
0.0,7,2.550835
0.0,1,2.550947
1.0,23,2.552047
0.0,10,2.552573
0.0,18,2.553453
0.0,13,2.554105
0.0,7,2.554497
0.0,7,2.554875
0.0,28,2.556195
0.0,9,2.556678
0.0,18,2.557564
0.0,34,2.559161
0.0,2,2.559332
0.0,1,2.559447
0.0,20,2.560412
0.0,27,2.561687
1.0,9,2.562154
0.0,14,2.562855
1.0,58,2.565517
0.0,1,2.565633
0.0,1,2.565744
0.0,28,2.567088
0.0,4,2.567349
0.0,6,2.567688
0.0,22,2.568751
1.0,30,2.570166
1.0,12,2.570777
0.0,19,2.571702
1.0,18,2.572583
0.0,19,2.573507
0.0,8,2.573932
0.0,11,2.574501
0.0,5,2.574793
0.0,6,2.57513
0.0,7,2.575521
0.0,24,2.57666
0.0,6,2.576998
0.0,25,2.578189
0.0,28,2.579531
0.0,12,2.580133
0.0,8,2.580567
0.0,3,2.58077
0.0,9,2.581239
0.0,64,2.584184
0.0,4,2.584446
0.0,8,2.584873
1.0,23,2.585971
0.0,5,2.586273
0.0,24,2.587414
0.0,53,2.589857
0.0,12,2.590476
0.0,1,2.590591
0.0,9,2.591061
0.0,3,2.591275
0.0,20,2.592237
0.0,19,2.593157
0.0,9,2.593645
0.0,1,2.593815
0.0,17,2.594658
0.0,10,2.595171
0.0,2,2.595342
0.0,1,2.595454
1.0,16,2.596231
0.0,20,2.597198
0.0,5,2.597502
0.0,7,2.597884
0.0,15,2.598641
1.0,44,2.600685
0.0,7,2.60107
0.0,13,2.601732
0.0,8,2.602159
1.0,14,2.602863
1.0,39,2.604682
0.0,7,2.605062
0.0,7,2.605452
0.0,8,2.605881
0.0,15,2.606629
0.0,7,2.607013
0.0,5,2.607319
0.0,9,2.607789
0.0,4,2.608038
0.0,29,2.609422
0.0,36,2.6111
1.0,29,2.612481
0.0,1,2.612593
0.0,31,2.614046
1.0,35,2.615687
0.0,4,2.615934
0.0,10,2.616454
0.0,33,2.617984
0.0,39,2.6198
0.0,25,2.62099
1.0,18,2.621876
0.0,8,2.622315
0.0,30,2.623722
1.0,23,2.624818
1.0,19,2.625742
0.0,16,2.626533
0.0,28,2.627851
0.0,11,2.628423
0.0,24,2.629566
0.0,25,2.630748
1.0,26,2.631974
0.0,2,2.632134
1.0,18,2.633013
0.0,25,2.63421
0.0,26,2.635453
0.0,4,2.6357
0.0,21,2.636716
1.0,12,2.637329
0.0,6,2.637664
1.0,8,2.638085
0.0,26,2.639339
0.0,19,2.640247
0.0,6,2.640592
0.0,7,2.640977
0.0,7,2.641368
0.0,1,2.64148
1.0,16,2.642251
0.0,1,2.642372
0.0,70,2.645563
0.0,9,2.646031
0.0,2,2.646191
0.0,34,2.647788
0.0,3,2.647991
0.0,18,2.648871
1.0,19,2.649796
0.0,9,2.650272
1.0,16,2.651047
1.0,23,2.652142
0.0,24,2.653295
1.0,34,2.654878
0.0,18,2.655762
0.0,1,2.655876
0.0,9,2.656354
0.0,5,2.656647
0.0,18,2.657521
1.0,46,2.659661
0.0,1,2.659773
1.0,25,2.660955
0.0,5,2.661249
0.0,33,2.662799
0.0,8,2.663224
0.0,13,2.663876
0.0,2,2.664034
0.0,13,2.664695
0.0,6,2.665032
1.0,30,2.666448
0.0,30,2.667857
0.0,21,2.668872
1.0,22,2.669929
0.0,10,2.670453
0.0,13,2.6711
0.0,23,2.672193
1.0,12,2.672806
0.0,8,2.673232
1.0,32,2.674744
0.0,10,2.675269
0.0,12,2.675865
0.0,10,2.676388
0.0,7,2.676772
0.0,32,2.678291
0.0,11,2.678847
0.0,7,2.679227
0.0,2,2.679394
0.0,28,2.680705
0.0,23,2.681802
0.0,7,2.682184
0.0,35,2.683808
0.0,22,2.684864
0.0,5,2.685158
0.0,1,2.685279
0.0,2,2.685441
0.0,23,2.686539
1.0,18,2.687418
0.0,28,2.688747
0.0,31,2.690199
0.0,12,2.690815
1.0,12,2.691429
1.0,42,2.693376
0.0,22,2.694436
1.0,26,2.695729
0.0,9,2.696195
0.0,7,2.696586
0.0,27,2.697865
0.0,14,2.698575
0.0,46,2.700698
0.0,10,2.701209
0.0,33,2.702759
0.0,6,2.703095
0.0,1,2.703209
0.0,2,2.703375
0.0,14,2.704069
0.0,18,2.704943
0.0,4,2.705189
1.0,51,2.707538
1.0,32,2.709046
1.0,18,2.709925
0.0,3,2.710127
1.0,10,2.710647
1.0,18,2.711523
0.0,27,2.712798
1.0,26,2.714026
0.0,31,2.715488
0.0,5,2.715783
0.0,8,2.716211
0.0,1,2.716334
0.0,3,2.716537
0.0,40,2.718392
1.0,33,2.719924
0.0,15,2.720671
0.0,21,2.721682
0.0,24,2.722822
0.0,7,2.723203
0.0,44,2.725242
0.0,1,2.725364
0.0,11,2.725924
0.0,7,2.726316
1.0,9,2.726787
1.0,27,2.728058
1.0,24,2.72921
0.0,1,2.729335
1.0,28,2.730652
1.0,42,2.732607
0.0,15,2.733356
0.0,4,2.733606
0.0,21,2.734622
0.0,25,2.735804
0.0,21,2.736812
0.0,27,2.738088
0.0,8,2.738532
0.0,36,2.740201
0.0,3,2.740418
0.0,10,2.74093
0.0,15,2.74167
1.0,31,2.743114
0.0,5,2.743417
1.0,29,2.744779
1.0,26,2.746008
1.0,15,2.746752
1.0,27,2.748025
1.0,30,2.749447
1.0,43,2.751427
0.0,4,2.751677
0.0,35,2.75332
0.0,9,2.75379
0.0,25,2.754977
1.0,73,2.758305
0.0,5,2.758599
0.0,1,2.758712
0.0,3,2.758915
0.0,4,2.759162
1.0,21,2.76018
0.0,10,2.760709
0.0,39,2.762519
0.0,59,2.765224
0.0,5,2.765524
0.0,5,2.765816
0.0,1,2.765927
0.0,2,2.766083
1.0,25,2.767283
0.0,13,2.767925
0.0,3,2.768129
0.0,22,2.769189
0.0,5,2.769492
0.0,12,2.770098
1.0,12,2.770712
0.0,36,2.772391
0.0,6,2.772731
0.0,6,2.773082
0.0,12,2.773692
0.0,14,2.774392
0.0,19,2.775318
0.0,17,2.776137
1.0,7,2.77653
0.0,36,2.778201
0.0,5,2.778511
0.0,50,2.780811
0.0,13,2.781466
0.0,3,2.78167
0.0,8,2.782094
0.0,22,2.783145
0.0,24,2.7843
1.0,35,2.78593
0.0,5,2.786222
0.0,6,2.786568
0.0,21,2.787592
0.0,24,2.788744
0.0,6,2.789085
0.0,44,2.791126
0.0,6,2.791475
0.0,2,2.791635
0.0,27,2.79292
0.0,16,2.793715
0.0,18,2.794595
0.0,1,2.794708
0.0,25,2.795891
0.0,1,2.796004
0.0,15,2.796751
0.0,10,2.797277
0.0,4,2.797525
0.0,79,2.801135
0.0,10,2.801737
0.0,7,2.802123
1.0,61,2.804925
0.0,3,2.805132
0.0,33,2.806687
0.0,13,2.807348
0.0,26,2.808589
0.0,1,2.808702
0.0,13,2.809361
0.0,27,2.810645
0.0,6,2.81098
0.0,16,2.811768
0.0,4,2.812021
0.0,1,2.812132
1.0,18,2.813012
0.0,1,2.813125
0.0,2,2.813293
0.0,41,2.815192
0.0,39,2.817005
0.0,20,2.817971
0.0,1,2.818084
0.0,8,2.818527
1.0,15,2.819268
0.0,4,2.819517
1.0,12,2.820113
0.0,27,2.821403
0.0,100,2.825948
0.0,1,2.826062
0.0,22,2.827116
0.0,4,2.827377
0.0,30,2.828794
1.0,36,2.830487
0.0,10,2.831005
0.0,16,2.831798
1.0,9,2.83228
1.0,27,2.833547
1.0,11,2.834101
0.0,7,2.83449
0.0,29,2.835852
0.0,4,2.836105
0.0,13,2.836764
0.0,5,2.837058
0.0,16,2.837842
0.0,17,2.838679
0.0,5,2.838971
0.0,48,2.841181
0.0,33,2.842736
0.0,11,2.843305
0.0,31,2.844751
0.0,33,2.8463
1.0,14,2.846987
1.0,19,2.847904
0.0,22,2.848965
1.0,30,2.850388
0.0,15,2.851122
0.0,10,2.851648
0.0,1,2.851763
0.0,59,2.854473
0.0,13,2.855121
0.0,13,2.855783
1.0,14,2.856481
0.0,36,2.858151
1.0,48,2.860375
0.0,35,2.862
0.0,12,2.862615
0.0,6,2.862954
1.0,43,2.864944
0.0,5,2.865237
1.0,36,2.866913
0.0,13,2.867572
0.0,8,2.867998
0.0,15,2.868752
0.0,26,2.869987
0.0,13,2.870651
1.0,21,2.87166
1.0,6,2.871994
1.0,34,2.873582
0.0,11,2.874143
1.0,32,2.875636
1.0,19,2.876563
0.0,8,2.876987
0.0,7,2.877379
0.0,15,2.878128
0.0,5,2.878439
0.0,3,2.878644
0.0,39,2.880469
0.0,5,2.880763
0.0,21,2.881778
0.0,13,2.882444
0.0,3,2.882648
0.0,28,2.883968
0.0,16,2.884755
1.0,28,2.886061
0.0,1,2.886175
1.0,27,2.88746
0.0,20,2.888429
0.0,11,2.888982
0.0,9,2.889459
0.0,1,2.889571
1.0,25,2.890752
0.0,10,2.891276
0.0,31,2.89273
0.0,54,2.895201
0.0,19,2.896116
1.0,7,2.896509
0.0,6,2.896845
0.0,23,2.897937
0.0,4,2.898187
0.0,4,2.898452
0.0,8,2.89888
0.0,1,2.89899
1.0,32,2.900492
0.0,33,2.902041
1.0,23,2.903142
1.0,22,2.904199
0.0,6,2.904549
0.0,4,2.904796
0.0,14,2.905499
0.0,10,2.906013
0.0,1,2.906185
0.0,5,2.906489
0.0,8,2.906916
0.0,3,2.907117
1.0,18,2.907991
0.0,9,2.90848
0.0,14,2.90917
0.0,2,2.909338
0.0,16,2.910114
1.0,43,2.912103
1.0,43,2.914096
0.0,23,2.915191
0.0,2,2.915359
0.0,11,2.915911
0.0,66,2.918917
0.0,10,2.919444
1.0,34,2.92103
1.0,17,2.921864
0.0,9,2.92234
1.0,12,2.922942
1.0,19,2.923854
0.0,3,2.924057
0.0,71,2.927309
0.0,7,2.927693
0.0,2,2.927851
0.0,12,2.92847
0.0,26,2.929705
0.0,48,2.931914
1.0,23,2.933015
0.0,7,2.933408
1.0,14,2.934104
0.0,5,2.934408
1.0,11,2.934963
1.0,14,2.935667
0.0,13,2.936331
0.0,17,2.937159
0.0,31,2.938632
0.0,2,2.938791
0.0,11,2.939358
1.0,26,2.940596
0.0,7,2.940977
0.0,38,2.942755
0.0,13,2.943415
0.0,22,2.944472
1.0,49,2.946735
0.0,1,2.94685
0.0,5,2.94714
0.0,21,2.948148
0.0,22,2.949215
0.0,13,2.949873
0.0,3,2.950079
1.0,27,2.951368
1.0,32,2.952867
0.0,9,2.95335
0.0,26,2.954581
0.0,13,2.95523
1.0,15,2.955972
1.0,13,2.956631
0.0,1,2.956743
0.0,27,2.958016
0.0,18,2.958907
0.0,14,2.959612
0.0,2,2.95977
0.0,20,2.960737
0.0,57,2.963363
0.0,8,2.963785
0.0,4,2.964031
1.0,13,2.964689
1.0,9,2.965158
0.0,9,2.965644
0.0,17,2.966478
0.0,4,2.966728
0.0,5,2.967017
0.0,22,2.968074
1.0,18,2.968954
0.0,7,2.969352
0.0,3,2.969557
0.0,3,2.969759
0.0,24,2.970906
0.0,25,2.972095
0.0,10,2.97262
0.0,6,2.972958
0.0,23,2.974051
1.0,22,2.975103
0.0,52,2.977504
1.0,11,2.978058
0.0,4,2.978323
0.0,12,2.978926
0.0,15,2.979666
0.0,5,2.979962
0.0,28,2.98128
1.0,8,2.981703
0.0,2,2.981858
1.0,77,2.985365
0.0,20,2.986331
0.0,69,2.989495
1.0,26,2.990736
0.0,1,2.990848
0.0,13,2.991506
0.0,3,2.991709
1.0,13,2.992367
0.0,53,2.994803
0.0,21,2.99581
0.0,6,2.996147
0.0,9,2.996623
0.0,6,2.996956
0.0,55,2.999497
0.0,4,2.999748
0.0,6,3.000086
0.0,17,3.000921
0.0,3,3.001127
0.0,6,3.001474
1.0,22,3.002526
1.0,17,3.003358
1.0,22,3.004414
0.0,7,3.004798
0.0,8,3.005222
0.0,10,3.005741
0.0,69,3.0089
0.0,4,3.00922
0.0,16,3.01001
0.0,9,3.010495
0.0,22,3.011552
0.0,8,3.011975
0.0,37,3.013704
0.0,37,3.015432
0.0,6,3.015771
1.0,39,3.017583
0.0,38,3.019361
1.0,7,3.019746
0.0,1,3.019858
0.0,4,3.020103
1.0,32,3.021605
0.0,7,3.021985
0.0,20,3.022945
1.0,31,3.024398
0.0,54,3.026886
0.0,6,3.027225
0.0,12,3.027833
0.0,9,3.028316
0.0,4,3.028566
1.0,13,3.029212
0.0,13,3.029865
0.0,38,3.031634
0.0,18,3.032512
1.0,49,3.034762
0.0,23,3.035855
0.0,16,3.036644
0.0,27,3.037913
0.0,4,3.038163
0.0,26,3.03941
0.0,1,3.039524
0.0,16,3.040312
0.0,1,3.040426
0.0,8,3.040848
0.0,30,3.042265
0.0,6,3.042606
0.0,16,3.043397
1.0,23,3.044501
1.0,13,3.045148
0.0,19,3.046071
0.0,10,3.046597
0.0,3,3.0468
0.0,5,3.047089
0.0,7,3.047478
0.0,16,3.048274
0.0,4,3.048526
0.0,17,3.049361
0.0,11,3.049919
1.0,21,3.050927
1.0,24,3.052065
0.0,11,3.052636
0.0,34,3.054218
0.0,9,3.054699
0.0,4,3.054948
0.0,8,3.055384
0.0,1,3.055498
0.0,3,3.055703
0.0,4,3.055952
0.0,8,3.056382
1.0,13,3.057024
0.0,12,3.057632
0.0,5,3.057927
1.0,36,3.059614
1.0,7,3.059993
0.0,17,3.061229
0.0,10,3.061779
0.0,1,3.0619
0.0,6,3.062237
0.0,40,3.064248
0.0,22,3.065403
0.0,2,3.065595
0.0,5,3.065893
1.0,30,3.06734
0.0,40,3.069303
0.0,7,3.069753
1.0,39,3.071586
0.0,4,3.071861
1.0,14,3.07256
0.0,29,3.07394
0.0,10,3.074477
0.0,43,3.076472
0.0,13,3.077145
0.0,17,3.077987
0.0,4,3.078243
1.0,12,3.078869
1.0,48,3.081087
1.0,25,3.082329
0.0,22,3.083398
0.0,7,3.083787
1.0,13,3.08444
0.0,6,3.08478
0.0,4,3.085029
1.0,10,3.085563
0.0,22,3.086629
0.0,10,3.087152
0.0,17,3.087988
0.0,6,3.088353
0.0,10,3.088865
1.0,13,3.089521
0.0,17,3.090359
1.0,21,3.091377
0.0,8,3.091814
0.0,9,3.092297
0.0,6,3.092631
0.0,18,3.093513
0.0,27,3.094798
0.0,1,3.094922
1.0,27,3.096203
0.0,44,3.09825
0.0,4,3.098559
0.0,13,3.099202
0.0,35,3.100847
0.0,1,3.100983
0.0,49,3.10325
0.0,15,3.104042
0.0,24,3.105201
0.0,19,3.106138
1.0,11,3.106714
0.0,36,3.108427
1.0,11,3.109002
0.0,33,3.110681
0.0,1,3.110795
1.0,18,3.111676
1.0,9,3.112147
0.0,20,3.113113
0.0,3,3.11333
1.0,36,3.115001
0.0,29,3.116368
0.0,14,3.117064
0.0,5,3.117368
0.0,32,3.118869
1.0,24,3.120011
0.0,7,3.120403
0.0,13,3.121051
0.0,18,3.121928
0.0,23,3.123025
0.0,4,3.123284
1.0,43,3.125277
1.0,18,3.126147
1.0,36,3.127833
0.0,16,3.128628
0.0,6,3.128967
0.0,61,3.131775
1.0,14,3.13248
1.0,19,3.133402
0.0,20,3.134376
1.0,28,3.135689
0.0,2,3.135849
0.0,4,3.136097
0.0,12,3.136712
1.0,27,3.137989
0.0,8,3.138432
0.0,15,3.139168
0.0,6,3.139516
0.0,9,3.139986
1.0,15,3.140732
0.0,10,3.141245
0.0,1,3.141368
0.0,12,3.14197
0.0,62,3.144818
0.0,54,3.147318
0.0,9,3.147789
0.0,2,3.147946
0.0,25,3.149145
0.0,5,3.149452
0.0,1,3.149564
1.0,24,3.150713
0.0,11,3.151279
0.0,8,3.151703
0.0,4,3.15195
0.0,13,3.15261
0.0,6,3.152949
1.0,34,3.154549
0.0,23,3.155653
0.0,18,3.15653
0.0,2,3.156689
0.0,15,3.15744
0.0,40,3.159312
0.0,40,3.161176
1.0,9,3.161657
0.0,3,3.16186
1.0,28,3.163176
0.0,1,3.163301
0.0,5,3.163596
1.0,13,3.164241
0.0,13,3.164897
0.0,6,3.165234
1.0,16,3.166015
0.0,9,3.1665
1.0,17,3.167336
0.0,7,3.167718
0.0,55,3.170269
0.0,8,3.170696
0.0,49,3.17296
1.0,20,3.173923
0.0,18,3.174804
0.0,8,3.175233
0.0,3,3.175447
0.0,2,3.175605
0.0,1,3.175718
0.0,27,3.176992
0.0,6,3.177341
0.0,8,3.177768
0.0,32,3.179282
1.0,14,3.179971
0.0,7,3.180362
1.0,18,3.181231
1.0,45,3.183325
0.0,30,3.184735
0.0,5,3.185026
0.0,21,3.18603
1.0,11,3.186597
1.0,30,3.188013
0.0,4,3.188277
0.0,2,3.188437
0.0,19,3.18936
0.0,4,3.189606
0.0,5,3.189898
0.0,4,3.190147
0.0,14,3.190859
0.0,3,3.191062
0.0,6,3.191411
0.0,8,3.191838
0.0,25,3.193074
1.0,36,3.194758
0.0,43,3.196756
0.0,1,3.196869
0.0,6,3.197202
0.0,14,3.197906
0.0,10,3.198437
0.0,13,3.199086
0.0,20,3.200057
0.0,11,3.200628
0.0,42,3.202583
0.0,21,3.203595
1.0,46,3.205722
0.0,2,3.20588
0.0,5,3.206172
0.0,35,3.207814
0.0,3,3.208021
0.0,20,3.208996
0.0,22,3.210063
0.0,2,3.210293
1.0,18,3.211162
1.0,17,3.211995
0.0,18,3.212873
0.0,8,3.213315
1.0,10,3.213834
0.0,7,3.214215
0.0,53,3.216658
0.0,13,3.217311
1.0,39,3.219125
0.0,31,3.220593
0.0,2,3.220752
0.0,1,3.220865
0.0,5,3.221159
0.0,6,3.221505
0.0,13,3.222154
0.0,3,3.222367
0.0,17,3.223192
0.0,28,3.224522
0.0,1,3.224637
0.0,29,3.226003
0.0,5,3.226307
0.0,5,3.226597
0.0,25,3.227799
0.0,28,3.229132
0.0,5,3.229435
0.0,27,3.230745
0.0,8,3.23117
0.0,42,3.233105
0.0,2,3.233275
0.0,29,3.234637
1.0,51,3.236978
0.0,27,3.238267
0.0,15,3.239004
0.0,46,3.241134
1.0,13,3.241791
0.0,8,3.242216
0.0,15,3.242962
0.0,2,3.243123
0.0,3,3.243337
0.0,19,3.244259
0.0,19,3.245175
1.0,30,3.246595
0.0,6,3.246933
0.0,25,3.248118
0.0,6,3.248477
0.0,13,3.249125
1.0,15,3.249874
0.0,3,3.25008
0.0,18,3.250955
1.0,22,3.252011
1.0,52,3.25441
0.0,5,3.254704
0.0,16,3.255494
0.0,2,3.255655
0.0,22,3.256707
0.0,6,3.257048
1.0,13,3.257705
1.0,74,3.261113
0.0,3,3.261328
0.0,10,3.261845
0.0,9,3.262324
0.0,1,3.262439
0.0,13,3.263088
0.0,49,3.265365
0.0,35,3.266997
0.0,7,3.267389
0.0,21,3.268408
0.0,10,3.268923
0.0,1,3.269035
0.0,10,3.269562
0.0,10,3.270075
0.0,1,3.270186
0.0,3,3.270398
1.0,26,3.27163
0.0,30,3.273047
0.0,4,3.273307
0.0,1,3.273422
0.0,29,3.274786
0.0,44,3.276812
0.0,5,3.277107
1.0,8,3.277541
0.0,13,3.278188
1.0,16,3.27898
0.0,13,3.279638
0.0,52,3.282031
0.0,27,3.283317
0.0,3,3.28352
0.0,21,3.284528
0.0,19,3.285452
0.0,11,3.28601
0.0,19,3.286929
0.0,14,3.287635
0.0,2,3.287795
0.0,3,3.287996
1.0,17,3.288836
0.0,9,3.28932
0.0,22,3.290382
0.0,53,3.292824
0.0,1,3.292937
0.0,3,3.293139
0.0,2,3.293311
0.0,34,3.294901
0.0,24,3.296052
0.0,10,3.296582
0.0,6,3.296923
0.0,2,3.297083
0.0,8,3.297518
0.0,20,3.298498
0.0,1,3.298614
0.0,11,3.29917
1.0,10,3.299696
1.0,17,3.300529
1.0,27,3.301814
0.0,22,3.302881
0.0,4,3.303132
0.0,31,3.304595
0.0,7,3.304977
0.0,10,3.305503
0.0,2,3.305664
0.0,18,3.306543
1.0,41,3.308456
1.0,16,3.309235
0.0,10,3.309758
0.0,17,3.310593
0.0,7,3.311038
0.0,26,3.3123
0.0,24,3.313449
0.0,5,3.313739
0.0,3,3.313942
0.0,25,3.315135
0.0,27,3.316417
0.0,6,3.316754
0.0,26,3.317991
0.0,8,3.318435
1.0,21,3.319454
0.0,26,3.320693
1.0,8,3.321117
0.0,17,3.321949
0.0,23,3.323055
1.0,47,3.325233
0.0,9,3.325708
0.0,4,3.325954
1.0,19,3.326875
0.0,1,3.326987
0.0,15,3.327736
0.0,1,3.327848
0.0,8,3.328291
0.0,25,3.329481
0.0,22,3.330538
0.0,2,3.3307
0.0,12,3.331316
1.0,44,3.333347
0.0,7,3.33373
0.0,13,3.334386
0.0,56,3.336951
0.0,5,3.337246
0.0,16,3.338032
0.0,5,3.338344
0.0,27,3.339625
0.0,17,3.340469
1.0,39,3.342284
0.0,44,3.344325
1.0,36,3.345996
1.0,36,3.347693
0.0,26,3.348938
0.0,12,3.349551
1.0,24,3.350695
1.0,17,3.351526
0.0,9,3.351998
0.0,23,3.353099
0.0,10,3.353629
0.0,1,3.353744
0.0,1,3.353857
0.0,7,3.354239
0.0,32,3.355737
0.0,11,3.356307
0.0,23,3.357412
0.0,63,3.360322
0.0,12,3.360928
0.0,28,3.362248
0.0,17,3.363083
0.0,46,3.365223
1.0,15,3.365974
1.0,37,3.367702
0.0,42,3.369659
1.0,10,3.370175
0.0,14,3.37088
0.0,3,3.371083
0.0,7,3.371474
0.0,3,3.371677
1.0,25,3.372866
0.0,12,3.373486
0.0,7,3.373871
0.0,1,3.373984
1.0,14,3.374686
0.0,12,3.375305
0.0,18,3.376181
0.0,1,3.376303
0.0,37,3.378027
0.0,14,3.378736
0.0,30,3.380141
0.0,12,3.380756
1.0,10,3.381279
0.0,13,3.381927
0.0,16,3.382719
0.0,7,3.383104
1.0,23,3.384201
0.0,1,3.384322
0.0,4,3.384574
1.0,44,3.386632
0.0,7,3.387017
0.0,32,3.38853
0.0,1,3.388644
0.0,4,3.388895
0.0,1,3.389007
0.0,8,3.389446
1.0,47,3.391623
0.0,46,3.393766
1.0,13,3.394429
1.0,10,3.394944
0.0,14,3.39565
1.0,13,3.39631
0.0,21,3.397317
0.0,2,3.397479
0.0,27,3.398762
0.0,5,3.399057
1.0,62,3.401902
1.0,57,3.404553
0.0,7,3.404933
0.0,2,3.405092
0.0,9,3.405576
0.0,8,3.406001
0.0,29,3.407377
0.0,4,3.407626
0.0,2,3.407785
0.0,40,3.409655
0.0,1,3.40977
0.0,60,3.412534
0.0,3,3.412739
0.0,25,3.413927
0.0,9,3.414414
0.0,37,3.416149
0.0,1,3.416272
0.0,3,3.416477
0.0,42,3.418425
0.0,31,3.419946
0.0,3,3.42015
0.0,9,3.420639
0.0,8,3.421067
1.0,17,3.421912
0.0,1,3.422026
0.0,4,3.422286
0.0,3,3.422491
1.0,24,3.423653
1.0,26,3.424885
0.0,2,3.425045
0.0,2,3.425204
0.0,5,3.425508
1.0,34,3.4271
0.0,8,3.427536
0.0,63,3.430439
1.0,29,3.431805
0.0,5,3.4321
1.0,14,3.432802
0.0,9,3.433284
0.0,2,3.433446
0.0,8,3.43387
0.0,13,3.43452
1.0,10,3.435034
1.0,12,3.435646
1.0,79,3.439259
0.0,2,3.439422
0.0,18,3.440301
1.0,9,3.440774
0.0,16,3.441559
1.0,13,3.442203
0.0,1,3.442324
0.0,20,3.44329
0.0,3,3.443493
0.0,7,3.44387
1.0,29,3.445227
0.0,49,3.447486
0.0,5,3.447782
0.0,8,3.448205
0.0,53,3.450655
0.0,3,3.450861
0.0,68,3.453962
0.0,26,3.455194
0.0,1,3.455317
0.0,2,3.455478
0.0,1,3.45559
1.0,24,3.456731
0.0,2,3.456892
0.0,38,3.458667
0.0,21,3.459678
0.0,7,3.460058
0.0,6,3.460404
0.0,7,3.460782
0.0,25,3.461963
1.0,22,3.463025
0.0,1,3.463139
1.0,13,3.463798
0.0,5,3.464092
0.0,9,3.464571
1.0,39,3.466386
0.0,2,3.466544
0.0,22,3.467598
0.0,20,3.468565
0.0,6,3.468904
0.0,21,3.469916
0.0,5,3.470211
0.0,3,3.470427
0.0,1,3.470539
0.0,17,3.471373
1.0,50,3.473675
0.0,16,3.474467
0.0,3,3.47467
0.0,1,3.474783
1.0,22,3.47583
0.0,2,3.47599
0.0,8,3.476428
0.0,11,3.476992
0.0,13,3.477651
0.0,11,3.47821
0.0,9,3.478694
0.0,3,3.478899
1.0,18,3.479776
1.0,61,3.482581
0.0,31,3.484029
0.0,29,3.485412
0.0,4,3.485663
1.0,35,3.487305
0.0,37,3.489029
0.0,14,3.48973
0.0,23,3.490828
1.0,19,3.491749
1.0,53,3.494175
1.0,31,3.495634
1.0,59,3.498332
0.0,6,3.498672
0.0,9,3.499144
0.0,29,3.500513
0.0,10,3.501026
0.0,9,3.501506
0.0,27,3.502786
0.0,31,3.504238
1.0,19,3.505161
0.0,32,3.506666
0.0,6,3.507004
1.0,31,3.508477
0.0,8,3.5089
0.0,39,3.510699
0.0,14,3.511401
0.0,44,3.513444
0.0,3,3.51365
0.0,34,3.515233
0.0,9,3.515711
0.0,8,3.516137
0.0,22,3.517184
0.0,24,3.51834
0.0,10,3.518853
0.0,16,3.519643
1.0,22,3.520704
0.0,26,3.522001
0.0,43,3.523997
0.0,37,3.52573
0.0,10,3.526248
0.0,5,3.526552
1.0,13,3.527194
0.0,42,3.529144
0.0,11,3.529711
0.0,6,3.530052
0.0,16,3.530846
1.0,17,3.531685
1.0,18,3.532564
1.0,36,3.534245
0.0,17,3.535086
0.0,16,3.535871
0.0,6,3.536211
0.0,5,3.53651
0.0,22,3.537565
0.0,7,3.537947
0.0,2,3.538106
0.0,4,3.53837
0.0,23,3.53947
0.0,16,3.54025
0.0,56,3.542835
0.0,19,3.543759
0.0,3,3.543962
0.0,7,3.544351
0.0,27,3.545623
0.0,7,3.546005
0.0,20,3.546972
0.0,6,3.547322
0.0,4,3.547571
1.0,26,3.548809
0.0,1,3.548922
0.0,3,3.549123
1.0,12,3.549737
0.0,32,3.551242
1.0,20,3.552212
1.0,28,3.553547
1.0,32,3.555045
1.0,23,3.55615
0.0,22,3.557207
0.0,38,3.558994
1.0,24,3.560139
0.0,8,3.560576
0.0,9,3.561042
1.0,18,3.561924
0.0,3,3.562127
0.0,7,3.562522
1.0,16,3.563313
0.0,27,3.564593
1.0,24,3.565733
1.0,17,3.566573
1.0,27,3.56786
1.0,17,3.568701
1.0,20,3.56967
0.0,30,3.571085
0.0,6,3.571437
0.0,12,3.572038
0.0,1,3.57215
0.0,6,3.572497
1.0,40,3.574373
0.0,7,3.574752
0.0,31,3.576213
0.0,1,3.576335
0.0,5,3.576631
1.0,40,3.578495
1.0,26,3.579731
0.0,19,3.580664
0.0,14,3.581362
0.0,12,3.581965
0.0,29,3.583345
0.0,17,3.584169
0.0,38,3.585938
0.0,18,3.58682
0.0,8,3.587247
0.0,3,3.587461
0.0,1,3.587572
0.0,28,3.588898
0.0,6,3.589238
0.0,4,3.589498
0.0,1,3.589608
0.0,36,3.591286
0.0,38,3.593048
1.0,26,3.594284
0.0,5,3.594578
0.0,9,3.595047
0.0,12,3.595662
0.0,12,3.596272
0.0,6,3.596612
0.0,10,3.597126
0.0,9,3.59761
0.0,34,3.599192
0.0,3,3.599406
1.0,25,3.600597
0.0,13,3.601245
0.0,74,3.604643
0.0,4,3.604893
0.0,2,3.60505
0.0,26,3.606294
0.0,8,3.606719
0.0,25,3.607906
0.0,24,3.609059
0.0,16,3.609848
0.0,29,3.611216
0.0,24,3.612367
0.0,11,3.612929
0.0,30,3.614346
0.0,3,3.614549
0.0,21,3.615561
1.0,9,3.616029
0.0,1,3.616141
1.0,28,3.617471
0.0,29,3.618856
1.0,36,3.620556
1.0,44,3.622594
1.0,31,3.624048
0.0,9,3.624526
0.0,4,3.624837
1.0,26,3.62608
0.0,27,3.627378
0.0,2,3.627538
0.0,1,3.627651
0.0,2,3.627808
0.0,100,3.6324
0.0,23,3.633511
0.0,1,3.633626
0.0,3,3.633834
0.0,9,3.634316
0.0,5,3.634614
1.0,29,3.635974
0.0,24,3.637116
0.0,15,3.637868
0.0,6,3.638208
0.0,1,3.638334
0.0,27,3.639638
0.0,3,3.639843
1.0,39,3.64166
0.0,7,3.642042
0.0,15,3.642787
0.0,7,3.643168
0.0,12,3.643785
0.0,2,3.643944
1.0,27,3.645218
0.0,27,3.646497
1.0,29,3.647857
0.0,23,3.648961
0.0,6,3.649314
0.0,37,3.651034
0.0,28,3.652377
0.0,43,3.654368
0.0,2,3.654528
0.0,2,3.654685
1.0,17,3.655511
0.0,4,3.655757
1.0,38,3.657524
0.0,1,3.657636
1.0,52,3.660045
0.0,31,3.661511
0.0,1,3.661624
0.0,4,3.661868
0.0,25,3.663055
0.0,15,3.663803
0.0,28,3.665124
1.0,22,3.666179
0.0,3,3.666395
0.0,6,3.66673
0.0,2,3.66689
0.0,11,3.66746
1.0,30,3.66888
0.0,5,3.669176
0.0,2,3.669347
0.0,3,3.66955
0.0,12,3.67015
1.0,20,3.671114
0.0,7,3.671505
1.0,16,3.672293
1.0,19,3.673202
1.0,37,3.674928
0.0,8,3.675366
0.0,12,3.675965
0.0,3,3.67617
0.0,36,3.67786
0.0,7,3.678242
0.0,6,3.6786
1.0,12,3.679198
1.0,22,3.680266
0.0,12,3.68087
1.0,20,3.681838
0.0,12,3.682451
1.0,38,3.684217
0.0,1,3.68434
1.0,23,3.68544
0.0,1,3.685552
0.0,18,3.68643
1.0,39,3.68824
0.0,22,3.689312
0.0,1,3.689426
0.0,20,3.690391
0.0,4,3.69064
0.0,14,3.691339
0.0,29,3.692705
0.0,64,3.695641
0.0,8,3.69607
0.0,28,3.697401
0.0,4,3.697652
0.0,57,3.700278
0.0,4,3.700526
0.0,12,3.701126
0.0,1,3.701237
0.0,25,3.702433
0.0,2,3.702591
0.0,2,3.702749
0.0,5,3.703043
0.0,22,3.704104
0.0,29,3.705484
0.0,2,3.705644
0.0,6,3.705983
0.0,14,3.706682
0.0,13,3.707342
0.0,7,3.707727
0.0,6,3.708064
1.0,20,3.709033
0.0,15,3.709782
1.0,26,3.711014
0.0,13,3.711674
0.0,10,3.712189
0.0,18,3.713067
0.0,4,3.713325
0.0,22,3.714375
0.0,17,3.715197
0.0,12,3.715805
0.0,3,3.716007
0.0,33,3.717562
0.0,15,3.718309
0.0,49,3.720567
0.0,12,3.721168
0.0,4,3.721429
0.0,10,3.721947
0.0,14,3.722647
0.0,7,3.723028
0.0,3,3.72323
0.0,6,3.723577
0.0,36,3.725259
0.0,7,3.725703
0.0,15,3.726456
0.0,2,3.726615
1.0,12,3.727219
0.0,55,3.729755
1.0,16,3.730544
1.0,23,3.731639
0.0,2,3.731797
0.0,56,3.734362
1.0,22,3.735415
1.0,14,3.736106
0.0,3,3.73632
0.0,10,3.736835
0.0,10,3.737362
0.0,6,3.737703
0.0,22,3.738767
1.0,35,3.740404
0.0,3,3.740612
0.0,2,3.740768
0.0,30,3.742171
0.0,30,3.743597
0.0,15,3.744344
0.0,12,3.744949
0.0,7,3.74534
0.0,1,3.745452
0.0,59,3.748144
0.0,12,3.748767
1.0,32,3.750271
0.0,4,3.750522
0.0,7,3.750905
0.0,23,3.75201
0.0,17,3.752846
0.0,14,3.753546
0.0,34,3.755123
0.0,6,3.755469
0.0,17,3.7563
0.0,8,3.756727
0.0,1,3.756839
1.0,30,3.758244
0.0,43,3.760242
0.0,12,3.760853
0.0,1,3.760966
1.0,21,3.761973
0.0,36,3.763667
1.0,39,3.765479
0.0,85,3.769359
0.0,22,3.770412
0.0,9,3.77088
0.0,1,3.770993
1.0,21,3.772003
0.0,4,3.772264
0.0,17,3.773088
1.0,17,3.773925
1.0,13,3.77458
0.0,21,3.775599
0.0,34,3.777183
0.0,1,3.777306
0.0,20,3.778275
0.0,7,3.778658
0.0,32,3.780167
0.0,9,3.780649
1.0,12,3.781261
1.0,16,3.782048
0.0,5,3.782355
0.0,4,3.782601
1.0,47,3.784776
1.0,26,3.786007
0.0,1,3.786121
0.0,24,3.787272
0.0,3,3.787476
0.0,14,3.788166
1.0,23,3.789277
1.0,26,3.790513
0.0,6,3.790851
0.0,7,3.791228
1.0,18,3.792106
0.0,20,3.793073
0.0,5,3.79338
1.0,37,3.795098
0.0,7,3.795493
0.0,4,3.79574
1.0,16,3.79653
1.0,35,3.798165
0.0,20,3.79914
0.0,7,3.799534
0.0,1,3.799646
0.0,9,3.800119
0.0,3,3.800333
0.0,3,3.800539
0.0,9,3.801012
0.0,10,3.801543
1.0,48,3.803751
0.0,9,3.804222
1.0,16,3.805012
0.0,51,3.807361
0.0,6,3.807699
1.0,22,3.808755
0.0,1,3.808869
0.0,14,3.809573
0.0,5,3.809867
0.0,29,3.811233
0.0,5,3.811535
0.0,28,3.812846
0.0,18,3.813719
0.0,1,3.813833
0.0,11,3.814401
0.0,49,3.81666
0.0,10,3.817178
1.0,12,3.817793
0.0,24,3.818934
0.0,7,3.819324
0.0,15,3.820057
0.0,7,3.820446
0.0,8,3.820871
1.0,20,3.821834
0.0,23,3.822937
1.0,21,3.82394
1.0,11,3.824507
0.0,12,3.825127
0.0,10,3.825656
1.0,16,3.826514
0.0,19,3.827439
0.0,6,3.827778
1.0,39,3.829595
0.0,5,3.82989
0.0,14,3.830593
0.0,23,3.831703
0.0,11,3.832273
0.0,22,3.83333
0.0,10,3.833849
1.0,33,3.8354
1.0,40,3.83725
1.0,37,3.838991
1.0,60,3.841753
0.0,28,3.843086
0.0,32,3.844603
0.0,7,3.844988
0.0,2,3.845148
0.0,1,3.845269
0.0,8,3.845697
0.0,23,3.846801
0.0,15,3.84755
1.0,21,3.848566
0.0,18,3.849451
0.0,9,3.84992
0.0,57,3.85255
0.0,9,3.853018
0.0,8,3.853458
0.0,17,3.854295
1.0,25,3.855487
1.0,27,3.856768
0.0,50,3.85909
0.0,11,3.85966
0.0,3,3.859863
1.0,13,3.860523
0.0,63,3.86341
0.0,1,3.863523
0.0,5,3.863817
1.0,16,3.864599
0.0,8,3.865024
1.0,34,3.86661
1.0,32,3.868106
0.0,10,3.868638
0.0,5,3.868932
1.0,13,3.869589
0.0,3,3.869794
0.0,6,3.870131
0.0,59,3.872844
0.0,58,3.875515
0.0,6,3.875854
0.0,1,3.875965
1.0,22,3.877024
0.0,17,3.877861
0.0,59,3.880572
0.0,25,3.881762
0.0,12,3.882372
0.0,2,3.882531
0.0,9,3.882997
0.0,22,3.884049
0.0,37,3.885767
1.0,12,3.886382
0.0,15,3.887121
0.0,32,3.888641
1.0,33,3.890172
0.0,20,3.891143
0.0,36,3.892823
0.0,4,3.89307
0.0,6,3.893419
0.0,32,3.894908
1.0,40,3.89677
1.0,17,3.897607
0.0,15,3.898361
0.0,10,3.898872
0.0,24,3.900024
0.0,24,3.901169
0.0,10,3.901696
0.0,27,3.902976
0.0,3,3.903184
0.0,9,3.903663
0.0,16,3.904458
0.0,3,3.904661
0.0,11,3.905218
1.0,24,3.906365
1.0,26,3.907604
0.0,31,3.909063
0.0,28,3.910396
0.0,17,3.911216
1.0,25,3.912402
0.0,33,3.913942
0.0,22,3.914997
0.0,19,3.915912
0.0,26,3.917143
0.0,6,3.917494
0.0,1,3.917608
0.0,5,3.917902
1.0,9,3.918385
0.0,17,3.91921
0.0,20,3.920176
0.0,5,3.920482
0.0,5,3.920774
0.0,61,3.923559
0.0,1,3.923677
0.0,20,3.924642
0.0,9,3.925106
0.0,37,3.926825
0.0,6,3.927163
0.0,4,3.92742
0.0,14,3.928107
0.0,19,3.929032
0.0,3,3.929238
0.0,22,3.9303
0.0,2,3.930461
0.0,26,3.931688
1.0,13,3.932344
0.0,2,3.932503
0.0,7,3.932879
0.0,3,3.93308
0.0,16,3.933865
1.0,15,3.93461
1.0,14,3.935313
0.0,71,3.93862
0.0,49,3.940873
0.0,7,3.941266
0.0,12,3.941867
0.0,13,3.942523
0.0,3,3.942728
0.0,26,3.943959
0.0,2,3.944118
0.0,15,3.944863
1.0,23,3.945961
0.0,7,3.946355
0.0,15,3.947091
0.0,3,3.947305
0.0,7,3.947684
0.0,14,3.948396
1.0,7,3.948778
0.0,5,3.949069
0.0,25,3.950262
1.0,20,3.951222
1.0,16,3.952007
0.0,6,3.952357
0.0,38,3.954129
0.0,9,3.954609
1.0,15,3.955353
0.0,2,3.955512
0.0,31,3.956956
0.0,17,3.95779
0.0,3,3.957993
0.0,22,3.959053
0.0,3,3.959269
0.0,10,3.95978
0.0,9,3.960261
0.0,2,3.960421
0.0,56,3.962992
0.0,3,3.963197
0.0,6,3.963544
0.0,4,3.963792
1.0,15,3.964539
1.0,30,3.965936
1.0,20,3.966905
1.0,11,3.967477
0.0,40,3.969351
0.0,18,3.970233
1.0,8,3.97067
0.0,1,3.970782
0.0,7,3.971162
0.0,10,3.971686
0.0,11,3.972246
1.0,11,3.972812
1.0,19,3.973734
1.0,6,3.974068
1.0,10,3.974591
0.0,4,3.974838
0.0,18,3.975722
0.0,5,3.976018
0.0,1,3.976131
0.0,13,3.976787
0.0,45,3.978877
0.0,11,3.97945
0.0,1,3.979566
1.0,25,3.980762
0.0,8,3.981189
0.0,1,3.98131
0.0,28,3.982628
0.0,33,3.984169
0.0,9,3.984648
1.0,35,3.986292
0.0,2,3.986454
0.0,19,3.987372
1.0,61,3.99017
1.0,22,3.991224
0.0,12,3.991829
0.0,19,3.992749
0.0,2,3.992908
0.0,16,3.993699
0.0,9,3.994164
0.0,5,3.994466
0.0,1,3.99458
0.0,26,3.995818
0.0,26,3.997053
0.0,9,3.997538
0.0,1,3.997652
0.0,6,3.997985
1.0,28,3.999322
0.0,1,3.999436
0.0,32,4.000924
1.0,9,4.001407
1.0,29,4.002769
0.0,10,4.003294
0.0,3,4.003502
0.0,8,4.003923
1.0,36,4.005604
0.0,1,4.005718
0.0,1,4.00583
0.0,4,4.006075
1.0,56,4.008657
0.0,9,4.009126
0.0,1,4.009239
0.0,5,4.009541
0.0,23,4.01064
1.0,38,4.012403
1.0,18,4.013288
1.0,13,4.013935
0.0,5,4.014224
0.0,2,4.01439
1.0,31,4.015842
0.0,9,4.016324
0.0,23,4.017418
0.0,28,4.018738
0.0,4,4.01899
0.0,26,4.020218
0.0,16,4.021008
0.0,3,4.021212
0.0,5,4.021509
0.0,39,4.023324
0.0,12,4.023924
0.0,1,4.024037
1.0,8,4.024474
0.0,2,4.024636
0.0,51,4.026987
0.0,3,4.027191
0.0,4,4.027446
0.0,25,4.028638
0.0,51,4.030979
0.0,7,4.031374
0.0,18,4.032235
1.0,10,4.03276
0.0,4,4.033023
0.0,30,4.034438
0.0,8,4.034868
0.0,2,4.035029
0.0,19,4.035954
0.0,24,4.037162
0.0,11,4.037737
0.0,13,4.038401
0.0,31,4.039855
0.0,1,4.039968
0.0,11,4.040543
0.0,27,4.041824
0.0,3,4.04203
1.0,9,4.042511
0.0,7,4.042892
1.0,16,4.043689
1.0,25,4.044869
0.0,31,4.046337
0.0,2,4.046499
0.0,26,4.04773
0.0,19,4.048666
0.0,9,4.049134
0.0,14,4.04983
0.0,2,4.049988
0.0,4,4.050237
0.0,9,4.050718
1.0,43,4.052713
0.0,14,4.053416
1.0,10,4.053933
0.0,2,4.054091
1.0,9,4.054569
0.0,6,4.054912
0.0,13,4.05557
0.0,5,4.055864
0.0,10,4.056394
0.0,5,4.056692
0.0,11,4.057249
0.0,3,4.057463
0.0,12,4.05807
0.0,9,4.05856
0.0,39,4.060388
0.0,1,4.060502
0.0,4,4.060752
1.0,11,4.061325
0.0,15,4.062071
1.0,18,4.062958
0.0,1,4.06307
0.0,14,4.063773
0.0,11,4.064349
0.0,25,4.065544
0.0,15,4.066288
0.0,7,4.066671
0.0,3,4.066873
1.0,31,4.068346
0.0,30,4.069772
0.0,6,4.070108
0.0,23,4.071205
0.0,15,4.071948
1.0,19,4.072868
0.0,6,4.07321
0.0,35,4.074848
1.0,13,4.075505
0.0,22,4.076553
0.0,13,4.077193
0.0,5,4.077497
1.0,12,4.078097
0.0,14,4.078805
0.0,12,4.07942
1.0,48,4.08164
1.0,11,4.082199
0.0,13,4.082855
1.0,18,4.083731
0.0,35,4.085377
1.0,21,4.086388
1.0,30,4.087789
1.0,12,4.088411
0.0,5,4.088705
0.0,13,4.089365
0.0,10,4.089878
0.0,11,4.090444
0.0,15,4.091181
0.0,15,4.091928
0.0,18,4.092807
0.0,7,4.09319
0.0,15,4.093931
0.0,11,4.094497
0.0,8,4.094925
0.0,29,4.096306
0.0,13,4.09695
0.0,35,4.098595
0.0,33,4.100132
0.0,13,4.100789
0.0,16,4.101578
1.0,30,4.102991
0.0,39,4.104806
0.0,5,4.105102
1.0,25,4.106294
1.0,67,4.109364
0.0,2,4.109525
0.0,21,4.110526
0.0,5,4.110824
0.0,14,4.111518
0.0,6,4.111852
1.0,37,4.113571
0.0,27,4.114844
1.0,27,4.116118
0.0,86,4.120027
0.0,14,4.120726
0.0,28,4.122047
0.0,19,4.122959
0.0,48,4.125169
0.0,14,4.125871
1.0,42,4.127817
1.0,29,4.129179
0.0,42,4.13112
0.0,15,4.131863
0.0,35,4.133498
0.0,5,4.133793
1.0,12,4.134407
0.0,1,4.134521
0.0,7,4.134902
0.0,6,4.135238
0.0,3,4.135451
0.0,20,4.136417
0.0,35,4.138047
0.0,17,4.138887
1.0,11,4.139518
1.0,21,4.140525
0.0,18,4.141407
0.0,1,4.141521
1.0,38,4.143285
0.0,5,4.14358
0.0,17,4.144417
1.0,31,4.145877
0.0,2,4.146038
0.0,1,4.146149
0.0,8,4.146584
1.0,29,4.147944
0.0,49,4.150219
0.0,5,4.15052
0.0,11,4.151078
1.0,19,4.152003
0.0,25,4.153195
0.0,8,4.153632
0.0,13,4.15429
0.0,12,4.154893
0.0,16,4.155687
0.0,12,4.156305
0.0,25,4.157495
1.0,25,4.158688
1.0,31,4.160134
0.0,1,4.160248
0.0,8,4.160686
0.0,4,4.160934
0.0,3,4.161137
1.0,63,4.164014
1.0,13,4.164677
0.0,1,4.164791
1.0,34,4.166392
0.0,6,4.166729
0.0,11,4.1673
1.0,16,4.16808
0.0,3,4.168299
1.0,24,4.16944
1.0,19,4.170359
0.0,9,4.170825
0.0,47,4.173005
0.0,8,4.173444
0.0,18,4.174323
0.0,14,4.175014
0.0,36,4.176697
0.0,27,4.177971
0.0,1,4.178084
0.0,25,4.179297
0.0,41,4.181202
0.0,9,4.181681
0.0,2,4.181842
0.0,15,4.182592
0.0,4,4.182839
0.0,12,4.183455
0.0,2,4.183616
0.0,3,4.183817
0.0,22,4.184871
0.0,8,4.185311
0.0,19,4.186218
0.0,28,4.187546
0.0,50,4.189846
0.0,16,4.190643
1.0,40,4.192503
0.0,5,4.192797
0.0,14,4.193502
1.0,21,4.194515
1.0,22,4.195567
0.0,8,4.195992
1.0,27,4.19728
1.0,13,4.197927
0.0,8,4.198374
0.0,17,4.199198
0.0,29,4.200578
0.0,3,4.200784
0.0,9,4.201262
0.0,100,4.205794
1.0,15,4.206542
0.0,11,4.207104
0.0,11,4.207676
0.0,3,4.207879
0.0,11,4.208454
0.0,34,4.210044
0.0,35,4.211679
0.0,5,4.211975
0.0,15,4.212723
0.0,1,4.212836
0.0,4,4.213082
0.0,42,4.215026
1.0,15,4.21577
0.0,7,4.216152
0.0,4,4.216409
0.0,12,4.217013
0.0,19,4.217935
0.0,20,4.218909
0.0,13,4.219571
0.0,7,4.219953
1.0,18,4.220851
0.0,6,4.221187
0.0,35,4.222831
0.0,10,4.223356
0.0,13,4.224004
0.0,63,4.226894
0.0,23,4.227999
0.0,4,4.228248
0.0,23,4.229368
0.0,29,4.230729
0.0,33,4.232283
0.0,1,4.232396
0.0,1,4.232507
0.0,30,4.233916
0.0,8,4.234353
0.0,7,4.234735
0.0,21,4.235746
0.0,6,4.236082
0.0,24,4.237227
1.0,12,4.237839
0.0,3,4.238042
1.0,29,4.239416
0.0,13,4.240067
0.0,1,4.240179
0.0,19,4.241163
1.0,18,4.242058
0.0,3,4.242275
0.0,13,4.242921
0.0,21,4.24394
1.0,35,4.245579
0.0,4,4.245826
0.0,31,4.247294
0.0,14,4.247987
1.0,32,4.249497
0.0,1,4.249609
1.0,27,4.250886
1.0,30,4.252302
0.0,19,4.25321
0.0,2,4.253379
0.0,1,4.253492
0.0,21,4.2545
1.0,20,4.255465
0.0,22,4.256521
1.0,38,4.258297
0.0,14,4.258987
1.0,18,4.259863
0.0,6,4.260196
1.0,33,4.261745
0.0,1,4.261858
0.0,7,4.262238
1.0,27,4.263516
0.0,1,4.26363
0.0,17,4.264457
0.0,26,4.265685
1.0,30,4.26709
0.0,12,4.267701
0.0,12,4.268316
0.0,13,4.268962
0.0,26,4.270184
0.0,7,4.270577
1.0,40,4.272432
1.0,26,4.273663
0.0,3,4.273868
0.0,4,4.274116
0.0,2,4.274284
0.0,7,4.274666
1.0,22,4.275718
1.0,17,4.276547
0.0,7,4.300946
0.0,39,4.33979
1.0,57,4.39874
1.0,32,4.431816
0.0,11,4.442894
1.0,11,4.454602
1.0,11,4.465832
0.0,18,4.484344
0.0,9,4.493945
1.0,18,4.51264
0.0,30,4.543821
0.0,1,4.544774
0.0,2,4.547234
1.0,42,4.778967
1.0,52,4.829963
1.0,20,4.850716
0.0,7,4.857951
0.0,34,4.892701
0.0,18,4.910982
0.0,36,4.947447
0.0,5,4.952506
0.0,5,4.957709
0.0,31,4.989417
0.0,21,5.011714
0.0,38,5.050697
0.0,2,5.053112
0.0,20,5.074084
0.0,14,5.088755
0.0,11,5.100734
0.0,7,5.108097
0.0,44,5.153815
0.0,10,5.164536
0.0,23,5.188526
0.0,13,5.202322
1.0,12,5.214736
0.0,13,5.229777
1.0,15,5.245885
0.0,3,5.249739
1.0,45,5.305808
1.0,16,5.326092
1.0,13,5.341931
0.0,4,5.346591
1.0,19,5.368765
1.0,29,5.403318
1.0,32,5.442946
0.0,53,5.509119
0.0,4,5.513768
0.0,29,5.547593
1.0,17,5.568977
0.0,18,5.591046
1.0,12,5.606101
0.0,2,5.608675
0.0,1,5.609993
1.0,37,5.657107
0.0,9,5.667767
1.0,39,5.714243
1.0,22,5.740378
0.0,8,5.750659
0.0,4,5.755487
0.0,15,5.772989
0.0,2,5.775582
0.0,2,5.778151
1.0,13,5.79464
1.0,8,5.803334
0.0,5,5.808303
0.0,18,5.82763
0.0,6,5.83411
0.0,1,5.835357
0.0,4,5.839982
0.0,12,5.852909
0.0,44,5.899889
0.0,7,5.9077
0.0,46,5.957282
0.0,1,5.95849
0.0,4,5.962621
0.0,15,5.978618
0.0,36,6.031645
1.0,37,6.088346
1.0,26,6.12463
1.0,18,6.143818
0.0,6,6.15056
0.0,4,6.154691
1.0,67,6.22311
1.0,20,6.243394
1.0,18,6.26142
1.0,22,6.283201
0.0,8,6.291137
0.0,3,6.294142
0.0,17,6.311336
0.0,48,6.35899
1.0,9,6.368112
1.0,45,6.41418
0.0,19,6.433503
0.0,26,6.460361
0.0,2,6.462569
0.0,4,6.466763
0.0,1,6.467854
0.0,18,6.486962
0.0,69,6.558463
1.0,22,6.582611
0.0,11,6.595667
1.0,20,6.619268
0.0,9,6.67548
0.0,23,6.786681
0.0,28,6.821877
0.0,3,6.824976
1.0,15,6.840852
1.0,15,6.856459
0.0,31,6.889044
1.0,17,6.906525
0.0,7,6.914038
0.0,3,6.917021
1.0,34,6.952306
0.0,2,6.954447
1.0,22,6.976643
0.0,6,6.983197
0.0,68,7.053538
0.0,3,7.056788
0.0,8,7.065217
0.0,18,7.083561
1.0,28,7.11267
0.0,22,7.136814
1.0,13,7.150863
0.0,42,7.195374
0.0,31,7.22783
1.0,12,7.240437
0.0,32,7.273377
0.0,8,7.282012
0.0,12,7.294198
0.0,4,7.298585
1.0,25,7.32436
1.0,23,7.348861
0.0,16,7.365283
0.0,18,7.384312
0.0,6,7.390777
1.0,17,7.408404
1.0,26,7.435835
0.0,12,7.448497
0.0,25,7.474211
0.0,8,7.482461
0.0,2,7.484576
0.0,1,7.485583
0.0,60,7.548056
1.0,41,7.591322
0.0,10,7.601459
1.0,17,7.619414
1.0,35,7.656181
0.0,37,7.694798
0.0,2,7.696904
1.0,12,7.709368
0.0,1,7.710483
1.0,35,7.747503
1.0,33,7.782158
0.0,13,7.795834
0.0,22,7.819023
0.0,7,7.826525
0.0,2,7.828676
1.0,28,7.858166
0.0,1,7.859345
0.0,6,7.865566
0.0,11,7.877346
1.0,30,7.908643
0.0,1,7.910003
1.0,31,7.942235
0.0,13,7.955613
0.0,41,7.998415
0.0,21,8.02023
0.0,14,8.034939
0.0,4,8.03914
0.0,4,8.043525
0.0,9,8.053231
0.0,15,8.069288
1.0,17,8.086986
0.0,2,8.089151
0.0,14,8.103731
1.0,30,8.135357
0.0,43,8.180203
0.0,2,8.182606
0.0,10,8.193349
0.0,9,8.202693
0.0,19,8.22272
0.0,6,8.228967
1.0,24,8.254122
0.0,1,8.255497
0.0,7,8.26313
1.0,47,8.312697
0.0,6,8.31895
0.0,32,8.352445
1.0,33,8.386978
0.0,8,8.395372
0.0,17,8.413186
0.0,2,8.415511
1.0,30,8.447015
1.0,13,8.460984
0.0,26,8.488535
0.0,4,8.492799
0.0,7,8.500056
0.0,6,8.506605
0.0,4,8.510777
1.0,29,8.540825
0.0,6,8.547607
0.0,4,8.551908
0.0,18,8.570534
0.0,35,8.607301
1.0,16,8.624215
1.0,54,8.690792
0.0,16,8.712933
0.0,6,8.721805
1.0,10,8.735624
0.0,8,8.747686
1.0,9,8.760945
0.0,9,8.772543
0.0,12,8.791572
1.0,16,8.815482
1.0,38,8.865592
0.0,22,8.887967
0.0,14,8.901974
0.0,68,8.97257
0.0,2,8.974804
0.0,4,8.979429
0.0,4,8.98346
0.0,6,8.989739
0.0,32,9.02316
1.0,47,9.07215
1.0,26,9.100123
0.0,3,9.10345
1.0,36,9.141008
0.0,7,9.148474
1.0,39,9.188568
1.0,26,9.215287
0.0,11,9.227249
0.0,19,9.247145
1.0,20,9.268081
1.0,7,9.275724
1.0,26,9.303167
1.0,24,9.328127
1.0,24,9.353032
1.0,16,9.370118
0.0,17,9.387703
0.0,9,9.3973
1.0,17,9.415487
0.0,18,9.434317
0.0,22,9.457485
0.0,3,9.460665
1.0,17,9.478671
0.0,3,9.481817
0.0,31,9.514794
0.0,4,9.519191
0.0,5,9.524546
1.0,8,9.532645
1.0,49,9.583685
0.0,15,9.599674
1.0,11,9.61131
0.0,13,9.624677
0.0,24,9.649913
0.0,56,9.708205
0.0,21,9.73004
0.0,5,9.735712
0.0,17,9.753717
0.0,7,9.761101
0.0,8,9.769528
0.0,1,9.7707
0.0,46,9.818911
0.0,57,9.877932
0.0,41,9.920903
0.0,2,9.922971
0.0,1,9.924158
0.0,5,9.929657
0.0,31,9.962367
1.0,17,9.980567
0.0,25,10.00668
0.0,8,10.015282
0.0,25,10.041546
1.0,12,10.054199
1.0,35,10.090933
0.0,9,10.100724
1.0,30,10.132234
1.0,16,10.148682
1.0,24,10.174207
0.0,15,10.190031
0.0,50,10.241646
0.0,11,10.253332
0.0,4,10.257666
1.0,27,10.285503
0.0,6,10.292354
1.0,31,10.324693
0.0,1,10.325851
0.0,6,10.332515
1.0,33,10.366748
0.0,3,10.370202
0.0,23,10.393753
1.0,59,10.455461
1.0,17,10.473016
0.0,15,10.48898
0.0,2,10.491108
0.0,39,10.531799
1.0,42,10.57591
0.0,26,10.602622
0.0,15,10.618768
0.0,14,10.63306
1.0,53,10.688678
0.0,58,10.76768
0.0,23,10.800798
0.0,17,10.824697
0.0,4,10.828156
0.0,18,10.854647
1.0,11,10.872974
1.0,31,10.91399
0.0,33,10.948183
0.0,45,10.993714
1.0,6,10.999839
0.0,40,11.040626
0.0,6,11.047043
1.0,22,11.070189
0.0,20,11.090984
1.0,23,11.115104
1.0,15,11.131322
0.0,2,11.13345
0.0,29,11.164413
0.0,15,11.181023
0.0,21,11.203104
1.0,19,11.223107
0.0,17,11.240779
0.0,2,11.24297
0.0,44,11.289393
1.0,13,11.302899
0.0,33,11.338077
0.0,12,11.350701
1.0,31,11.383971
0.0,44,11.430573
0.0,14,11.44521
1.0,21,11.466692
0.0,2,11.468801
1.0,16,11.485574
0.0,10,11.496755
0.0,6,11.503245
1.0,9,11.512182
0.0,1,11.513139
0.0,15,11.529021
0.0,7,11.536477
0.0,8,11.544782
0.0,9,11.554346
0.0,22,11.577559
0.0,5,11.582649
0.0,3,11.585944
0.0,1,11.586945
1.0,18,11.605741
0.0,2,11.607846
0.0,17,11.626118
0.0,1,11.627152
1.0,25,11.653483
1.0,12,11.666199
0.0,21,11.688608
1.0,23,11.712605
0.0,12,11.725283
0.0,20,11.746419
0.0,3,11.749614
0.0,23,11.772934
0.0,4,11.777047
0.0,8,11.785328
0.0,1,11.786272
1.0,15,11.802345
0.0,2,11.804344
0.0,14,11.819291
1.0,24,11.844242
0.0,43,11.88917
0.0,20,11.910769
0.0,32,11.944496
0.0,47,11.993375
0.0,7,12.000655
0.0,4,12.004818
1.0,60,12.069394
0.0,4,12.073825
0.0,17,12.092475
0.0,4,12.096646
0.0,9,12.106636
0.0,33,12.140896
1.0,19,12.160743
1.0,14,12.175486
0.0,15,12.191651
1.0,43,12.236431
0.0,26,12.26415
0.0,11,12.275677
0.0,48,12.326314
0.0,21,12.348181
1.0,22,12.371524
0.0,13,12.385572
1.0,11,12.397121
0.0,1,12.398216
0.0,4,12.402511
0.0,18,12.421638
0.0,42,12.465159
1.0,18,12.483856
1.0,21,12.505857
0.0,5,12.511426
0.0,4,12.515545
1.0,10,12.526042
0.0,20,12.546772
0.0,3,12.549685
1.0,31,12.582167
1.0,17,12.600507
0.0,2,12.602624
1.0,25,12.629292
0.0,12,12.641931
1.0,53,12.69794
0.0,8,12.70662
0.0,2,12.708712
0.0,20,12.729352
0.0,3,12.732394
1.0,16,12.748703
0.0,2,12.750974
0.0,18,12.778765
1.0,35,12.826674
0.0,24,12.861423
1.0,15,12.884561
1.0,55,12.954902
0.0,5,12.960567
0.0,1,12.961565
1.0,23,12.986202
0.0,13,13.000443
1.0,11,13.012227
0.0,58,13.072647
0.0,12,13.085458
0.0,10,13.095793
1.0,21,13.117748
0.0,18,13.136718
0.0,13,13.15042
1.0,48,13.20075
0.0,5,13.205888
0.0,2,13.207921
0.0,35,13.244547
0.0,33,13.278432
0.0,3,13.282318
0.0,63,13.346425
0.0,9,13.356129
0.0,1,13.357371
0.0,15,13.37259
0.0,2,13.374718
0.0,16,13.391737
0.0,16,13.408508
0.0,4,13.412672
0.0,32,13.446387
0.0,15,13.461875
0.0,3,13.465209
0.0,2,13.467306
0.0,4,13.471479
0.0,53,13.526776
0.0,9,13.536536
1.0,17,13.553971
0.0,26,13.581963
1.0,16,13.598549
0.0,39,13.639138
0.0,17,13.656448
0.0,25,13.68275
0.0,6,13.689233
1.0,38,13.728902
0.0,7,13.736457
1.0,14,13.751391
1.0,9,13.760972
1.0,13,13.774652
0.0,2,13.776877
1.0,32,13.811198
0.0,1,13.812366
0.0,62,13.878195
0.0,15,13.893987
0.0,18,13.913189
0.0,40,13.956235
0.0,18,13.975454
0.0,21,13.997015
0.0,23,14.020516
1.0,12,14.032961
0.0,15,14.049096
0.0,14,14.063799
0.0,4,14.068015
0.0,13,14.081698
1.0,44,14.128109
1.0,12,14.140582
1.0,24,14.165951
0.0,11,14.177469
0.0,17,14.195339
0.0,25,14.221754
0.0,1,14.22296
1.0,62,14.287979
1.0,9,14.297819
0.0,23,14.321796
0.0,97,14.422538
1.0,51,14.47589
1.0,46,14.547547
1.0,27,14.591348
0.0,34,14.643429
1.0,27,14.684644
0.0,4,14.690882
1.0,16,14.715432
0.0,25,14.753698
1.0,18,14.772805
0.0,3,14.776037
0.0,5,14.781717
0.0,3,14.78515
0.0,65,15.012835
1.0,26,15.040503
0.0,51,15.092503
0.0,1,15.093645
0.0,32,15.126168
1.0,18,15.144994
0.0,12,15.157401
0.0,27,15.189623
0.0,22,15.21271
0.0,14,15.226897
0.0,7,15.234396
1.0,28,15.2635
1.0,9,15.27266
0.0,1,15.273718
0.0,27,15.301722
0.0,27,15.329644
0.0,20,15.349939
0.0,17,15.367496
1.0,32,15.401494
0.0,34,15.436466
1.0,24,15.460961
1.0,33,15.49654
0.0,2,15.498708
0.0,8,15.507052
1.0,22,15.529774
0.0,3,15.533053
1.0,28,15.56264
1.0,41,15.605816
0.0,41,15.648845
0.0,3,15.652108
0.0,2,15.654455
0.0,2,15.656521
0.0,4,15.660641
0.0,12,15.673343
1.0,14,15.688354
1.0,62,15.753302
0.0,4,15.757599
0.0,6,15.764061
0.0,11,15.775721
0.0,7,15.783123
0.0,3,15.786708
0.0,1,15.787809
0.0,25,15.814304
1.0,20,15.835432
0.0,8,15.843809
0.0,1,15.844922
0.0,20,15.865607
0.0,28,15.895103
0.0,6,15.901676
0.0,8,15.910233
0.0,16,15.926913
0.0,11,15.938528
0.0,8,15.94684
0.0,5,15.952264
0.0,11,15.963962
0.0,9,15.973719
0.0,1,15.974718
0.0,43,16.020082
0.0,6,16.02665
1.0,32,16.060171
0.0,15,16.075869
1.0,20,16.096574
0.0,38,16.136662
0.0,24,16.161741
0.0,47,16.210504
0.0,2,16.212931
0.0,3,16.216333
0.0,15,16.232696
0.0,20,16.253318
0.0,10,16.263869
0.0,10,16.274471
0.0,24,16.299566
0.0,5,16.305097
1.0,36,16.343393
1.0,25,16.370879
0.0,31,16.408054
0.0,9,16.419611
0.0,16,16.439712
0.0,6,16.447498
0.0,3,16.45139
1.0,25,16.481887
0.0,5,16.48832
0.0,26,16.520513
1.0,17,16.542386
0.0,27,16.571805
1.0,33,16.606741
0.0,3,16.60988
0.0,3,16.612648
0.0,3,16.616065
0.0,3,16.619295
0.0,39,16.659534
0.0,5,16.664968
0.0,14,16.679523
1.0,11,16.689962
0.0,2,16.692162
0.0,17,16.708907
1.0,34,16.744907
0.0,14,16.759175
1.0,20,16.778616
0.0,3,16.781895
0.0,14,16.795837
0.0,2,16.797502
1.0,42,16.905713
0.0,2,17.032471
0.0,35,17.069396
0.0,3,17.073261
0.0,16,17.093565
0.0,8,17.102941
1.0,16,17.121604
1.0,11,17.135272
0.0,3,17.138938
0.0,8,17.149259
1.0,10,17.161843
0.0,19,17.185752
1.0,13,17.201205
0.0,2,17.203537
0.0,6,17.211286
0.0,39,17.259336
0.0,3,17.263007
1.0,65,17.341457
0.0,18,17.364492
1.0,23,17.391601
0.0,32,17.431848
0.0,5,17.437796
0.0,5,17.444007
1.0,24,17.473794
0.0,3,17.477674
0.0,24,17.507967
0.0,27,17.540271
0.0,8,17.550576
1.0,14,17.566951
0.0,12,17.58096
0.0,2,17.583296
0.0,19,17.605685
0.0,25,17.636032
0.0,8,17.645531
0.0,10,17.657308
0.0,5,17.663766
1.0,8,17.674086
0.0,35,17.716862
0.0,3,17.720358
1.0,19,17.743432
0.0,4,17.748349
0.0,3,17.751864
0.0,36,17.795759
0.0,5,17.801896
0.0,7,17.810169
0.0,4,17.815354
0.0,7,17.824002
0.0,23,17.848868
1.0,73,17.924647
0.0,16,17.941453
0.0,55,17.996739
0.0,10,18.007084
1.0,24,18.032107
0.0,30,18.062166
0.0,8,18.070414
0.0,14,18.084796
0.0,21,18.106104
1.0,23,18.129595
0.0,12,18.141805
0.0,8,18.150392
1.0,28,18.179689
0.0,46,18.228324
1.0,17,18.24648
1.0,37,18.285272
0.0,9,18.294974
0.0,5,18.300462
0.0,12,18.313152
0.0,2,18.315481
1.0,10,18.326756
0.0,6,18.333057
1.0,12,18.345707
0.0,7,18.353429
0.0,18,18.372262
0.0,4,18.376412
0.0,18,18.395689
0.0,6,18.402273
0.0,7,18.40971
0.0,1,18.410653
0.0,20,18.431782
0.0,3,18.435462
1.0,26,18.462977
0.0,18,18.481853
0.0,7,18.489067
0.0,15,18.504943
0.0,2,18.506991
1.0,6,18.513508
1.0,15,18.529988
1.0,46,18.577808
0.0,35,18.614706
0.0,14,18.62919
0.0,30,18.660436
0.0,5,18.665614
0.0,14,18.681688
1.0,20,18.704599
0.0,24,18.732316
1.0,28,18.764594
0.0,4,18.769374
0.0,22,18.794653
0.0,37,18.837196
0.0,62,19.078893
0.0,31,19.11435
0.0,6,19.12141
1.0,15,19.1387
0.0,27,19.169748
0.0,3,19.173276
0.0,27,19.204429
0.0,4,19.209092
1.0,13,19.224074
0.0,3,19.227689
1.0,33,19.265609
0.0,14,19.2818
1.0,25,19.310684
1.0,16,19.329183
1.0,20,19.352393
1.0,33,19.39039
0.0,2,19.392773
0.0,16,19.411105
0.0,44,19.461667
0.0,23,19.488113
0.0,12,19.502056
0.0,6,19.509022
1.0,15,19.526304
1.0,7,19.534377
0.0,6,19.541353
0.0,2,19.54372
0.0,11,19.556456
1.0,12,19.570407
0.0,13,19.585383
1.0,28,19.617586
0.0,4,19.622335
0.0,3,19.625849
0.0,15,19.643136
1.0,33,19.681005
0.0,28,19.713224
1.0,25,19.742014
0.0,76,19.829599
0.0,31,19.865329
0.0,6,19.872218
0.0,73,19.95615
0.0,2,19.958544
1.0,38,20.00215
1.0,7,20.010216
0.0,9,20.020647
0.0,37,20.063222
0.0,11,20.075904
0.0,15,20.093197
0.0,3,20.096729
0.0,17,20.116334
0.0,18,20.137217
0.0,18,20.157905
1.0,50,20.21551
0.0,1,20.216731
0.0,1,20.217951
0.0,1,20.219162
0.0,42,20.267556
0.0,5,20.273239
0.0,13,20.288265
0.0,7,20.296457
0.0,2,20.298857
0.0,13,20.313801
0.0,18,20.33462
0.0,5,20.340455
0.0,7,20.348578
0.0,23,20.374948
0.0,32,20.411833
0.0,25,20.440664
0.0,71,20.522366
1.0,11,20.535185
0.0,8,20.544465
0.0,7,20.552604
0.0,1,20.553913
0.0,7,20.562022
0.0,4,20.566694
0.0,39,20.611566
1.0,23,20.638091
0.0,1,20.639385
0.0,1,20.64063
0.0,6,20.647617
0.0,11,20.660249
0.0,8,20.669514
0.0,1,20.670734
1.0,18,20.691522
0.0,22,20.716895
1.0,13,20.731878
0.0,14,20.748116
1.0,32,20.785059
0.0,20,20.808063
1.0,36,20.849566
1.0,21,20.873837
0.0,1,20.875057
1.0,27,20.90621
0.0,15,20.923551
0.0,10,21.055642
0.0,46,21.160048
0.0,20,21.18312
0.0,9,21.193726
0.0,6,21.200631
0.0,21,21.224869
0.0,2,21.227317
1.0,26,21.257323
0.0,5,21.263167
0.0,22,21.288606
0.0,14,21.304756
0.0,24,21.332362
0.0,4,21.33711
0.0,20,21.360329
1.0,15,21.37762
0.0,7,21.385773
1.0,8,21.39504
0.0,20,21.418081
0.0,20,21.441205
1.0,15,21.458602
1.0,26,21.488625
1.0,24,21.516176
0.0,22,21.541469
1.0,38,21.585237
0.0,13,21.600243
0.0,29,21.633672
0.0,3,21.63722
0.0,26,21.667227
1.0,13,21.6823
1.0,15,21.699722
0.0,3,21.703227
0.0,13,21.718417
0.0,10,21.730038
0.0,15,21.747855
1.0,14,21.764438
0.0,19,21.786498
0.0,1,21.787722
1.0,17,21.807353
0.0,92,21.913447
0.0,7,21.921586
0.0,14,21.937752
0.0,39,21.982561
0.0,40,22.028648
0.0,8,22.037918
1.0,7,22.046114
0.0,45,22.097807
0.0,41,22.144974
0.0,1,22.146194
1.0,44,22.196895
0.0,10,22.208531
1.0,15,22.2258
0.0,5,22.231711
0.0,29,22.265091
0.0,11,22.277797
0.0,23,22.304265
1.0,25,22.333216
1.0,80,22.425258
1.0,38,22.469127
0.0,71,22.550767
1.0,9,22.561276
1.0,45,22.613005
0.0,18,22.633653
0.0,28,22.665797
0.0,2,22.66826
1.0,29,22.701746
1.0,30,22.736307
0.0,5,22.742218
0.0,3,22.745694
0.0,100,22.860715
0.0,32,22.897648
0.0,4,22.902173
1.0,9,22.91266
1.0,42,22.961117
0.0,25,23.163399
0.0,30,23.197607
1.0,13,23.212574
0.0,22,23.237957
0.0,20,23.260974
1.0,19,23.282735
0.0,2,23.285093
0.0,3,23.288619
0.0,12,23.302494
1.0,15,23.319768
1.0,12,23.333616
0.0,18,23.354308
1.0,19,23.376285
1.0,36,23.417625
0.0,2,23.420009
0.0,12,23.433801
0.0,18,23.454629
0.0,12,23.468563
1.0,9,23.478975
0.0,13,23.494012
1.0,16,23.512525
1.0,8,23.521803
0.0,2,23.524268
0.0,2,23.526665
0.0,8,23.53594
0.0,6,23.54286
0.0,3,23.546388
0.0,25,23.575195
0.0,3,23.578897
1.0,32,23.615598
0.0,7,23.623692
1.0,25,23.652502
1.0,56,23.716786
0.0,13,23.731875
0.0,17,23.751569
0.0,1,23.752877
0.0,3,23.756374
0.0,43,23.80586
0.0,10,23.817448
0.0,26,23.847399
0.0,2,23.849852
1.0,30,23.884375
0.0,9,23.89478
0.0,2,23.897155
0.0,12,23.910937
1.0,25,23.939621
0.0,53,24.000631
0.0,12,24.014644
0.0,5,24.020396
0.0,59,24.088072
0.0,1,24.089315
1.0,62,24.160649
1.0,14,24.176713
0.0,16,24.195171
1.0,11,24.207898
1.0,18,24.22865
1.0,14,24.244764
0.0,9,24.25518
1.0,24,24.282817
1.0,13,24.297894
0.0,18,24.318641
0.0,3,24.322158
0.0,2,24.324536
1.0,25,24.353276
0.0,1,24.354495
1.0,12,24.368342
0.0,46,24.421169
0.0,7,24.42937
1.0,59,24.496972
1.0,45,24.548708
0.0,7,24.55683
1.0,23,24.583213
0.0,12,24.597118
0.0,54,24.659206
0.0,1,24.660444
0.0,10,24.672001
0.0,22,24.697333
1.0,36,24.738534
0.0,3,24.742051
0.0,51,24.800625
0.0,19,24.822513
0.0,15,24.839794
0.0,15,24.857083
0.0,25,24.886003
0.0,16,24.904474
0.0,17,24.924134
1.0,33,24.962158
0.0,35,25.002514
0.0,21,25.198625
1.0,60,25.265284
1.0,54,25.327107
0.0,2,25.329495
1.0,22,25.354695
1.0,40,25.400713
0.0,23,25.427158
0.0,15,25.444423
0.0,46,25.497262
0.0,3,25.500925
1.0,8,25.510203
1.0,18,25.530944
0.0,16,25.549373
0.0,10,25.560907
0.0,29,25.594202
1.0,49,25.650516
1.0,12,25.664459
0.0,24,25.692057
0.0,9,25.7025
0.0,2,25.704871
0.0,15,25.722193
0.0,16,25.740642
0.0,16,25.76036
0.0,8,25.769711
0.0,8,25.778968
0.0,6,25.785939
0.0,37,25.828396
0.0,6,25.83537
1.0,10,25.846943
0.0,12,25.860754
0.0,12,25.87471
0.0,5,25.880553
1.0,25,25.909185
0.0,9,25.919602
1.0,11,25.93215
0.0,3,25.935673
1.0,18,25.956379
0.0,25,25.985184
0.0,12,25.999027
0.0,43,26.048419
0.0,1,26.049652
0.0,2,26.052029
0.0,19,26.073969
1.0,19,26.095879
0.0,5,26.101771
0.0,12,26.115634
0.0,23,26.142135
0.0,2,26.14452
1.0,13,26.159465
1.0,57,26.225017
0.0,6,26.232124
1.0,28,26.264469
0.0,7,26.272514
0.0,20,26.295555
0.0,33,26.333527
0.0,9,26.343924
0.0,7,26.352105
0.0,9,26.362604
1.0,34,26.401708
1.0,58,26.468438
1.0,35,26.508696
0.0,14,26.524929
0.0,4,26.529624
0.0,20,26.552651
0.0,36,26.594135
0.0,4,26.598843
0.0,7,26.607006
0.0,10,26.618606
0.0,5,26.624509
0.0,12,26.638417
0.0,19,26.660404
0.0,1,26.661632
0.0,15,26.679032
1.0,49,26.735345
0.0,37,26.777898
0.0,13,26.792902
1.0,11,26.805761
1.0,30,26.840198
1.0,25,26.869009
0.0,6,26.875997
0.0,18,26.896763
1.0,27,26.927907
1.0,45,26.979618
0.0,1,26.980884
0.0,17,27.000412
0.0,9,27.010836
0.0,6,27.017872
0.0,35,27.126211
1.0,23,27.257374
1.0,19,27.279081
0.0,1,27.280314
0.0,44,27.330947
1.0,23,27.357416
0.0,22,27.382728
0.0,20,27.405763
1.0,65,27.480617
0.0,11,27.493375
1.0,20,27.516388
0.0,5,27.522233
0.0,3,27.525858
0.0,26,27.555805
1.0,20,27.578918
0.0,30,27.613374
0.0,3,27.616901
1.0,40,27.662852
1.0,26,27.692898
0.0,37,27.735461
0.0,100,27.850588
1.0,15,27.86794
0.0,7,27.876061
1.0,31,27.911699
1.0,22,27.937058
0.0,9,27.947502
1.0,35,27.987799
0.0,21,28.012128
0.0,10,28.023643
0.0,35,28.063871
0.0,8,28.073158
0.0,36,28.114411
0.0,4,28.119244
1.0,39,28.164009
1.0,16,28.182314
0.0,7,28.190434
1.0,25,28.219011
0.0,38,28.262741
1.0,32,28.299552
0.0,1,28.300773
1.0,24,28.328546
0.0,11,28.341381
0.0,10,28.352949
1.0,13,28.367904
1.0,13,28.382911
0.0,19,28.404839
1.0,18,28.425609
0.0,40,28.471389
1.0,26,28.501569
1.0,7,28.509825
1.0,19,28.531747
1.0,18,28.552505
1.0,15,28.569788
0.0,12,28.583627
0.0,28,28.615844
0.0,50,28.673522
0.0,30,28.708073
0.0,41,28.755223
0.0,11,28.767916
1.0,33,28.805959
1.0,38,28.849747
0.0,8,28.859029
1.0,12,28.87293
0.0,5,28.878775
0.0,27,28.909762
0.0,23,28.936229
0.0,10,28.947911
0.0,7,28.956037
1.0,10,28.967627
0.0,6,28.974597
0.0,5,28.980563
1.0,45,29.057787
0.0,3,29.063336
0.0,40,29.170431
0.0,11,29.185825
0.0,42,29.246386
1.0,37,29.289649
1.0,60,29.351167
0.0,4,29.355452
0.0,18,29.37383
1.0,26,29.400523
0.0,3,29.403592
1.0,21,29.42533
1.0,42,29.468631
0.0,56,29.526501
0.0,9,29.535979
0.0,13,29.549804
0.0,28,29.579095
1.0,24,29.604419
0.0,42,29.648465
0.0,6,29.654777
0.0,28,29.684391
0.0,25,29.710514
0.0,15,29.726523
0.0,43,29.771659
1.0,36,29.809824
0.0,3,29.813076
0.0,3,29.816374
1.0,18,29.835322
0.0,14,29.849812
1.0,16,29.866436
0.0,7,29.873881
0.0,5,29.879599
0.0,2,29.881831
0.0,20,29.902915
0.0,1,29.90398
1.0,18,29.923122
0.0,1,29.924343
0.0,4,29.928554
1.0,10,29.940201
0.0,1,29.941493
0.0,30,29.973941
0.0,14,29.988745
0.0,20,30.010843
0.0,22,30.034183
0.0,4,30.038758
0.0,40,30.081199
1.0,8,30.090122
0.0,26,30.117005
0.0,39,30.156946
0.0,16,30.17349
0.0,43,30.218136
0.0,11,30.229973
0.0,6,30.236146
0.0,34,30.271654
0.0,31,30.304129
0.0,11,30.31573
1.0,20,30.336863
0.0,1,30.337792
0.0,7,30.345675
0.0,6,30.352303
0.0,5,30.357642
0.0,17,30.375604
1.0,8,30.384193
1.0,22,30.406851
0.0,43,30.451985
0.0,4,30.456521
0.0,11,30.46816
1.0,16,30.484848
0.0,12,30.497583
0.0,11,30.509117
0.0,14,30.524511
0.0,6,30.531218
0.0,75,30.611933
0.0,4,30.616511
0.0,51,30.670805
0.0,49,30.721279
0.0,3,30.724129
0.0,21,30.745603
1.0,32,30.778803
0.0,29,30.808543
0.0,4,30.812699
0.0,32,30.845704
1.0,42,30.889544
0.0,46,30.937424
0.0,6,30.944193
0.0,15,30.959783
0.0,15,30.975666
0.0,5,30.981184
1.0,31,31.013561
0.0,6,31.01983
0.0,5,31.024959
0.0,18,31.044269
0.0,8,31.053046
1.0,38,31.092714
0.0,1,31.094019
1.0,57,31.34719
1.0,33,31.385545
0.0,49,31.446124
0.0,13,31.462027
0.0,20,31.486975
0.0,13,31.503097
0.0,3,31.506598
0.0,8,31.515946
1.0,35,31.557421
0.0,1,31.558652
1.0,34,31.601484
1.0,23,31.63113
0.0,1,31.632449
1.0,35,31.675594
1.0,23,31.702917
0.0,35,31.746593
1.0,31,31.78276
0.0,1,31.784064
0.0,16,31.804435
1.0,19,31.828099
0.0,7,31.837134
1.0,26,31.869474
0.0,3,31.873343
1.0,49,31.934608
1.0,36,31.978803
0.0,39,32.018533
1.0,38,32.057158
0.0,27,32.083948
0.0,36,32.120777
1.0,20,32.141347
0.0,5,32.14656
0.0,18,32.165361
1.0,59,32.225875
0.0,54,32.281368
0.0,3,32.284582
0.0,7,32.291283
0.0,14,32.305914
0.0,25,32.331461
1.0,23,32.355476
0.0,14,32.369782
0.0,7,32.376618
1.0,45,32.423172
0.0,12,32.435755
0.0,6,32.442502
1.0,66,32.511542
0.0,17,32.529423
1.0,38,32.568794
1.0,61,32.632453
0.0,49,32.683785
0.0,24,32.7093
0.0,4,32.713674
0.0,19,32.73307
1.0,30,32.765306
0.0,21,32.787164
1.0,29,32.817855
1.0,83,32.904025
0.0,5,32.910017
0.0,4,32.914271
0.0,14,32.929229
0.0,4,32.933445
0.0,22,32.956509
0.0,17,32.974675
0.0,19,32.994596
1.0,32,33.028515
1.0,15,33.044018
1.0,14,33.058465
0.0,57,33.117658
0.0,12,33.130646
0.0,15,33.146698
1.0,12,33.159465
0.0,1,33.160621
0.0,2,33.162751
0.0,21,33.261091
0.0,7,33.346206
0.0,13,33.379932
1.0,56,33.443496
1.0,73,33.548777
0.0,18,33.574992
1.0,11,33.593531
0.0,20,33.625004
0.0,7,33.640643
0.0,60,33.714453
1.0,18,33.735489
0.0,3,33.73904
0.0,36,33.780502
0.0,6,33.787468
0.0,17,33.807079
0.0,16,33.825531
0.0,11,33.838363
0.0,40,33.884485
0.0,25,33.91325
0.0,14,33.929403
0.0,18,33.950352
0.0,12,33.964205
0.0,5,33.970028
1.0,18,33.990762
1.0,12,34.004586
0.0,6,34.011637
0.0,6,34.01861
1.0,33,34.056515
0.0,21,34.080914
1.0,23,34.107451
0.0,3,34.110978
0.0,22,34.136307
1.0,71,34.218028
1.0,20,34.241189
1.0,64,34.314728
0.0,6,34.321743
0.0,8,34.331048
0.0,7,34.339182
0.0,16,34.35781
1.0,30,34.392334
0.0,2,34.394706
0.0,5,34.400536
0.0,27,34.431618
0.0,35,34.471965
0.0,9,34.482335
0.0,29,34.515737
1.0,22,34.54123
0.0,25,34.570076
0.0,20,34.593137
0.0,8,34.602516
0.0,3,34.606034
0.0,3,34.609562
1.0,15,34.626851
0.0,29,34.660108
1.0,58,34.726747
0.0,6,34.733827
0.0,3,34.737363
1.0,23,34.763816
0.0,20,34.786891
0.0,8,34.796147
0.0,5,34.802047
0.0,67,34.878955
0.0,2,34.881376
0.0,25,34.91007
0.0,11,34.922862
0.0,37,34.965423
0.0,3,34.968951
0.0,23,34.995474
0.0,5,35.001389
0.0,6,35.008352
0.0,9,35.018666
0.0,13,35.03368
0.0,11,35.046363
0.0,16,35.064852
0.0,1,35.066078
0.0,33,35.10412
1.0,62,35.175601
1.0,16,35.194198
0.0,8,35.20352
0.0,6,35.210519
1.0,15,35.239376
0.0,13,35.412029
0.0,8,35.421103
1.0,22,35.446488
1.0,26,35.476371
0.0,14,35.492477
0.0,14,35.508598
0.0,38,35.55231
0.0,14,35.568536
0.0,9,35.578863
0.0,9,35.589289
0.0,19,35.611175
1.0,34,35.650216
1.0,20,35.673323
0.0,5,35.679251
0.0,4,35.684021
0.0,18,35.704808
1.0,42,35.753103
0.0,26,35.783115
0.0,11,35.795951
0.0,7,35.804013
0.0,5,35.809867
1.0,21,35.833998
0.0,1,35.835223
1.0,32,35.872058
0.0,2,35.874442
0.0,15,35.891742
0.0,7,35.89991
0.0,20,35.922946
0.0,4,35.927638
1.0,21,35.951811
0.0,7,35.960013
0.0,2,35.962428
0.0,12,35.97629
0.0,2,35.978654
1.0,78,36.068159
0.0,47,36.122063
0.0,5,36.127824
1.0,17,36.14751
0.0,9,36.157949
0.0,79,36.248678
0.0,6,36.255642
0.0,18,36.276498
0.0,48,36.331675
0.0,5,36.337495
1.0,46,36.390284
1.0,20,36.413488
0.0,1,36.414767
1.0,27,36.445906
1.0,14,36.462132
0.0,25,36.490995
0.0,18,36.511858
0.0,17,36.531632
0.0,57,36.59732
0.0,8,36.606695
1.0,23,36.633203
1.0,50,36.690741
0.0,1,36.691965
0.0,2,36.694445
0.0,41,36.741588
1.0,16,36.760186
1.0,33,36.798305
0.0,13,36.813394
0.0,14,36.829658
0.0,14,36.845798
0.0,4,36.850562
0.0,1,36.851788
0.0,31,36.887363
0.0,12,36.901194
0.0,55,36.964359
0.0,20,36.987569
1.0,31,37.023057
0.0,9,37.033495
0.0,34,37.072711
1.0,35,37.112942
1.0,20,37.136082
0.0,13,37.151164
0.0,11,37.163936
0.0,1,37.16517
1.0,15,37.182388
0.0,35,37.22272
1.0,45,37.386209
1.0,30,37.480605
0.0,22,37.505886
1.0,25,37.534683
0.0,12,37.548539
0.0,10,37.560197
0.0,39,37.604961
0.0,1,37.606193
0.0,5,37.611947
1.0,9,37.622372
0.0,19,37.644215
0.0,6,37.651036
1.0,47,37.705217
1.0,48,37.760432
0.0,5,37.766309
1.0,12,37.780316
0.0,16,37.798687
1.0,57,37.864391
0.0,23,37.89093
0.0,46,37.943809
1.0,23,37.970383
0.0,67,38.04736
0.0,16,38.065964
0.0,21,38.090151
0.0,16,38.108621
0.0,1,38.109856
0.0,6,38.116671
0.0,1,38.117899
0.0,4,38.122573
0.0,8,38.131891
1.0,28,38.164202
0.0,46,38.217315
0.0,14,38.233504
1.0,18,38.254208
1.0,26,38.284159
1.0,13,38.299268
0.0,32,38.336244
0.0,28,38.368453
1.0,15,38.385937
0.0,8,38.395167
0.0,19,38.417107
1.0,41,38.464488
0.0,89,38.566659
0.0,43,38.616158
1.0,10,38.627875
1.0,9,38.638299
1.0,16,38.656877
0.0,16,38.675317
1.0,39,38.720086
1.0,15,38.737366
1.0,20,38.760431
0.0,25,38.789503
1.0,36,38.830949
0.0,5,38.83671
0.0,7,38.84486
0.0,16,38.863353
1.0,20,38.886525
0.0,5,38.892359
1.0,17,38.911962
1.0,40,38.958006
0.0,61,39.028212
0.0,21,39.052535
0.0,21,39.076806
0.0,15,39.094144
0.0,10,39.105803
0.0,42,39.154149
1.0,6,39.161282
0.0,3,39.164824
1.0,25,39.193562
0.0,10,39.204957
0.0,7,39.213065
0.0,11,39.225775
0.0,10,39.237337
0.0,1,39.238564
0.0,6,39.245546
0.0,41,39.292895
1.0,7,39.30109
0.0,2,39.303496
1.0,66,39.553965
0.0,100,39.668719
0.0,12,39.682593
0.0,15,39.700008
0.0,7,39.708122
0.0,6,39.715177
0.0,18,39.735915
0.0,8,39.745203
0.0,19,39.767193
0.0,29,39.800613
1.0,7,39.808932
0.0,19,39.830802
0.0,49,39.887093
0.0,27,39.918227
0.0,24,39.945866
0.0,15,39.963272
1.0,20,39.986382
0.0,13,40.001393
0.0,34,40.040551
0.0,3,40.044084
1.0,17,40.063771
1.0,51,40.12247
0.0,13,40.137469
0.0,1,40.138696
1.0,25,40.167439
0.0,38,40.211021
1.0,14,40.227295
0.0,15,40.244658
0.0,31,40.280333
0.0,3,40.283862
0.0,9,40.294273
0.0,5,40.300167
0.0,75,40.386151
0.0,17,40.405862
1.0,23,40.43237
1.0,9,40.442772
0.0,49,40.498985
0.0,1,40.500208
1.0,31,40.535782
0.0,1,40.537014
0.0,60,40.606074
1.0,23,40.632513
0.0,29,40.665805
0.0,10,40.677477
0.0,41,40.724657
1.0,9,40.735063
1.0,40,40.780916
1.0,34,40.820104
1.0,17,40.839638
0.0,1,40.840945
0.0,23,40.867419
0.0,16,40.885859
0.0,24,40.913534
0.0,1,40.914757
1.0,60,40.983616
0.0,12,40.997546
1.0,37,41.040134
1.0,32,41.077065
1.0,78,41.166606
1.0,45,41.218453
0.0,48,41.273592
0.0,29,41.307072
1.0,23,41.333633
0.0,3,41.337237
0.0,29,41.542215
0.0,24,41.568916
0.0,10,41.5805
1.0,18,41.60117
1.0,26,41.630938
1.0,30,41.665423
0.0,58,41.732094
0.0,5,41.737863
0.0,11,41.750574
1.0,23,41.777042
1.0,12,41.791012
0.0,4,41.795686
0.0,19,41.817583
1.0,19,41.839405
1.0,18,41.860151
0.0,13,41.875154
1.0,19,41.897116
0.0,2,41.899593
0.0,47,41.953498
0.0,30,41.988103
0.0,33,42.026187
1.0,21,42.050341
0.0,6,42.057439
0.0,15,42.074806
1.0,27,42.105855
0.0,1,42.107097
1.0,90,42.210607
1.0,33,42.248689
0.0,33,42.286622
0.0,10,42.298165
1.0,34,42.337283
0.0,9,42.34779
1.0,35,42.388142
1.0,22,42.413496
0.0,7,42.42161
0.0,10,42.433303
1.0,67,42.510158
0.0,11,42.522982
0.0,63,42.595594
0.0,8,42.604934
1.0,27,42.635972
1.0,22,42.661539
0.0,17,42.681169
1.0,23,42.707794
0.0,17,42.727386
1.0,7,42.73912
0.0,3,42.743101
1.0,7,42.756871
1.0,41,42.820329
0.0,11,42.837162
0.0,39,42.897974
0.0,9,42.90965
0.0,2,42.916702
0.0,11,42.929524
0.0,34,42.984062
0.0,21,43.015544
0.0,5,43.027022
0.0,1,43.028264
0.0,25,43.066711
0.0,12,43.082119
0.0,25,43.12133
0.0,23,43.157393
0.0,7,43.170451
0.0,48,43.246419
0.0,3,43.250023
0.0,5,43.255865
0.0,37,43.313465
0.0,21,43.34651
0.0,14,43.369021
0.0,10,43.384954
1.0,28,43.583376
1.0,11,43.595648
0.0,5,43.601488
1.0,22,43.626874
0.0,1,43.628184
0.0,20,43.651333
1.0,15,43.668543
0.0,5,43.674377
1.0,9,43.684798
0.0,32,43.721669
0.0,16,43.740092
0.0,13,43.75517
0.0,3,43.758704
0.0,23,43.78533
1.0,14,43.801369
1.0,41,43.8486
0.0,1,43.849972
1.0,23,43.876589
0.0,1,43.877837
1.0,61,43.947769
1.0,56,44.012174
0.0,2,44.014657
0.0,12,44.028486
0.0,16,44.046908
0.0,14,44.063048
0.0,7,44.071163
0.0,3,44.074692
0.0,2,44.077057
0.0,22,44.102361
1.0,25,44.131168
0.0,4,44.13595
1.0,52,44.195645
1.0,75,44.281871
1.0,18,44.302711
0.0,7,44.310809
1.0,14,44.327084
0.0,5,44.332998
0.0,42,44.381275
1.0,60,44.450408
0.0,7,44.458569
1.0,37,44.501352
0.0,17,44.520922
1.0,27,44.551843
0.0,10,44.563427
1.0,98,44.67606
1.0,45,44.753133
0.0,4,44.757943
1.0,28,44.802778
0.0,1,44.809447
1.0,27,44.850235
1.0,35,44.890662
0.0,2,44.893043
0.0,15,44.910418
0.0,15,44.927876
0.0,21,44.952086
1.0,17,44.971677
0.0,44,45.022359
0.0,11,45.03521
0.0,2,45.037604
0.0,47,45.091697
0.0,3,45.095218
0.0,34,45.134358
0.0,19,45.156319
0.0,1,45.157548
0.0,20,45.180611
0.0,11,45.193367
1.0,13,45.208313
0.0,1,45.209538
0.0,3,45.213054
1.0,38,45.256642
1.0,69,45.336156
0.0,26,45.366009
0.0,12,45.379793
0.0,10,45.39136
1.0,28,45.423549
0.0,10,45.435251
0.0,38,45.646778
0.0,4,45.651489
0.0,30,45.685974
1.0,30,45.720614
0.0,8,45.730012
0.0,28,45.762141
0.0,100,45.877316
0.0,21,45.901568
1.0,25,45.930485
0.0,24,45.958095
0.0,6,45.965091
0.0,8,45.974294
0.0,7,45.982407
0.0,1,45.983645
0.0,3,45.987157
1.0,15,46.004496
0.0,11,46.017281
1.0,27,46.048423
0.0,8,46.057668
1.0,25,46.086396
0.0,2,46.088849
0.0,79,46.179522
0.0,1,46.180799
1.0,44,46.231511
0.0,2,46.233885
1.0,17,46.253655
1.0,48,46.30876
1.0,30,46.343602
1.0,22,46.368911
1.0,15,46.3862
1.0,40,46.432146
0.0,29,46.465595
1.0,9,46.476207
1.0,38,46.52
0.0,16,46.53838
1.0,24,46.566046
0.0,15,46.583313
0.0,11,46.596001
1.0,32,46.632869
1.0,16,46.651364
0.0,20,46.674382
0.0,10,46.685961
0.0,11,46.698667
1.0,53,46.759683
1.0,23,46.786403
0.0,9,46.796613
1.0,33,46.834683
0.0,33,46.872641
0.0,2,46.875089
1.0,18,46.895827
1.0,25,46.924637
1.0,16,46.943264
0.0,3,46.946859
0.0,25,46.975554
1.0,39,47.020451
1.0,18,47.041181
0.0,5,47.047098
1.0,18,47.067793
0.0,2,47.070167
0.0,23,47.096736
0.0,2,47.099107
1.0,33,47.137047
0.0,4,47.141759
0.0,6,47.148926
0.0,2,47.151308
0.0,17,47.170898
0.0,2,47.173278
0.0,15,47.190544
0.0,8,47.199804
0.0,43,47.24942
1.0,31,47.285446
1.0,25,47.314191
0.0,1,47.31542
0.0,21,47.339495
0.0,8,47.348768
0.0,27,47.379994
1.0,72,47.462662
0.0,26,47.669462
0.0,14,47.684724
0.0,2,47.686968
0.0,8,47.696182
0.0,6,47.703142
1.0,35,47.743468
1.0,48,47.798922
1.0,21,47.823053
1.0,22,47.848475
0.0,14,47.864632
0.0,9,47.875214
1.0,39,47.92008
1.0,15,47.937391
0.0,6,47.944381
1.0,25,47.973174
0.0,20,47.99637
0.0,26,48.026353
0.0,9,48.036773
0.0,3,48.040346
0.0,33,48.078479
0.0,30,48.113208
0.0,18,48.134006
0.0,6,48.141001
0.0,35,48.181341
0.0,4,48.186008
0.0,44,48.23676
0.0,11,48.249447
0.0,5,48.255283
1.0,21,48.279756
0.0,16,48.298239
1.0,60,48.367742
1.0,26,48.397767
0.0,4,48.402455
1.0,13,48.417504
1.0,13,48.432534
1.0,60,48.501719
0.0,14,48.517901
0.0,13,48.532937
0.0,8,48.542311
0.0,11,48.555021
0.0,3,48.558661
0.0,14,48.574792
0.0,7,48.582904
0.0,30,48.61742
0.0,2,48.619841
0.0,12,48.633733
0.0,15,48.651146
1.0,54,48.713207
1.0,33,48.751232
1.0,24,48.778921
0.0,31,48.814735
0.0,21,48.838976
0.0,6,48.845953
1.0,17,48.865648
1.0,16,48.884032
1.0,25,48.912838
1.0,16,48.931319
0.0,12,48.945216
0.0,1,48.946447
0.0,5,48.952365
1.0,13,48.96736
0.0,28,48.999722
0.0,23,49.026284
1.0,12,49.040151
1.0,32,49.076908
0.0,14,49.093234
0.0,6,49.100213
0.0,5,49.105899
0.0,4,49.110578
0.0,8,49.119771
0.0,4,49.124451
1.0,23,49.150856
1.0,62,49.22242
0.0,11,49.235281
1.0,41,49.282383
1.0,34,49.321482
1.0,71,49.403208
1.0,37,49.44587
0.0,38,49.489811
1.0,15,49.507156
0.0,19,49.616209
0.0,5,49.696208
0.0,7,49.71613
1.0,27,49.747656
0.0,19,49.769428
0.0,11,49.782329
0.0,42,49.83079
0.0,3,49.834449
0.0,1,49.835674
0.0,2,49.838043
1.0,22,49.863341
0.0,4,49.868006
0.0,20,49.890907
1.0,27,49.921996
1.0,34,49.961163
1.0,26,49.991227
0.0,4,49.995911
1.0,31,50.031589
0.0,75,50.118092
0.0,33,50.156094
0.0,16,50.174661
0.0,3,50.178186
0.0,8,50.187466
1.0,31,50.223174
0.0,5,50.229008
0.0,23,50.255499
1.0,28,50.287732
1.0,26,50.317773
1.0,42,50.380094
1.0,19,50.409032
1.0,49,50.489691
0.0,17,50.516617
1.0,15,50.534281
0.0,13,50.549396
1.0,12,50.563265
0.0,1,50.56457
0.0,5,50.570378
0.0,23,50.596607
0.0,4,50.60137
0.0,4,50.60603
0.0,45,50.657738
0.0,39,50.702745
1.0,11,50.715451
0.0,13,50.730446
0.0,31,50.766032
1.0,55,50.829488
1.0,15,50.846906
0.0,3,50.850454
0.0,49,50.906884
0.0,19,50.928776
0.0,42,50.97709
0.0,3,50.980737
0.0,3,50.984275
1.0,15,51.001632
1.0,10,51.013186
0.0,14,51.029315
0.0,9,51.039802
0.0,14,51.05595
0.0,12,51.069746
1.0,28,51.101983
0.0,4,51.10685
1.0,19,51.128729
0.0,37,51.171233
0.0,10,51.182824
1.0,18,51.203564
1.0,19,51.225567
0.0,3,51.229176
0.0,27,51.260133
0.0,11,51.272903
1.0,23,51.299582
1.0,26,51.329593
0.0,24,51.357289
0.0,2,51.359674
0.0,15,51.377024
0.0,11,51.38975
1.0,11,51.402453
0.0,10,51.413999
1.0,11,51.426713
0.0,53,51.487642
0.0,19,51.50962
1.0,33,51.547516
0.0,3,51.55106
0.0,13,51.578747
0.0,8,51.656212
0.0,28,51.773674
0.0,9,51.78411
0.0,6,51.791176
0.0,34,51.830334
0.0,28,51.862483
1.0,31,51.898273
0.0,8,51.907618
0.0,8,51.916825
1.0,23,51.943309
1.0,24,51.971034
0.0,37,52.013708
0.0,13,52.028689
0.0,25,52.057427
0.0,7,52.065485
1.0,24,52.093118
0.0,16,52.111729
0.0,45,52.163564
0.0,6,52.170557
0.0,7,52.178696
0.0,8,52.187969
0.0,13,52.203065
1.0,41,52.250386
0.0,50,52.307687
1.0,20,52.33078
0.0,9,52.34143
1.0,18,52.362334
0.0,3,52.365977
1.0,25,52.394851
0.0,18,52.415614
0.0,2,52.417999
1.0,40,52.463984
1.0,30,52.498791
0.0,32,52.535676
0.0,22,52.561035
0.0,19,52.583011
1.0,38,52.626648
0.0,5,52.632611
1.0,42,52.680873
1.0,29,52.714319
1.0,11,52.727081
0.0,1,52.728364
0.0,29,52.761849
1.0,44,52.812715
0.0,1,52.813942
0.0,8,52.82329
0.0,9,52.8337
1.0,22,52.859214
0.0,3,52.862746
0.0,4,52.867501
0.0,30,52.901993
0.0,5,52.907825
0.0,16,52.926311
0.0,2,52.928693
0.0,24,52.956326
1.0,10,52.96795
0.0,22,52.993365
0.0,10,53.00495
1.0,9,53.015342
1.0,14,53.031476
0.0,4,53.036132
0.0,13,53.051052
0.0,9,53.061463
0.0,62,53.132896
0.0,18,53.153601
0.0,34,53.192776
0.0,1,53.193999
0.0,10,53.205538
0.0,37,53.248116
0.0,42,53.296506
0.0,14,53.31263
1.0,8,53.321885
0.0,14,53.338045
0.0,52,53.397821
0.0,57,53.46337
1.0,20,53.486567
1.0,49,53.542975
1.0,11,53.555763
1.0,46,53.646207
0.0,7,53.756211
0.0,3,53.793028
1.0,9,53.802744
0.0,5,53.808161
1.0,88,53.909206
0.0,8,53.918521
0.0,5,53.924275
0.0,36,53.965761
1.0,9,53.976175
0.0,15,53.993353
0.0,7,54.001474
0.0,16,54.020001
1.0,20,54.043224
1.0,16,54.061706
0.0,10,54.073274
0.0,5,54.07918
0.0,8,54.088444
1.0,41,54.135607
1.0,21,54.159971
0.0,7,54.168077
1.0,27,54.19919
0.0,13,54.214174
0.0,4,54.218933
1.0,15,54.236193
1.0,39,54.281275
0.0,5,54.287179
0.0,12,54.300922
0.0,5,54.306761
0.0,12,54.320634
1.0,37,54.363218
0.0,1,54.364498
0.0,7,54.372691
1.0,22,54.39805
1.0,56,54.462718
0.0,14,54.478914
1.0,28,54.511223
1.0,17,54.530797
1.0,25,54.559603
0.0,5,54.565579
0.0,17,54.585217
0.0,38,54.629122
0.0,2,54.631511
1.0,8,54.640813
0.0,3,54.644349
1.0,30,54.678881
1.0,13,54.693854
0.0,5,54.699769
0.0,21,54.723947
1.0,45,54.775712
1.0,14,54.791977
1.0,18,54.812762
0.0,2,54.815239
0.0,12,54.829289
0.0,17,54.849023
1.0,42,54.897288
1.0,31,54.932834
0.0,13,54.947928
0.0,10,54.959437
0.0,33,54.99745
1.0,26,55.02744
0.0,2,55.029818
0.0,41,55.076999
0.0,7,55.085362
0.0,8,55.09463
1.0,30,55.129166
0.0,9,55.139447
0.0,1,55.140671
0.0,87,55.240768
0.0,14,55.257051
0.0,16,55.275478
0.0,17,55.295186
0.0,8,55.304473
0.0,4,55.309229
1.0,15,55.326499
1.0,17,55.346058
0.0,27,55.377379
0.0,50,55.434944
0.0,15,55.452191
0.0,9,55.462625
0.0,45,55.514395
0.0,3,55.517883
1.0,26,55.547824
0.0,97,55.703599
0.0,6,55.720786
0.0,7,55.725988
1.0,37,55.872074
1.0,14,55.888345
0.0,67,55.965183
0.0,32,56.002006
0.0,10,56.013803
1.0,38,56.057524
1.0,14,56.07368
1.0,33,56.111695
0.0,7,56.119924
0.0,17,56.139509
1.0,11,56.152212
0.0,34,56.191221
0.0,5,56.19699
0.0,1,56.198209
1.0,37,56.240692
0.0,26,56.270731
0.0,37,56.313445
0.0,1,56.314667
0.0,7,56.322782
1.0,21,56.346958
1.0,33,56.38501
0.0,22,56.410398
0.0,3,56.413922
0.0,3,56.417454
0.0,23,56.443989
1.0,56,56.508508
0.0,10,56.520207
0.0,25,56.549081
0.0,17,56.568657
0.0,32,56.605348
0.0,10,56.616909
1.0,36,56.658442
0.0,19,56.680367
0.0,17,56.700005
1.0,13,56.714829
0.0,1,56.716046
1.0,57,56.781685
0.0,3,56.785361
0.0,3,56.788901
1.0,45,56.840666
0.0,3,56.844187
1.0,13,56.859189
1.0,8,56.868541
1.0,13,56.883598
0.0,12,56.897646
0.0,11,56.910465
1.0,25,56.939213
0.0,9,56.949656
1.0,28,56.981781
0.0,4,56.98654
0.0,42,57.03494
0.0,29,57.06822
1.0,53,57.129071
1.0,25,57.157816
0.0,40,57.203768
0.0,21,57.228134
0.0,14,57.244431
1.0,29,57.277853
1.0,26,57.307902
0.0,23,57.33445
1.0,28,57.366667
1.0,13,57.381769
0.0,7,57.389884
1.0,25,57.418768
1.0,32,57.455585
0.0,5,57.461412
1.0,17,57.48101
0.0,69,57.560534
0.0,8,57.569808
1.0,38,57.613682
1.0,20,57.636702
1.0,16,57.655135
1.0,15,57.672426
0.0,49,57.903497
0.0,27,57.934621
0.0,12,57.961716
0.0,31,58.009312
0.0,4,58.018977
1.0,19,58.047906
0.0,2,58.054765
0.0,1,58.056421
0.0,2,58.058697
1.0,38,58.113058
1.0,11,58.1261
0.0,38,58.169851
0.0,3,58.173389
1.0,44,58.224034
0.0,5,58.230079
0.0,91,58.334859
1.0,22,58.360289
1.0,21,58.384641
0.0,34,58.423811
0.0,52,58.483799
1.0,43,58.533449
0.0,2,58.53583
0.0,33,58.574529
0.0,44,58.625196
0.0,5,58.631033
0.0,54,58.693125
1.0,11,58.706019
1.0,51,58.764712
1.0,48,58.820217
0.0,33,58.858516
1.0,17,58.878151
0.0,13,58.89316
0.0,12,58.90701
0.0,2,58.909395
0.0,43,58.958941
0.0,22,58.984368
0.0,14,59.00054
0.0,31,59.036232
0.0,4,59.040884
0.0,1,59.042105
0.0,83,59.137608
0.0,13,59.152704
0.0,18,59.173499
0.0,4,59.178175
0.0,24,59.205828
0.0,15,59.223133
0.0,6,59.230122
0.0,4,59.23483
0.0,53,59.29605
0.0,10,59.30773
0.0,6,59.314701
1.0,13,59.329717
0.0,30,59.364403
0.0,32,59.401268
0.0,8,59.410647
0.0,17,59.430228
1.0,35,59.470519
1.0,66,59.5465
1.0,12,59.560357
0.0,24,59.588093
0.0,56,59.65279
0.0,6,59.659785
0.0,13,59.674899
0.0,1,59.676174
0.0,3,59.679759
1.0,16,59.698148
1.0,13,59.713156
0.0,2,59.715543
0.0,3,59.71907
1.0,23,59.776137
0.0,2,59.79773
0.0,26,59.940179
0.0,24,59.967815
1.0,28,60.000066
0.0,35,60.0404
0.0,2,60.042744
0.0,11,60.055463
0.0,46,60.108415
0.0,25,60.137266
0.0,7,60.145307
0.0,6,60.152394
0.0,9,60.162824
0.0,30,60.197308
0.0,12,60.211232
0.0,48,60.266501
0.0,34,60.30587
0.0,33,60.343869
1.0,13,60.358894
1.0,31,60.394603
0.0,4,60.399366
0.0,6,60.406457
1.0,15,60.423758
0.0,7,60.431875
1.0,19,60.45373
0.0,10,60.465314
0.0,21,60.489507
1.0,13,60.5046
1.0,14,60.52097
0.0,23,60.547428
1.0,32,60.584243
0.0,35,60.624599
1.0,28,60.656821
0.0,2,60.659315
1.0,19,60.68125
0.0,25,60.710072
0.0,4,60.71476
0.0,6,60.721742
0.0,6,60.728715
1.0,16,60.747138
0.0,30,60.781692
1.0,19,60.803925
0.0,6,60.810812
0.0,28,60.842989
0.0,3,60.846524
1.0,26,60.876503
0.0,3,60.880027
0.0,2,60.882421
1.0,12,60.896355
0.0,13,60.911373
0.0,6,60.918326
1.0,19,60.94022
0.0,3,60.943747
0.0,10,60.955355
0.0,8,60.964658
0.0,17,60.984312
0.0,15,61.001778
0.0,3,61.005316
0.0,9,61.015659
1.0,31,61.051334
0.0,26,61.081151
0.0,3,61.084675
1.0,18,61.105397
0.0,13,61.120497
0.0,22,61.145853
0.0,2,61.148228
1.0,34,61.187301
0.0,1,61.18853
0.0,1,61.189754
1.0,20,61.212833
0.0,32,61.249768
0.0,4,61.254448
0.0,17,61.274033
0.0,33,61.31212
1.0,20,61.335334
0.0,34,61.374527
0.0,10,61.386106
0.0,36,61.427714
1.0,34,61.466828
0.0,16,61.485312
0.0,67,61.562408
0.0,17,61.582057
0.0,16,61.600533
0.0,4,61.605314
0.0,37,61.647956
1.0,14,61.664047
0.0,3,61.66758
0.0,18,61.688347
0.0,45,61.740016
0.0,29,61.773684
0.0,21,61.970011
1.0,51,62.028603
0.0,5,62.03446
0.0,26,62.064393
1.0,45,62.116279
0.0,6,62.123212
1.0,19,62.145105
0.0,19,62.167003
0.0,37,62.209879
1.0,16,62.228442
1.0,19,62.250349
0.0,15,62.26772
0.0,35,62.308237
0.0,31,62.343822
0.0,15,62.361245
0.0,4,62.365921
0.0,1,62.367145
0.0,4,62.371835
0.0,10,62.383511
1.0,48,62.438801
0.0,2,62.441251
0.0,21,62.465415
1.0,23,62.491843
1.0,57,62.55749
0.0,8,62.566775
0.0,24,62.594432
0.0,19,62.616447
0.0,13,62.631477
1.0,17,62.651181
0.0,55,62.714519
0.0,2,62.716896
0.0,4,62.721589
1.0,24,62.749199
0.0,3,62.752815
1.0,41,62.800043
1.0,26,62.830021
0.0,6,62.836993
0.0,16,62.855455
0.0,12,62.869519
1.0,9,62.880008
1.0,49,62.93619
0.0,14,62.952328
1.0,11,62.964942
1.0,20,62.988092
1.0,12,63.001994
0.0,96,63.141673
1.0,20,63.175099
0.0,6,63.182158
0.0,1,63.183489
0.0,23,63.219841
0.0,15,63.239151
0.0,1,63.240449
0.0,31,63.276172
0.0,17,63.295949
0.0,51,63.355011
0.0,52,63.414842
1.0,38,63.458655
0.0,4,63.477724
0.0,34,63.532118
0.0,20,63.56385
0.0,14,63.587492
0.0,7,63.600803
0.0,1,63.602121
0.0,19,63.626588
0.0,11,63.63941
0.0,7,63.647676
0.0,13,63.662695
1.0,67,63.739764
0.0,64,63.813833
0.0,10,63.915642
0.0,5,63.940162
0.0,55,64.059178
1.0,12,64.07303
0.0,1,64.07428
1.0,26,64.104313
0.0,14,64.120552
1.0,44,64.170978
0.0,4,64.17566
0.0,22,64.201164
0.0,26,64.231189
0.0,9,64.2416
0.0,37,64.28421
0.0,23,64.311017
1.0,37,64.353681
0.0,2,64.356056
0.0,12,64.369935
0.0,44,64.420473
0.0,7,64.428693
0.0,15,64.446032
0.0,16,64.464555
0.0,12,64.478453
1.0,47,64.532617
1.0,29,64.566109
0.0,5,64.572034
0.0,39,64.616879
0.0,21,64.64099
0.0,21,64.665199
0.0,26,64.695128
0.0,20,64.718204
0.0,1,64.719437
0.0,33,64.757434
0.0,26,64.7875
1.0,9,64.798008
1.0,22,64.823463
1.0,16,64.841893
0.0,62,64.913012
0.0,12,64.927083
0.0,14,64.943392
0.0,16,64.96189
0.0,2,64.964267
0.0,7,64.972404
0.0,11,64.985137
1.0,24,65.0128
0.0,7,65.020922
0.0,2,65.023397
0.0,4,65.028151
0.0,1,65.02938
0.0,47,65.083482
1.0,20,65.106533
0.0,4,65.111203
0.0,26,65.141113
1.0,27,65.172365
0.0,37,65.215051
0.0,36,65.25648
1.0,17,65.276068
1.0,23,65.302518
0.0,1,65.303741
0.0,11,65.316525
1.0,21,65.340909
0.0,10,65.352473
1.0,19,65.374352
0.0,6,65.381313
1.0,63,65.453838
0.0,4,65.458599
0.0,10,65.470227
0.0,24,65.497874
1.0,13,65.512899
1.0,17,65.532524
1.0,14,65.548702
0.0,32,65.58556
1.0,27,65.616768
0.0,17,65.63639
0.0,5,65.642219
1.0,81,65.735422
0.0,26,65.76536
1.0,18,65.786175
0.0,32,65.823028
0.0,2,65.825414
0.0,5,65.831228
1.0,25,65.860045
0.0,53,66.087336
1.0,13,66.10247
1.0,15,66.119765
1.0,8,66.129005
1.0,47,66.182911
0.0,46,66.235831
0.0,19,66.257799
1.0,12,66.271719
1.0,30,66.306293
1.0,39,66.351176
1.0,41,66.39847
0.0,8,66.407752
0.0,19,66.429664
0.0,4,66.434353
0.0,3,66.437865
0.0,6,66.444827
0.0,8,66.454087
0.0,5,66.459931
0.0,18,66.480701
0.0,66,66.556536
0.0,13,66.571605
0.0,1,66.572839
0.0,15,66.590204
0.0,10,66.601758
0.0,22,66.627083
0.0,26,66.65709
0.0,13,66.672184
0.0,1,66.673417
0.0,10,66.685049
0.0,31,66.720575
0.0,2,66.722893
0.0,3,66.726422
0.0,1,66.727646
1.0,13,66.74271
1.0,15,66.760059
1.0,30,66.794592
1.0,70,66.875203
0.0,35,66.915336
0.0,23,66.941827
1.0,66,67.017637
0.0,23,67.044089
0.0,16,67.062637
1.0,20,67.085639
1.0,26,67.115541
0.0,29,67.148942
0.0,3,67.152391
0.0,8,67.161669
0.0,19,67.18356
0.0,1,67.184844
0.0,29,67.218279
0.0,9,67.228629
0.0,48,67.283723
0.0,8,67.293031
1.0,19,67.314991
1.0,27,67.346061
0.0,33,67.383909
1.0,70,67.464432
0.0,20,67.487452
0.0,26,67.517457
1.0,24,67.545119
0.0,33,67.583101
0.0,18,67.60379
1.0,37,67.646413
1.0,18,67.667131
0.0,5,67.672966
0.0,4,67.677652
1.0,85,67.775471
0.0,2,67.777912
0.0,7,67.786048
0.0,75,67.872491
0.0,17,67.892112
0.0,12,67.916138
0.0,33,68.113566
0.0,34,68.152658
0.0,23,68.179197
0.0,2,68.181656
0.0,21,68.205798
0.0,16,68.224318
0.0,32,68.261211
0.0,16,68.279709
0.0,32,68.316752
0.0,3,68.320308
0.0,2,68.322689
1.0,41,68.369704
1.0,31,68.405336
0.0,12,68.419281
1.0,20,68.442323
1.0,19,68.464345
0.0,17,68.483987
0.0,2,68.486366
1.0,29,68.519827
0.0,1,68.521106
0.0,6,68.528136
1.0,34,68.567307
0.0,2,68.569679
1.0,42,68.617949
1.0,43,68.66743
0.0,2,68.669864
0.0,7,68.677992
1.0,38,68.721801
0.0,44,68.772388
0.0,7,68.780513
0.0,2,68.782946
1.0,20,68.806146
0.0,18,68.826906
0.0,9,68.837323
0.0,7,68.845371
0.0,12,68.85921
0.0,5,68.864886
0.0,2,68.867263
0.0,5,68.873155
0.0,16,68.891678
0.0,37,68.934308
0.0,6,68.94122
0.0,4,68.945911
0.0,70,69.026396
0.0,20,69.049507
0.0,20,69.072677
0.0,10,69.084321
0.0,9,69.094591
1.0,43,69.144017
0.0,38,69.187801
0.0,5,69.19365
1.0,22,69.219207
0.0,2,69.221531
1.0,50,69.279033
0.0,2,69.281425
0.0,5,69.287266
0.0,17,69.307131
0.0,63,69.379682
0.0,13,69.394696
1.0,32,69.43154
1.0,19,69.453485
0.0,8,69.462758
1.0,16,69.481279
1.0,14,69.497405
0.0,31,69.53323
0.0,41,69.580394
0.0,6,69.587381
1.0,68,69.66561
0.0,2,69.667995
0.0,4,69.672528
0.0,7,69.680637
0.0,11,69.693416
0.0,14,69.709855
1.0,15,69.727193
0.0,20,69.75025
0.0,9,69.760679
0.0,79,69.85162
0.0,6,69.858691
1.0,17,69.878294
0.0,11,69.891032
1.0,13,69.906041
1.0,60,70.14524
0.0,15,70.161983
1.0,19,70.183898
0.0,10,70.195487
1.0,35,70.245847
1.0,60,70.315019
0.0,29,70.348427
1.0,32,70.385173
0.0,20,70.408323
0.0,9,70.418933
0.0,6,70.425908
1.0,22,70.451313
0.0,13,70.466299
0.0,26,70.496309
0.0,21,70.520565
1.0,33,70.558454
0.0,20,70.581479
0.0,33,70.619434
0.0,47,70.67343
0.0,4,70.67816
0.0,6,70.685072
0.0,1,70.68631
0.0,20,70.709414
1.0,55,70.772721
0.0,18,70.793448
0.0,2,70.795897
0.0,52,70.855904
0.0,6,70.862746
0.0,27,70.893812
0.0,14,70.910049
1.0,32,70.947008
0.0,45,71.009688
0.0,10,71.026928
0.0,5,71.037925
0.0,8,71.047651
0.0,35,71.104966
1.0,27,71.149789
1.0,16,71.168478
1.0,16,71.186947
0.0,20,71.210025
1.0,58,71.276717
1.0,29,71.310277
1.0,15,71.327665
0.0,2,71.33004
1.0,27,71.361182
0.0,1,71.362415
1.0,14,71.378628
0.0,53,71.439694
1.0,22,71.465033
0.0,1,71.466269
0.0,2,71.468721
0.0,52,71.528449
0.0,16,71.547003
0.0,14,71.563219
0.0,48,71.618322
0.0,16,71.636927
0.0,32,71.67376
0.0,2,71.676139
0.0,16,71.694689
0.0,22,71.720016
1.0,36,71.761536
0.0,22,71.786942
0.0,2,71.789268
0.0,4,71.793931
0.0,10,71.805623
0.0,36,71.846873
1.0,45,71.898703
1.0,16,71.917211
1.0,15,71.93435
1.0,26,71.964283
0.0,6,71.971171
0.0,48,72.20236
0.0,14,72.218608
0.0,20,72.241626
0.0,11,72.254434
0.0,22,72.279766
0.0,1,72.280991
0.0,9,72.291468
0.0,5,72.2973
1.0,75,72.383694
0.0,6,72.39079
1.0,11,72.403508
0.0,39,72.448411
0.0,2,72.450809
1.0,15,72.468065
0.0,18,72.488906
0.0,11,72.50167
0.0,43,72.551215
0.0,33,72.58904
0.0,5,72.594874
0.0,9,72.60531
0.0,31,72.641212
0.0,2,72.643627
0.0,10,72.655349
0.0,18,72.676125
0.0,27,72.707373
0.0,7,72.715605
0.0,8,72.72504
0.0,4,72.729726
0.0,15,72.747672
0.0,10,72.759737
0.0,41,72.807037
0.0,32,72.843921
0.0,14,72.860195
1.0,17,72.879921
0.0,2,72.882262
0.0,2,72.884641
1.0,85,72.982089
0.0,8,72.991534
0.0,6,72.998383
1.0,51,73.057072
1.0,32,73.093975
1.0,70,73.174494
1.0,19,73.196489
0.0,46,73.249353
1.0,12,73.263201
0.0,30,73.297641
0.0,3,73.301322
0.0,8,73.310657
0.0,9,73.321074
0.0,11,73.333724
0.0,2,73.336096
1.0,45,73.387936
1.0,22,73.413269
0.0,3,73.416816
1.0,29,73.450186
1.0,17,73.469735
0.0,10,73.481289
1.0,20,73.504465
0.0,31,73.540087
0.0,4,73.544828
0.0,16,73.5633
1.0,13,73.5783
0.0,15,73.595615
0.0,4,73.600222
0.0,35,73.640554
0.0,6,73.647629
1.0,16,73.666151
1.0,22,73.691374
1.0,13,73.706358
0.0,42,73.754561
0.0,42,73.80306
0.0,30,73.837545
0.0,6,73.844535
0.0,16,73.863021
1.0,35,73.903302
0.0,11,73.916046
0.0,4,73.920727
1.0,18,73.941395
1.0,14,73.957576
0.0,7,73.965772
0.0,7,73.973911
1.0,32,74.010649
0.0,18,74.031429
0.0,11,74.054334
0.0,9,74.166213
0.0,11,74.228186
0.0,3,74.231779
0.0,21,74.256134
1.0,34,74.29537
0.0,1,74.296592
0.0,18,74.317394
1.0,24,74.344962
0.0,20,74.368091
1.0,24,74.395768
0.0,4,74.400443
1.0,27,74.431517
0.0,15,74.448913
1.0,23,74.475451
0.0,63,74.547798
0.0,16,74.566437
0.0,11,74.579066
0.0,2,74.581447
0.0,2,74.583875
0.0,13,74.598874
0.0,1,74.600094
0.0,27,74.631148
0.0,5,74.636993
0.0,30,74.671519
0.0,27,74.702616
0.0,11,74.715329
0.0,25,74.744175
0.0,12,74.757883
0.0,15,74.775225
1.0,22,74.800485
0.0,5,74.806385
1.0,48,74.861786
0.0,39,74.906616
0.0,3,74.910083
1.0,58,74.976797
0.0,15,74.994175
0.0,6,75.001156
1.0,20,75.02404
0.0,4,75.028718
1.0,57,75.094164
1.0,27,75.125214
0.0,48,75.180342
0.0,33,75.218369
0.0,2,75.220755
0.0,14,75.237008
0.0,27,75.268068
1.0,36,75.309452
0.0,11,75.322299
1.0,44,75.372849
0.0,1,75.374075
0.0,20,75.397318
0.0,1,75.398546
0.0,4,75.403211
1.0,37,75.445811
1.0,38,75.489579
0.0,2,75.491897
0.0,11,75.504604
0.0,2,75.506923
1.0,14,75.523065
0.0,4,75.527749
0.0,28,75.560031
0.0,2,75.562479
0.0,36,75.603745
1.0,27,75.63484
0.0,21,75.65907
0.0,75,75.745352
1.0,34,75.784373
0.0,12,75.798216
1.0,25,75.827085
0.0,12,75.841015
1.0,25,75.869762
0.0,6,75.876808
0.0,26,75.906815
1.0,35,75.947156
0.0,3,75.950708
0.0,16,75.969102
1.0,60,76.038018
0.0,3,76.041631
1.0,21,76.065884
0.0,31,76.269864
0.0,35,76.309641
0.0,16,76.328218
1.0,14,76.344198
0.0,2,76.346572
0.0,45,76.39803
0.0,8,76.407298
1.0,28,76.439566
0.0,19,76.46139
0.0,16,76.479822
0.0,1,76.481044
0.0,11,76.493695
0.0,6,76.500602
0.0,16,76.519037
0.0,26,76.549106
0.0,20,76.572316
0.0,1,76.57354
0.0,16,76.591975
1.0,19,76.613822
0.0,24,76.641484
0.0,5,76.647547
1.0,44,76.698119
1.0,29,76.731548
0.0,17,76.751822
0.0,12,76.76576
0.0,18,76.786575
0.0,20,76.809726
0.0,10,76.821373
0.0,17,76.840994
0.0,42,76.889362
1.0,15,76.90671
0.0,4,76.911389
1.0,62,76.982697
0.0,27,77.013776
0.0,9,77.024271
0.0,23,77.050776
0.0,7,77.058882
0.0,15,77.076206
0.0,16,77.094676
0.0,19,77.116543
0.0,5,77.122371
1.0,11,77.135045
1.0,38,77.178617
0.0,31,77.214351
0.0,11,77.227046
0.0,6,77.234017
1.0,14,77.250171
1.0,87,77.350114
1.0,39,77.394975
0.0,4,77.399657
0.0,14,77.415899
0.0,13,77.430912
0.0,3,77.434449
1.0,25,77.463206
0.0,25,77.492003
0.0,33,77.530072
0.0,33,77.568
0.0,55,77.631556
0.0,15,77.648925
0.0,36,77.69032
0.0,46,77.743362
0.0,2,77.745751
0.0,5,77.751599
0.0,4,77.75643
0.0,19,77.778283
0.0,9,77.788703
0.0,34,77.828049
1.0,45,77.879822
1.0,24,77.907585
0.0,13,77.922653
0.0,1,77.923807
0.0,8,77.932992
1.0,11,77.945758
0.0,2,77.948123
0.0,68,78.026361
0.0,3,78.029916
1.0,9,78.04033
0.0,40,78.086261
1.0,14,78.102548
1.0,39,78.31155
0.0,4,78.316193
0.0,8,78.32549
0.0,28,78.357708
0.0,30,78.392365
0.0,52,78.452014
0.0,27,78.483228
0.0,35,78.523497
1.0,37,78.566002
1.0,27,78.597009
1.0,22,78.622379
1.0,14,78.638516
0.0,1,78.639734
0.0,12,78.65365
0.0,48,78.708953
1.0,44,78.760596
1.0,35,78.80123
0.0,38,78.845032
0.0,10,78.856608
0.0,19,78.878608
1.0,13,78.893647
1.0,78,78.983215
0.0,4,78.987923
0.0,28,79.020231
0.0,35,79.060508
0.0,9,79.07093
1.0,10,79.082476
1.0,29,79.115821
1.0,16,79.134349
0.0,19,79.156306
0.0,21,79.180528
1.0,32,79.217361
0.0,13,79.232525
0.0,7,79.240633
0.0,3,79.244231
1.0,17,79.26389
1.0,9,79.27419
0.0,28,79.306524
0.0,5,79.312418
0.0,4,79.317088
0.0,24,79.344681
0.0,4,79.349427
0.0,3,79.352951
0.0,12,79.366884
0.0,13,79.381884
0.0,11,79.394568
0.0,6,79.401543
0.0,21,79.425751
0.0,3,79.429283
0.0,5,79.43512
1.0,29,79.468568
0.0,8,79.477908
0.0,16,79.496225
1.0,13,79.511297
0.0,12,79.525317
0.0,10,79.536977
1.0,25,79.565702
0.0,25,79.594499
0.0,14,79.610824
0.0,27,79.641885
1.0,12,79.655743
0.0,2,79.658111
1.0,28,79.690367
0.0,17,79.709988
0.0,9,79.720473
0.0,27,79.751539
1.0,20,79.774606
1.0,18,79.795474
0.0,2,79.797844
1.0,18,79.818719
0.0,9,79.829212
0.0,26,79.859224
0.0,23,79.885748
0.0,3,79.889277
0.0,63,79.961601
0.0,5,79.967467
0.0,3,79.970983
0.0,5,79.976912
0.0,23,80.003477
0.0,7,80.011586
0.0,20,80.034698
0.0,8,80.043962
0.0,1,80.045192
0.0,9,80.055535
0.0,16,80.073956
0.0,24,80.101608
1.0,33,80.139819
1.0,25,80.306209
0.0,2,80.346221
0.0,8,80.355175
0.0,25,80.383
1.0,16,80.401595
0.0,14,80.417938
0.0,14,80.434078
0.0,31,80.46968
0.0,5,80.475502
0.0,47,80.532382
0.0,7,80.540082
0.0,4,80.544743
0.0,37,80.587106
0.0,23,80.613617
0.0,13,80.628639
0.0,6,80.635609
1.0,25,80.664445
1.0,16,80.682849
0.0,8,80.692114
0.0,15,80.709423
1.0,20,80.73246
0.0,16,80.750907
0.0,18,80.771749
0.0,30,80.80649
0.0,2,80.808865
0.0,5,80.814603
0.0,21,80.83871
0.0,9,80.849045
0.0,36,80.890486
0.0,1,80.891767
0.0,6,80.898704
1.0,14,80.914795
0.0,10,80.92635
1.0,12,80.940203
1.0,14,80.956357
0.0,14,80.972504
0.0,36,81.013972
0.0,28,81.059136
0.0,2,81.061833
0.0,1,81.063072
1.0,11,81.081452
0.0,18,81.110422
1.0,8,81.122692
0.0,26,81.169012
1.0,20,81.198798
0.0,23,81.225621
1.0,32,81.262602
1.0,39,81.307468
1.0,47,81.361616
0.0,78,81.451573
1.0,22,81.47698
1.0,15,81.494305
0.0,41,81.541555
0.0,22,81.566781
0.0,13,81.581932
0.0,9,81.592583
0.0,38,81.636248
1.0,14,81.652504
0.0,2,81.65488
0.0,15,81.672065
0.0,4,81.676841
1.0,17,81.696454
1.0,45,81.748441
0.0,1,81.74966
1.0,25,81.778487
0.0,1,81.77977
1.0,26,81.809675
0.0,22,81.835089
1.0,11,81.847765
0.0,13,81.862741
0.0,26,81.892691
0.0,16,81.911265
1.0,13,81.926393
0.0,5,81.932341
0.0,22,81.957783
1.0,14,81.97399
1.0,23,82.000466
0.0,3,82.004052
0.0,57,82.069715
1.0,23,82.096146
0.0,26,82.126267
1.0,27,82.157504
0.0,100,82.46655
0.0,40,82.536151
0.0,5,82.542309
1.0,19,82.569231
0.0,7,82.577449
1.0,25,82.606316
0.0,7,82.614464
0.0,18,82.635196
1.0,37,82.6777
0.0,16,82.696304
0.0,11,82.70894
0.0,40,82.755064
0.0,4,82.759771
1.0,15,82.777035
0.0,5,82.782854
0.0,36,82.824465
0.0,5,82.83034
0.0,5,82.836171
1.0,20,82.859178
1.0,18,82.879893
1.0,47,82.933997
0.0,4,82.938875
0.0,36,82.980178
0.0,20,83.003304
0.0,3,83.006917
1.0,15,83.024208
0.0,14,83.04036
0.0,26,83.070356
0.0,15,83.087699
1.0,24,83.115276
0.0,19,83.137262
0.0,1,83.138572
0.0,15,83.155849
0.0,10,83.167486
0.0,3,83.171011
1.0,6,83.178055
0.0,5,83.183872
0.0,4,83.188545
1.0,28,83.220803
1.0,22,83.246197
1.0,15,83.263495
1.0,60,83.332756
0.0,9,83.343222
0.0,8,83.352514
1.0,16,83.370828
0.0,16,83.389297
1.0,45,83.441062
0.0,16,83.459603
0.0,9,83.469916
0.0,7,83.477902
0.0,33,83.515842
0.0,3,83.519376
0.0,5,83.525184
1.0,32,83.562058
0.0,32,83.598959
1.0,47,83.653086
1.0,11,83.665795
0.0,28,83.697961
1.0,14,83.714269
0.0,2,83.716712
0.0,58,83.783442
0.0,9,83.793839
0.0,9,83.804227
0.0,6,83.811209
0.0,19,83.833156
0.0,56,83.897653
1.0,37,83.940211
1.0,49,83.996558
1.0,23,84.023247
0.0,9,84.033826
0.0,2,84.036305
0.0,21,84.060557
1.0,30,84.095133
0.0,12,84.10901
1.0,23,84.135547
0.0,1,84.136826
1.0,45,84.188638
0.0,2,84.191105
1.0,18,84.211742
0.0,33,84.286219
1.0,12,84.433813
1.0,18,84.454596
0.0,30,84.489248
0.0,29,84.522646
0.0,5,84.528463
0.0,12,84.54236
1.0,15,84.559615
0.0,20,84.582682
0.0,8,84.591947
0.0,4,84.596651
0.0,9,84.60706
0.0,11,84.619772
1.0,7,84.627865
1.0,17,84.647591
1.0,8,84.656926
1.0,35,84.697153
0.0,3,84.700697
0.0,2,84.703068
0.0,1,84.704303
1.0,25,84.733084
1.0,29,84.766535
0.0,24,84.794194
0.0,14,84.810465
0.0,4,84.815187
0.0,31,84.850849
0.0,70,84.931276
0.0,17,84.950941
0.0,33,84.988868
0.0,35,85.029073
0.0,12,85.042827
0.0,2,85.04522
1.0,42,85.093564
1.0,40,85.139282
1.0,14,85.155601
0.0,5,85.161395
0.0,6,85.168408
0.0,1,85.169701
1.0,8,85.178994
1.0,37,85.221601
0.0,13,85.236673
0.0,8,85.245914
0.0,3,85.249448
0.0,10,85.260978
0.0,16,85.279401
0.0,11,85.292176
1.0,31,85.327885
1.0,29,85.361231
0.0,1,85.362456
1.0,31,85.398114
0.0,7,85.406373
0.0,9,85.416939
1.0,12,85.430741
0.0,39,85.475598
0.0,13,85.490686
1.0,25,85.519332
0.0,7,85.527359
1.0,38,85.57117
1.0,43,85.620704
0.0,5,85.626446
1.0,31,85.662071
1.0,10,85.673668
0.0,25,85.702521
0.0,58,85.769366
0.0,24,85.797001
0.0,5,85.802827
0.0,13,85.81777
0.0,1,85.818995
0.0,27,85.850017
0.0,13,85.864916
0.0,16,85.88336
0.0,28,85.915601
0.0,15,85.932964
0.0,4,85.937709
0.0,10,85.949273
0.0,21,85.973507
0.0,9,85.983913
0.0,6,85.990887
1.0,73,86.074761
0.0,35,86.115139
0.0,42,86.16351
0.0,10,86.175092
0.0,8,86.184442
0.0,1,86.185663
0.0,12,86.19957
0.0,1,86.200872
0.0,7,86.208895
1.0,20,86.231893
0.0,11,86.244616
0.0,37,86.287142
0.0,17,86.475246
0.0,14,86.490524
0.0,9,86.500942
0.0,19,86.522746
0.0,30,86.557295
0.0,16,86.575801
0.0,1,86.577035
0.0,10,86.588582
0.0,2,86.591032
0.0,4,86.595727
0.0,62,86.666948
0.0,40,86.712913
0.0,14,86.729082
0.0,14,86.745313
0.0,7,86.753565
0.0,11,86.766293
0.0,40,86.812358
0.0,11,86.825309
0.0,51,86.883836
1.0,22,86.909184
0.0,9,86.919596
0.0,4,86.924353
1.0,47,86.978405
0.0,27,87.009466
0.0,14,87.025648
1.0,39,87.070481
0.0,1,87.071704
0.0,6,87.078691
0.0,35,87.118937
0.0,7,87.126992
0.0,26,87.156964
0.0,39,87.201662
0.0,13,87.21674
0.0,21,87.240952
1.0,54,87.302829
0.0,2,87.305204
1.0,19,87.327067
1.0,18,87.347872
1.0,40,87.393832
0.0,8,87.403013
0.0,9,87.413348
1.0,26,87.443167
0.0,8,87.452515
0.0,12,87.466361
1.0,18,87.487099
0.0,5,87.492973
1.0,17,87.512554
0.0,1,87.513777
0.0,22,87.539073
0.0,14,87.555245
1.0,25,87.584166
0.0,15,87.60138
0.0,24,87.62902
1.0,50,87.686551
0.0,11,87.699246
0.0,43,87.748693
1.0,38,87.79248
0.0,85,87.89005
0.0,10,87.90163
0.0,11,87.914347
0.0,2,87.916713
1.0,19,87.938616
0.0,12,87.952504
1.0,21,87.976705
1.0,65,88.051236
0.0,6,88.058309
0.0,40,88.104235
1.0,38,88.14804
0.0,10,88.159688
1.0,25,88.188554
0.0,3,88.192092
1.0,35,88.232351
1.0,31,88.268049
0.0,5,88.274016
1.0,33,88.311857
0.0,38,88.535449
1.0,23,88.561849
1.0,29,88.595375
0.0,8,88.604642
0.0,20,88.62763
0.0,9,88.638019
0.0,27,88.669056
1.0,8,88.678429
0.0,12,88.692359
0.0,56,88.756572
1.0,29,88.790012
0.0,2,88.792482
0.0,2,88.79486
0.0,4,88.799528
1.0,11,88.812305
0.0,25,88.841198
1.0,14,88.857356
0.0,14,88.87348
0.0,19,88.895316
1.0,18,88.916121
1.0,42,88.982399
0.0,30,89.032717
0.0,21,89.068921
1.0,11,89.084979
0.0,72,89.173532
0.0,5,89.179469
0.0,8,89.188763
1.0,22,89.21412
0.0,2,89.216509
0.0,36,89.258001
1.0,31,89.293802
1.0,32,89.330814
0.0,21,89.354945
1.0,9,89.365307
1.0,23,89.391973
0.0,3,89.395504
0.0,9,89.405925
0.0,18,89.426748
1.0,7,89.434869
1.0,8,89.444151
0.0,18,89.464821
0.0,10,89.476379
0.0,11,89.489245
1.0,11,89.502081
0.0,10,89.513737
0.0,4,89.518411
0.0,11,89.531026
1.0,20,89.554063
0.0,1,89.5553
0.0,27,89.586347
0.0,3,89.590034
1.0,36,89.631558
1.0,30,89.666099
0.0,19,89.688072
0.0,51,89.746747
0.0,8,89.756042
0.0,7,89.764399
0.0,6,89.771271
0.0,4,89.775955
1.0,16,89.794357
0.0,6,89.802888
0.0,26,89.831464
0.0,4,89.836136
1.0,16,89.854509
0.0,5,89.860399
0.0,10,89.871942
1.0,40,89.9179
1.0,32,89.954867
0.0,1,89.956094
0.0,9,89.9665
0.0,39,90.011222
0.0,1,90.01245
1.0,9,90.022928
0.0,18,90.043664
0.0,25,90.072412
0.0,11,90.085119
1.0,17,90.104786
0.0,10,90.116339
0.0,16,90.134855
0.0,19,90.156765
0.0,4,90.161463
0.0,13,90.176446
0.0,3,90.179981
0.0,2,90.182347
0.0,3,90.185853
1.0,17,90.205413
0.0,26,90.235316
0.0,47,90.289644
1.0,11,90.30233
0.0,39,90.347461
1.0,10,90.359049
1.0,18,90.466209
0.0,12,90.564332
1.0,27,90.594085
1.0,12,90.608058
1.0,20,90.631048
1.0,16,90.649557
1.0,23,90.67609
0.0,5,90.682004
0.0,24,90.709716
0.0,2,90.712156
0.0,22,90.737522
0.0,1,90.738755
1.0,24,90.766349
0.0,3,90.769877
0.0,29,90.803242
1.0,28,90.835476
0.0,17,90.855117
1.0,11,90.867806
0.0,11,90.880507
0.0,4,90.885175
0.0,9,90.895593
0.0,2,90.897905
0.0,45,90.949483
1.0,34,90.988761
1.0,9,90.999187
0.0,31,91.034827
0.0,15,91.052129
0.0,24,91.079808
0.0,19,91.101744
1.0,41,91.148899
0.0,10,91.160482
0.0,26,91.190462
0.0,21,91.21466
1.0,15,91.231943
0.0,16,91.250393
0.0,8,91.259736
1.0,37,91.302213
0.0,59,91.370105
1.0,13,91.385124
1.0,30,91.419703
0.0,7,91.428016
0.0,34,91.467283
0.0,11,91.480057
0.0,15,91.497335
0.0,11,91.510116
1.0,28,91.542423
0.0,22,91.567819
0.0,35,91.608017
1.0,30,91.642525
0.0,1,91.643746
0.0,9,91.654182
1.0,41,91.701481
1.0,9,91.711897
0.0,19,91.733797
1.0,23,91.760333
1.0,20,91.783514
0.0,24,91.811266
0.0,33,91.849407
0.0,1,91.850642
1.0,34,91.889814
0.0,7,91.897918
0.0,21,91.922144
0.0,6,91.929123
0.0,3,91.932651
0.0,15,91.950006
1.0,18,91.970662
1.0,25,91.999382
1.0,40,92.045474
0.0,25,92.074309
0.0,33,92.112223
0.0,2,92.114603
0.0,34,92.153549
0.0,13,92.168582
1.0,28,92.20089
1.0,19,92.222835
0.0,10,92.234419
0.0,28,92.266649
1.0,45,92.318543
0.0,4,92.323235
0.0,71,92.405002
0.0,14,92.496211
0.0,9,92.602863
1.0,26,92.632734
0.0,7,92.640849
0.0,9,92.651368
0.0,2,92.653738
0.0,37,92.696259
1.0,36,92.73759
0.0,37,92.780339
0.0,8,92.7896
0.0,52,92.849463
0.0,14,92.865688
0.0,2,92.868134
0.0,32,92.905016
0.0,10,92.916603
1.0,95,93.025845
1.0,24,93.053577
0.0,4,93.058342
0.0,10,93.069775
0.0,9,93.080178
1.0,30,93.114744
1.0,19,93.136662
1.0,15,93.153996
1.0,18,93.174844
0.0,21,93.199052
1.0,26,93.229026
0.0,6,93.235999
1.0,8,93.245288
0.0,38,93.28899
0.0,8,93.298264
0.0,15,93.31556
0.0,51,93.374266
0.0,12,93.388186
0.0,3,93.391789
0.0,31,93.427428
0.0,4,93.432088
0.0,2,93.434543
1.0,9,93.444969
1.0,28,93.477236
1.0,25,93.506035
0.0,24,93.533777
0.0,25,93.562627
0.0,25,93.591502
0.0,1,93.592738
0.0,12,93.606626
1.0,32,93.643627
1.0,15,93.661011
0.0,18,93.681774
1.0,41,93.7289
1.0,9,93.739328
1.0,12,93.753274
1.0,31,93.789008
0.0,1,93.790228
1.0,34,93.829405
0.0,2,93.831791
0.0,17,93.85135
0.0,8,93.860674
0.0,4,93.865344
0.0,10,93.876875
1.0,41,93.923971
0.0,2,93.926376
0.0,25,93.955103
1.0,18,93.975926
1.0,14,93.992009
0.0,7,94.000057
1.0,12,94.013877
1.0,13,94.028931
0.0,35,94.069178
1.0,27,94.100366
1.0,66,94.176281
1.0,16,94.194794
0.0,42,94.243027
0.0,1,94.244261
0.0,23,94.2708
1.0,13,94.285926
0.0,89,94.388322
0.0,11,94.403315
0.0,36,94.443571
0.0,37,94.659526
0.0,2,94.661864
1.0,38,94.705473
0.0,3,94.709081
1.0,31,94.744733
1.0,69,94.824191
0.0,16,94.842763
0.0,49,94.89909
1.0,17,94.918695
0.0,33,94.95655
0.0,10,94.968198
1.0,13,94.983206
0.0,29,95.016524
0.0,8,95.025794
0.0,35,95.066106
1.0,48,95.121368
0.0,23,95.147909
0.0,25,95.176747
1.0,15,95.194033
0.0,34,95.23322
0.0,6,95.240046
0.0,18,95.260803
0.0,23,95.287323
0.0,44,95.337746
1.0,65,95.412549
1.0,22,95.437797
1.0,26,95.467764
0.0,7,95.475894
0.0,43,95.52543
0.0,3,95.528965
1.0,35,95.569209
0.0,4,95.573762
0.0,10,95.585336
0.0,22,95.610742
0.0,8,95.620024
0.0,22,95.64537
1.0,13,95.660381
0.0,24,95.687974
1.0,11,95.700774
0.0,3,95.704309
0.0,6,95.711289
0.0,9,95.72179
0.0,14,95.737936
0.0,5,95.743686
0.0,6,95.750649
0.0,6,95.757537
1.0,46,95.810343
1.0,15,95.827744
0.0,12,95.841739
0.0,22,95.867107
0.0,8,95.8764
0.0,2,95.878865
1.0,11,95.891549
0.0,10,95.903104
0.0,12,95.916968
1.0,21,95.941231
0.0,7,95.949212
0.0,39,95.994131
0.0,19,96.016104
0.0,17,96.035635
1.0,58,96.102413
0.0,3,96.106019
0.0,26,96.135938
0.0,1,96.137177
0.0,24,96.164768
1.0,26,96.194772
0.0,15,96.225754
1.0,8,96.235219
0.0,2,96.240422
0.0,21,96.277642
1.0,33,96.331785
1.0,38,96.383165
1.0,38,96.427221
0.0,11,96.439897
0.0,38,96.483556
1.0,6,96.490597
0.0,23,96.655745
0.0,6,96.691051
0.0,28,96.722307
0.0,16,96.740747
0.0,2,96.743181
1.0,16,96.762196
0.0,8,96.771599
0.0,20,96.794664
1.0,23,96.821076
0.0,21,96.845369
1.0,13,96.860402
1.0,20,96.8835
1.0,13,96.898631
1.0,17,96.918242
1.0,26,96.948114
1.0,16,96.966607
0.0,8,96.975942
1.0,15,96.993233
0.0,12,97.007213
1.0,22,97.032522
0.0,14,97.048687
0.0,2,97.051079
0.0,15,97.068424
0.0,4,97.073083
0.0,11,97.085838
0.0,45,97.13754
0.0,19,97.15944
1.0,21,97.183668
0.0,20,97.206696
1.0,17,97.226325
0.0,5,97.232066
1.0,46,97.284956
0.0,9,97.295373
0.0,10,97.306905
1.0,15,97.324172
0.0,17,97.344196
0.0,31,97.380026
0.0,1,97.381264
1.0,88,97.482376
0.0,28,97.514693
0.0,19,97.536669
0.0,14,97.552873
0.0,48,97.608052
0.0,43,97.657477
0.0,5,97.66339
0.0,1,97.664625
1.0,18,97.685495
1.0,19,97.707375
0.0,6,97.714359
1.0,19,97.736233
1.0,38,97.780119
0.0,22,97.805595
1.0,11,97.818323
0.0,16,97.83686
0.0,30,97.871402
0.0,26,97.901672
1.0,34,97.940832
1.0,57,98.006469
0.0,23,98.033139
0.0,8,98.042568
0.0,18,98.06351
0.0,6,98.070579
0.0,8,98.079896
0.0,20,98.103001
1.0,10,98.114606
1.0,28,98.146889
0.0,41,98.194078
1.0,40,98.240236
0.0,5,98.24615
0.0,22,98.271603
1.0,11,98.284326
0.0,37,98.32695
0.0,14,98.343226
0.0,28,98.375347
0.0,12,98.389199
1.0,12,98.40305
1.0,39,98.447922
0.0,5,98.453765
0.0,4,98.458459
0.0,13,98.473512
0.0,25,98.502395
1.0,44,98.626209
0.0,10,98.73378
0.0,20,98.756031
0.0,24,98.783685
0.0,10,98.795244
0.0,24,98.82312
0.0,12,98.837149
0.0,16,98.855656
0.0,44,98.906237
0.0,2,98.908694
0.0,1,98.909924
0.0,12,98.923863
0.0,42,98.972097
0.0,5,98.977998
1.0,19,98.9998
0.0,7,99.00799
1.0,41,99.055181
0.0,42,99.103492
1.0,56,99.167922
1.0,29,99.201249
1.0,9,99.211757
1.0,22,99.237219
0.0,34,99.276592
0.0,18,99.297377
0.0,5,99.303197
1.0,15,99.320517
0.0,26,99.350625
0.0,5,99.356472
0.0,12,99.370337
0.0,23,99.396642
0.0,8,99.405912
1.0,16,99.424392
1.0,60,99.493319
0.0,16,99.511606
0.0,3,99.515214
1.0,23,99.54168
1.0,18,99.562454
0.0,12,99.576377
1.0,20,99.599454
1.0,10,99.611002
0.0,43,99.660492
1.0,35,99.70077
0.0,13,99.715847
1.0,13,99.730857
0.0,11,99.743585
0.0,3,99.747045
1.0,21,99.771224
0.0,10,99.782783
0.0,23,99.809233
0.0,14,99.825323
1.0,31,99.867045
1.0,18,99.883623
0.0,1,99.884795
0.0,1,99.885957
0.0,1,99.887126
0.0,11,99.899572
1.0,27,99.93083
0.0,11,99.943666
0.0,27,99.974878
0.0,3,99.978427
0.0,4,99.9831
0.0,18,100.003789
0.0,10,100.015367
0.0,12,100.029213
0.0,2,100.031542
0.0,25,100.060453
0.0,2,100.062838
0.0,18,100.083636
0.0,17,100.103324
0.0,28,100.135593
0.0,3,100.139161
0.0,10,100.15077
0.0,38,100.194608
0.0,13,100.209628
0.0,15,100.226942
0.0,2,100.229341
0.0,6,100.236318
0.0,10,100.247961
0.0,6,100.254936
1.0,60,100.323933
0.0,6,100.330926
0.0,39,100.375829
0.0,27,100.406942
0.0,66,100.482883
0.0,10,100.49452
0.0,10,100.50611
0.0,1,100.507407
0.0,26,100.537407
0.0,3,100.540948
0.0,31,100.576725
0.0,2,100.579099
0.0,13,100.716216
0.0,1,100.725824
1.0,24,100.788995
1.0,22,100.814332
0.0,14,100.830661
0.0,55,100.893996
0.0,29,100.927555
1.0,29,100.960995
0.0,18,100.981894
1.0,22,101.007155
0.0,6,101.014138
0.0,33,101.052215
1.0,26,101.08215
0.0,26,101.112047
0.0,14,101.128269
1.0,17,101.147811
0.0,52,101.207717
0.0,4,101.21242
0.0,2,101.214805
1.0,13,101.229818
1.0,72,101.312663
0.0,3,101.316265
0.0,9,101.326745
0.0,4,101.331432
0.0,1,101.332654
0.0,10,101.344283
1.0,12,101.358234
0.0,7,101.366392
0.0,5,101.372205
0.0,35,101.412539
0.0,21,101.436785
0.0,31,101.472691
1.0,19,101.494603
0.0,9,101.505035
0.0,5,101.510872
1.0,17,101.530508
0.0,15,101.54786
1.0,60,101.616936
0.0,11,101.629668
1.0,24,101.657249
0.0,32,101.69415
0.0,11,101.707026
0.0,25,101.736726
0.0,2,101.739244
0.0,14,101.755438
1.0,53,101.816514
0.0,27,101.847774
0.0,7,101.855918
1.0,37,101.89869
1.0,17,101.918275
0.0,5,101.924179
1.0,15,101.941488
0.0,2,101.943857
1.0,46,101.996884
0.0,28,102.029302
0.0,49,102.085923
0.0,20,102.10898
0.0,25,102.137753
0.0,2,102.14013
0.0,5,102.146034
0.0,68,102.224226
1.0,32,102.261206
0.0,82,102.355573
0.0,1,102.356806
1.0,34,102.395959
1.0,24,102.423603
0.0,17,102.44338
1.0,28,102.475753
1.0,23,102.502306
1.0,36,102.543789
0.0,6,102.550786
1.0,12,102.564701
1.0,64,102.786212
0.0,3,102.81806
0.0,2,102.820335
0.0,31,102.85537
1.0,28,102.887796
0.0,23,102.914358
0.0,73,102.998313
0.0,12,103.012212
0.0,4,103.016886
1.0,19,103.038772
0.0,25,103.067623
0.0,5,103.073471
0.0,1,103.074696
0.0,8,103.083958
0.0,5,103.089792
0.0,4,103.094463
0.0,1,103.095684
0.0,6,103.10265
0.0,52,103.162544
0.0,34,103.201771
0.0,21,103.226027
0.0,2,103.228417
0.0,5,103.234241
1.0,9,103.244697
0.0,8,103.253996
0.0,8,103.263339
0.0,1,103.264617
0.0,23,103.291208
0.0,2,103.293536
1.0,32,103.330385
0.0,19,103.352407
0.0,11,103.36512
1.0,62,103.436668
0.0,3,103.440199
0.0,8,103.449491
1.0,28,103.481946
0.0,6,103.488889
0.0,6,103.495901
0.0,5,103.501798
1.0,23,103.528377
1.0,47,103.582649
1.0,8,103.591925
0.0,22,103.617259
0.0,23,103.643905
1.0,33,103.682088
0.0,7,103.69036
0.0,11,103.703068
1.0,7,103.711208
1.0,25,103.740072
1.0,29,103.773539
0.0,3,103.777128
0.0,24,103.804842
0.0,9,103.8153
0.0,38,103.859192
1.0,28,103.891516
0.0,67,103.96893
0.0,3,103.972487
0.0,16,103.99092
0.0,17,104.010546
0.0,2,104.012922
0.0,6,104.020045
0.0,4,104.024729
0.0,2,104.027097
1.0,15,104.04442
0.0,33,104.082381
0.0,43,104.131879
1.0,18,104.15278
1.0,20,104.175843
0.0,4,104.180553
1.0,33,104.218684
0.0,1,104.219912
0.0,16,104.238384
0.0,3,104.24208
0.0,24,104.26975
1.0,23,104.296287
1.0,20,104.319291
0.0,9,104.32971
0.0,5,104.335531
0.0,2,104.337955
0.0,9,104.348368
1.0,12,104.362304
1.0,19,104.384208
0.0,1,104.38546
1.0,49,104.441922
0.0,1,104.443172
0.0,17,104.462638
1.0,22,104.488099
0.0,34,104.527228
0.0,31,104.56303
0.0,9,104.573457
0.0,1,104.574683
0.0,6,104.581665
0.0,40,104.627677
0.0,7,104.635819
0.0,4,104.640496
1.0,58,104.880491
1.0,13,104.895473
0.0,8,104.904814
0.0,13,104.919919
1.0,49,104.976293
1.0,24,105.003899
0.0,34,105.042977
0.0,9,105.053431
0.0,1,105.054711
0.0,23,105.081179
1.0,15,105.098586
0.0,6,105.1057
0.0,18,105.126504
1.0,27,105.157616
1.0,28,105.190019
1.0,11,105.20274
0.0,37,105.245315
0.0,9,105.25584
0.0,17,105.275512
0.0,13,105.290605
0.0,12,105.304625
1.0,21,105.328915
0.0,56,105.393389
0.0,51,105.452118
0.0,4,105.456877
0.0,10,105.468478
0.0,13,105.483516
0.0,11,105.506142
0.0,8,105.521263
1.0,11,105.540942
0.0,13,105.561018
0.0,15,105.585555
1.0,18,105.616831
0.0,21,105.647885
0.0,3,105.652534
0.0,16,105.671042
0.0,42,105.719549
0.0,6,105.726539
0.0,15,105.743857
1.0,36,105.785358
1.0,23,105.811851
1.0,14,105.828091
1.0,25,105.85706
0.0,10,105.868708
0.0,26,105.898532
0.0,9,105.908866
1.0,19,105.930803
1.0,30,105.96552
0.0,45,106.017388
0.0,3,106.020933
0.0,6,106.027915
0.0,3,106.031451
1.0,7,106.039636
0.0,20,106.062605
0.0,27,106.093715
0.0,22,106.118958
0.0,25,106.147801
0.0,32,106.18488
0.0,42,106.233173
0.0,36,106.274612
1.0,7,106.282775
0.0,13,106.297805
1.0,54,106.360054
0.0,1,106.361297
1.0,16,106.379766
1.0,65,106.454626
0.0,4,106.459312
0.0,3,106.462922
1.0,48,106.518136
0.0,13,106.533242
0.0,56,106.597727
0.0,19,106.619672
0.0,25,106.648491
1.0,12,106.662339
0.0,3,106.665856
0.0,7,106.673982
1.0,22,106.699315
0.0,27,106.903318
0.0,18,106.923214
1.0,17,106.942711
0.0,4,106.947398
1.0,8,106.956684
0.0,10,106.968349
0.0,3,106.971875
1.0,26,107.00193
1.0,58,107.06854
0.0,35,107.108867
1.0,10,107.120447
0.0,9,107.130853
1.0,15,107.148148
0.0,20,107.17115
1.0,22,107.196669
0.0,2,107.199055
0.0,14,107.215239
0.0,6,107.22231
0.0,7,107.23052
1.0,44,107.281182
0.0,5,107.287076
0.0,2,107.289472
0.0,9,107.299876
1.0,32,107.336905
1.0,65,107.411722
0.0,11,107.424603
0.0,20,107.447718
1.0,32,107.504709
0.0,60,107.603242
0.0,22,107.630916
1.0,43,107.680802
1.0,17,107.700497
1.0,53,107.7614
0.0,1,107.762633
0.0,10,107.77431
0.0,2,107.776709
1.0,35,107.817093
0.0,8,107.826331
1.0,15,107.843792
0.0,29,107.877415
1.0,27,107.908743
1.0,15,107.926066
0.0,2,107.928543
1.0,49,107.984996
0.0,34,108.024313
0.0,2,108.026699
0.0,34,108.0659
0.0,1,108.067139
0.0,21,108.091367
0.0,33,108.129469
0.0,13,108.144523
0.0,21,108.168702
0.0,3,108.172247
0.0,14,108.188433
0.0,75,108.274688
0.0,1,108.275991
0.0,1,108.277222
1.0,31,108.31291
0.0,9,108.323336
0.0,3,108.326858
0.0,9,108.337296
0.0,2,108.339679
1.0,13,108.354777
1.0,21,108.379024
1.0,27,108.410282
1.0,18,108.431069
1.0,25,108.459868
1.0,32,108.496855
0.0,14,108.51312
1.0,15,108.530437
1.0,53,108.591598
1.0,10,108.603239
0.0,19,108.625194
1.0,27,108.656357
0.0,5,108.662177
0.0,10,108.673824
1.0,16,108.692381
0.0,21,108.716585
0.0,3,108.720201
0.0,4,108.724795
1.0,37,108.916214
0.0,15,108.956874
0.0,10,108.968265
0.0,13,108.983298
0.0,3,108.986832
0.0,19,109.008761
0.0,17,109.028442
1.0,24,109.056061
0.0,12,109.070052
0.0,1,109.071286
0.0,2,109.073651
1.0,17,109.093251
0.0,2,109.09563
0.0,33,109.133659
0.0,17,109.15328
1.0,24,109.180942
0.0,1,109.182246
0.0,12,109.196213
0.0,24,109.223683
0.0,22,109.249056
0.0,13,109.264102
0.0,2,109.266495
0.0,8,109.275775
0.0,18,109.296496
0.0,1,109.297775
1.0,9,109.308193
0.0,10,109.319765
0.0,100,109.435058
0.0,3,109.438625
0.0,23,109.465019
1.0,18,109.485808
0.0,6,109.492812
0.0,9,109.503217
0.0,4,109.507885
0.0,31,109.543533
0.0,6,109.550514
0.0,8,109.559808
0.0,7,109.567963
0.0,7,109.576169
0.0,5,109.581997
0.0,4,109.58667
0.0,7,109.594801
0.0,27,109.625902
0.0,14,109.642051
1.0,8,109.651321
0.0,28,109.683592
0.0,39,109.728521
0.0,100,109.843601
0.0,14,109.859848
1.0,17,109.879496
0.0,40,109.925406
1.0,9,109.935836
1.0,22,109.961223
1.0,29,109.99477
0.0,17,110.014314
0.0,8,110.023665
1.0,24,110.051374
1.0,20,110.074474
0.0,1,110.075696
0.0,11,110.088536
1.0,32,110.125433
1.0,13,110.140469
1.0,68,110.218652
0.0,10,110.230195
0.0,12,110.24403
1.0,30,110.278691
0.0,4,110.283376
0.0,3,110.286903
1.0,31,110.322632
1.0,26,110.352647
1.0,32,110.389694
0.0,18,110.410567
0.0,4,110.415247
0.0,21,110.439452
0.0,11,110.452192
0.0,13,110.467186
0.0,21,110.491621
0.0,11,110.504355
0.0,15,110.521647
0.0,2,110.523947
0.0,15,110.541412
0.0,16,110.559924
0.0,3,110.563569
1.0,37,110.60616
0.0,8,110.615519
1.0,34,110.654725
0.0,1,110.65595
1.0,36,110.697386
0.0,24,110.725035
1.0,13,110.74008
0.0,21,110.764422
0.0,41,110.988358
0.0,1,110.98919
0.0,22,111.013263
0.0,2,111.015627
0.0,41,111.062858
0.0,1,111.064086
1.0,29,111.097455
0.0,18,111.118229
0.0,1,111.119516
1.0,18,111.140316
0.0,8,111.149512
0.0,32,111.186287
0.0,41,111.233479
0.0,71,111.315203
0.0,5,111.321033
0.0,31,111.356723
1.0,39,111.401646
0.0,4,111.40624
0.0,7,111.414607
0.0,20,111.437657
0.0,4,111.442344
1.0,20,111.46538
1.0,21,111.489575
0.0,8,111.498917
0.0,21,111.523015
0.0,4,111.527854
1.0,17,111.547462
0.0,2,111.549843
1.0,38,111.593623
1.0,35,111.633758
0.0,17,111.653516
0.0,1,111.654748
1.0,35,111.695023
0.0,5,111.700854
0.0,30,111.735454
0.0,1,111.736738
0.0,76,111.824341
0.0,14,111.840469
0.0,37,111.883159
0.0,23,111.90975
0.0,43,111.959319
0.0,2,111.961715
1.0,6,111.968695
0.0,13,111.983751
0.0,4,111.988435
0.0,9,111.998868
0.0,7,112.006994
0.0,12,112.020858
0.0,100,112.136353
0.0,21,112.160646
0.0,8,112.170026
0.0,7,112.178146
0.0,11,112.19086
0.0,8,112.200141
0.0,5,112.206058
0.0,3,112.2096
1.0,29,112.242996
0.0,32,112.279831
0.0,14,112.296007
0.0,31,112.331804
0.0,1,112.333083
0.0,25,112.362091
1.0,27,112.393236
0.0,5,112.399071
0.0,9,112.409509
0.0,24,112.437236
0.0,1,112.438531
0.0,19,112.460367
1.0,40,112.506611
0.0,1,112.507942
0.0,39,112.55288
0.0,9,112.563383
0.0,4,112.568134
0.0,4,112.57284
0.0,3,112.576393
0.0,8,112.585692
0.0,70,112.66629
1.0,17,112.685917
0.0,6,112.692899
1.0,30,112.727523
0.0,56,112.791982
1.0,24,112.819699
0.0,12,112.833645
1.0,40,113.054908
1.0,21,113.079201
1.0,34,113.118438
0.0,1,113.119655
0.0,32,113.156663
1.0,10,113.16824
1.0,36,113.209762
0.0,23,113.236319
0.0,13,113.251567
1.0,18,113.272519
0.0,16,113.290941
1.0,19,113.312848
1.0,22,113.338192
0.0,25,113.367144
0.0,13,113.382421
0.0,38,113.42607
0.0,24,113.453665
0.0,6,113.460724
0.0,10,113.472395
1.0,7,113.480555
0.0,38,113.547795
0.0,10,113.561721
0.0,3,113.568399
0.0,19,113.600941
1.0,43,113.663121
0.0,13,113.678224
0.0,4,113.682922
0.0,22,113.708444
0.0,4,113.713142
0.0,46,113.766088
0.0,19,113.788008
0.0,39,113.832772
0.0,3,113.836394
0.0,24,113.864058
0.0,14,113.880242
0.0,3,113.883773
1.0,22,113.909049
1.0,22,113.934434
1.0,22,113.959878
0.0,24,113.987571
1.0,31,114.023504
1.0,13,114.038533
0.0,8,114.047848
1.0,17,114.067444
0.0,5,114.073302
0.0,39,114.118207
0.0,3,114.121758
1.0,21,114.145996
0.0,14,114.162173
0.0,47,114.216347
0.0,41,114.26364
1.0,17,114.283216
0.0,2,114.285605
1.0,31,114.321222
1.0,27,114.352502
0.0,15,114.369815
0.0,4,114.374491
0.0,6,114.381544
0.0,4,114.386261
1.0,26,114.416157
0.0,24,114.443828
0.0,3,114.447444
0.0,33,114.485427
0.0,27,114.516585
0.0,5,114.522504
0.0,53,114.583472
0.0,26,114.613301
0.0,13,114.628307
0.0,37,114.671013
0.0,20,114.694163
1.0,8,114.703429
1.0,15,114.720766
0.0,44,114.784925
1.0,23,114.82628
1.0,31,114.879461
1.0,23,115.055742
0.0,14,115.08047
0.0,10,115.091987
1.0,8,115.101269
1.0,24,115.128951
0.0,6,115.135917
0.0,18,115.156604
0.0,2,115.159059
0.0,5,115.164931
0.0,12,115.178844
0.0,16,115.197264
0.0,16,115.2158
1.0,27,115.246944
0.0,49,115.303322
1.0,69,115.383024
1.0,19,115.404938
0.0,8,115.41429
1.0,21,115.438591
0.0,3,115.442122
1.0,19,115.464034
0.0,2,115.466423
0.0,16,115.484888
0.0,4,115.48958
0.0,16,115.50809
1.0,29,115.54148
0.0,35,115.581964
1.0,12,115.595906
0.0,14,115.611918
1.0,11,115.624488
1.0,18,115.645182
1.0,17,115.664794
0.0,16,115.683228
0.0,10,115.694784
0.0,18,115.715605
0.0,2,115.717922
0.0,20,115.740995
0.0,5,115.74683
0.0,37,115.789571
0.0,9,115.800191
1.0,20,115.823227
0.0,6,115.8302
0.0,8,115.839463
0.0,15,115.856731
1.0,8,115.866003
1.0,24,115.893706
0.0,26,115.923771
1.0,30,115.958377
0.0,1,115.959601
1.0,42,116.007879
0.0,6,116.014855
0.0,48,116.0701
1.0,38,116.113844
1.0,13,116.128858
1.0,38,116.172619
0.0,1,116.173863
0.0,8,116.183044
0.0,9,116.193474
0.0,28,116.225759
1.0,17,116.245364
0.0,1,116.246582
0.0,9,116.257076
1.0,15,116.274449
0.0,1,116.275671
0.0,45,116.327562
0.0,1,116.328853
0.0,4,116.333612
0.0,2,116.33602
1.0,13,116.35106
0.0,23,116.377646
1.0,24,116.405266
1.0,13,116.420346
1.0,34,116.462006
0.0,4,116.466587
0.0,9,116.476895
0.0,39,116.521861
0.0,26,116.551848
0.0,3,116.555372
0.0,2,116.557739
0.0,14,116.573917
0.0,6,116.580951
0.0,2,116.583343
1.0,33,116.621356
0.0,7,116.629485
0.0,22,116.654759
1.0,46,116.707628
0.0,20,116.730682
0.0,36,116.772142
0.0,11,116.784946
1.0,51,116.843652
0.0,31,116.879542
0.0,7,116.887655
0.0,84,117.157364
0.0,12,117.17125
1.0,21,117.195486
0.0,9,117.206081
0.0,5,117.212045
1.0,30,117.24676
1.0,13,117.261804
0.0,10,117.273367
1.0,22,117.2987
0.0,16,117.317101
0.0,27,117.348266
0.0,77,117.436926
0.0,2,117.439335
1.0,11,117.451894
0.0,16,117.470383
1.0,61,117.540606
0.0,29,117.574013
0.0,7,117.582146
1.0,15,117.59954
0.0,26,117.629569
1.0,30,117.664269
0.0,10,117.675903
1.0,30,117.71037
0.0,14,117.726604
1.0,22,117.7519
0.0,2,117.754281
0.0,57,117.819767
1.0,24,117.847454
0.0,3,117.850976
0.0,21,117.875145
0.0,31,117.910773
0.0,1,117.912
0.0,4,117.916736
0.0,40,117.962599
0.0,57,118.02832
0.0,5,118.034158
0.0,27,118.065182
1.0,24,118.09283
0.0,8,118.10211
0.0,12,118.116049
1.0,14,118.132178
0.0,6,118.139176
0.0,15,118.156452
1.0,45,118.208197
0.0,22,118.233601
1.0,21,118.257885
0.0,35,118.298183
0.0,1,118.299424
1.0,22,118.324754
0.0,1,118.326036
0.0,10,118.337609
0.0,19,118.359696
0.0,6,118.366666
0.0,21,118.390839
0.0,1,118.392064
0.0,29,118.425436
0.0,15,118.442765
0.0,26,118.472579
0.0,17,118.492173
1.0,22,118.517489
1.0,21,118.541675
1.0,17,118.562296
1.0,59,118.630348
0.0,9,118.640766
0.0,1,118.641997
1.0,11,118.654875
0.0,34,118.69408
0.0,2,118.696538
0.0,11,118.709313
0.0,1,118.710546
1.0,38,118.754318
0.0,39,118.799188
1.0,26,118.829054
0.0,16,118.847595
0.0,7,118.855797
0.0,20,118.878885
1.0,46,118.931766
0.0,42,119.136207
0.0,13,119.167869
0.0,14,119.183439
1.0,12,119.197339
0.0,5,119.20317
1.0,29,119.23669
0.0,15,119.254036
0.0,8,119.263327
0.0,2,119.265796
1.0,31,119.30148
0.0,12,119.315336
1.0,44,119.366218
1.0,24,119.393857
1.0,30,119.428376
1.0,12,119.442305
1.0,30,119.476971
1.0,22,119.502449
0.0,58,119.569248
1.0,18,119.590183
0.0,8,119.599459
0.0,7,119.607627
0.0,11,119.620335
0.0,7,119.628384
1.0,9,119.638886
0.0,6,119.64587
1.0,13,119.660921
0.0,53,119.72195
0.0,1,119.723237
0.0,8,119.732532
0.0,2,119.734903
0.0,1,119.736121
0.0,20,119.759203
1.0,31,119.794917
0.0,2,119.797297
0.0,23,119.823803
0.0,5,119.82973
0.0,20,119.852844
1.0,20,119.875951
0.0,30,119.910605
0.0,24,119.938341
0.0,6,119.945222
0.0,4,119.950042
0.0,3,119.953607
0.0,6,119.960638
1.0,13,119.975789
0.0,2,119.978173
1.0,13,119.993189
1.0,21,120.01735
0.0,21,120.041456
0.0,7,120.049577
1.0,15,120.066872
0.0,6,120.073852
0.0,26,120.103684
0.0,27,120.134754
1.0,20,120.157894
0.0,19,120.17983
0.0,23,120.206378
1.0,14,120.222633
0.0,4,120.227318
1.0,24,120.254902
0.0,54,120.317008
0.0,57,120.382905
0.0,39,120.427829
0.0,1,120.429115
0.0,1,120.430363
0.0,32,120.467222
0.0,34,120.506369
1.0,67,120.583579
0.0,31,120.619403
0.0,19,120.641367
0.0,16,120.659853
0.0,7,120.667992
0.0,8,120.677291
0.0,16,120.69576
0.0,20,120.718905
0.0,26,120.748881
0.0,3,120.752415
0.0,18,120.7732
0.0,35,120.813528
0.0,36,120.855066
1.0,15,120.872463
1.0,56,120.936988
1.0,17,120.956621
0.0,18,120.977363
0.0,4,120.98211
1.0,14,120.998324
0.0,27,121.201478
0.0,4,121.20591
1.0,37,121.247841
0.0,1,121.249051
1.0,43,121.298616
1.0,15,121.31594
1.0,25,121.344707
0.0,62,121.416203
0.0,5,121.422316
0.0,18,121.442983
0.0,3,121.446507
0.0,80,121.538512
0.0,14,121.554754
1.0,29,121.588145
1.0,16,121.606607
0.0,25,121.635453
0.0,24,121.663158
0.0,7,121.67136
0.0,8,121.680621
0.0,1,121.681855
0.0,8,121.690994
1.0,16,121.709404
0.0,19,121.731355
1.0,38,121.775042
0.0,4,121.779799
1.0,17,121.799218
1.0,17,121.818901
1.0,19,121.840766
1.0,32,121.877621
0.0,21,121.901937
0.0,6,121.908997
1.0,40,121.955132
0.0,1,121.956371
1.0,24,121.983902
0.0,9,121.994372
0.0,5,122.000185
0.0,17,122.019778
0.0,52,122.079432
0.0,18,122.100163
0.0,45,122.152062
0.0,23,122.178575
1.0,55,122.241811
0.0,7,122.249985
1.0,21,122.27415
0.0,27,122.305333
1.0,29,122.338642
1.0,11,122.351367
1.0,21,122.375597
0.0,4,122.380369
1.0,15,122.397713
0.0,12,122.411636
0.0,11,122.424385
0.0,50,122.481898
0.0,17,122.501544
0.0,6,122.508554
1.0,66,122.584659
0.0,6,122.591644
0.0,18,122.612492
0.0,20,122.635591
0.0,15,122.65306
1.0,16,122.671571
1.0,7,122.679694
0.0,13,122.69471
1.0,14,122.710854
0.0,19,122.732727
0.0,4,122.737472
1.0,62,122.808767
0.0,35,122.849111
1.0,19,122.871207
1.0,15,122.888509
1.0,20,122.911609
1.0,33,122.949763
1.0,48,123.004971
0.0,15,123.022268
0.0,13,123.037241
0.0,3,123.040931
0.0,4,123.045631
0.0,2,123.048095
0.0,1,123.049326
0.0,24,123.247444
0.0,24,123.274616
0.0,29,123.308027
1.0,63,123.380327
0.0,31,123.416115
0.0,1,123.417406
0.0,11,123.430227
1.0,18,123.450938
1.0,40,123.496945
0.0,32,123.533788
1.0,10,123.545421
1.0,27,123.576497
0.0,1,123.577723
0.0,5,123.583546
0.0,33,123.621479
0.0,16,123.640045
0.0,22,123.665412
0.0,4,123.670092
0.0,7,123.67822
0.0,17,123.69782
1.0,21,123.721999
1.0,29,123.755417
0.0,7,123.76361
0.0,1,123.76492
0.0,6,123.771885
0.0,44,123.822505
0.0,7,123.830623
0.0,22,123.855976
0.0,9,123.866551
0.0,3,123.870086
0.0,11,123.88279
0.0,29,123.916092
1.0,28,123.948455
0.0,5,123.954291
0.0,2,123.956662
0.0,54,124.018696
1.0,30,124.053259
0.0,36,124.094792
0.0,26,124.124701
0.0,27,124.155747
1.0,8,124.165031
1.0,30,124.1997
0.0,1,124.200924
1.0,28,124.23323
0.0,9,124.243659
1.0,18,124.264392
1.0,84,124.361083
1.0,50,124.41874
0.0,42,124.46704
1.0,23,124.493595
0.0,1,124.494843
0.0,39,124.539573
1.0,58,124.606558
0.0,8,124.615855
1.0,8,124.625135
0.0,25,124.654015
0.0,12,124.668006
1.0,39,124.712895
0.0,2,124.715298
0.0,4,124.719934
1.0,17,124.73952
0.0,6,124.746554
0.0,24,124.774607
1.0,20,124.797766
0.0,35,124.838025
1.0,24,124.865725
0.0,9,124.876136
1.0,59,124.944002
0.0,22,124.969556
0.0,4,124.974229
0.0,53,125.035159
0.0,11,125.04791
1.0,39,125.092964
1.0,16,125.276137
1.0,26,125.311358
0.0,19,125.333265
0.0,12,125.347227
0.0,20,125.370424
0.0,7,125.37854
0.0,4,125.383197
1.0,38,125.426905
0.0,14,125.443032
0.0,12,125.456962
0.0,15,125.47417
0.0,23,125.500514
0.0,9,125.510949
0.0,5,125.516783
1.0,64,125.590228
0.0,7,125.598454
0.0,3,125.60198
0.0,6,125.608962
0.0,14,125.625122
0.0,7,125.63337
1.0,7,125.641502
1.0,15,125.658855
0.0,20,125.681797
0.0,67,125.758777
0.0,32,125.795716
1.0,44,125.846155
0.0,2,125.848543
1.0,29,125.882059
0.0,8,125.891358
1.0,10,125.903012
0.0,3,125.906549
0.0,5,125.912399
1.0,11,125.925028
1.0,14,125.941195
1.0,38,125.984764
0.0,5,125.990594
0.0,10,126.002169
1.0,17,126.021853
1.0,37,126.064456
1.0,43,126.113943
1.0,17,126.133551
1.0,20,126.156588
1.0,33,126.194718
1.0,22,126.220188
0.0,8,126.22947
0.0,8,126.238882
0.0,11,126.251552
0.0,5,126.257391
0.0,71,126.338943
0.0,27,126.37014
0.0,34,126.409334
0.0,23,126.435819
1.0,9,126.446218
0.0,8,126.455352
0.0,27,126.486552
0.0,3,126.490092
0.0,4,126.494775
0.0,5,126.500607
0.0,1,126.501836
0.0,18,126.522676
1.0,10,126.534248
0.0,4,126.539022
0.0,14,126.555245
0.0,13,126.570293
0.0,2,126.572723
0.0,1,126.573946
0.0,1,126.575169
0.0,8,126.584457
0.0,2,126.586833
0.0,1,126.588052
1.0,39,126.633007
0.0,2,126.635404
0.0,4,126.640249
1.0,15,126.657687
1.0,17,126.677275
1.0,41,126.724502
1.0,48,126.779824
1.0,39,126.824813
0.0,3,126.828351
1.0,38,126.872332
1.0,29,126.905667
1.0,29,126.93897
0.0,5,126.94481
0.0,7,126.95302
0.0,13,126.968052
0.0,28,127.000343
0.0,8,127.009613
1.0,32,127.04647
1.0,11,127.059191
0.0,11,127.071985
1.0,16,127.090466
0.0,14,127.106629
1.0,19,127.12855
0.0,20,127.328226
0.0,9,127.338492
0.0,3,127.342089
1.0,31,127.377955
0.0,2,127.380381
0.0,16,127.398784
1.0,28,127.430985
1.0,53,127.491958
0.0,78,127.581873
0.0,18,127.602651
0.0,17,127.622338
1.0,24,127.649992
0.0,27,127.681051
0.0,10,127.692717
0.0,3,127.696244
0.0,20,127.719259
0.0,8,127.728608
0.0,13,127.743675
0.0,3,127.747186
0.0,2,127.749568
0.0,14,127.765655
0.0,25,127.794362
1.0,55,127.857733
0.0,23,127.884367
1.0,19,127.90627
0.0,14,127.922586
1.0,24,127.950464
0.0,32,127.987269
1.0,15,128.004702
0.0,52,128.064452
0.0,4,128.069075
0.0,1,128.070308
0.0,3,128.073834
0.0,65,128.148566
0.0,19,128.170594
1.0,48,128.225741
0.0,9,128.236142
0.0,3,128.239667
0.0,10,128.251209
1.0,50,128.254785
1.0,25,128.255579
1.0,38,128.256745
1.0,37,128.25784
1.0,40,128.259026
1.0,45,128.260355
1.0,57,128.261995
1.0,39,128.263146
1.0,32,128.2641
1.0,27,128.264924
1.0,44,128.266208
1.0,14,128.266673
1.0,36,128.267738
1.0,21,128.268399
0.0,100,128.27123
1.0,37,128.27233
1.0,16,128.272837
1.0,36,128.273897
1.0,44,128.275182
1.0,24,128.275914
1.0,20,128.276544
1.0,9,128.276859
1.0,26,128.277652
1.0,30,128.278556
1.0,45,128.279866
1.0,28,128.280714
1.0,16,128.281221
1.0,17,128.281761
1.0,36,128.282826
1.0,26,128.283615
1.0,22,128.2843
1.0,30,128.285189
1.0,47,128.286557
1.0,19,128.287142
1.0,20,128.287768
1.0,21,128.288446
1.0,14,128.288898
1.0,32,128.28985
1.0,21,128.290506
1.0,31,128.291433
1.0,88,128.29393
1.0,56,128.295554
1.0,23,128.296262
1.0,32,128.297206
1.0,17,128.297745
1.0,27,128.298565
1.0,22,128.299234
1.0,21,128.299881
1.0,36,128.300945
1.0,13,128.30138
1.0,60,128.303097
1.0,40,128.304279
1.0,20,128.304893
1.0,22,128.305568
1.0,41,128.306763
1.0,30,128.307663
1.0,54,128.309222
1.0,24,128.309955
1.0,30,128.310855
1.0,47,128.312218
1.0,39,128.313373
1.0,46,128.314706
1.0,38,128.315819
1.0,28,128.316661
1.0,19,128.317246
1.0,19,128.317842
1.0,25,128.31861
1.0,24,128.319344
1.0,14,128.319793
1.0,27,128.320608
1.0,28,128.32145
1.0,39,128.322594
1.0,56,128.324203
1.0,24,128.324939
1.0,59,128.326641
1.0,37,128.327736
1.0,33,128.328721
1.0,25,128.329481
1.0,52,128.33098
1.0,22,128.331659
1.0,47,128.333021
1.0,26,128.333808
1.0,23,128.334519
1.0,12,128.334915
1.0,58,128.336586
1.0,54,128.33813
1.0,35,128.339167
1.0,13,128.339603
1.0,41,128.340798
1.0,22,128.341475
1.0,28,128.342314
1.0,21,128.342952
1.0,72,128.344997
1.0,29,128.345869
1.0,39,128.347011
1.0,18,128.347583
1.0,63,128.349392
1.0,65,128.351243
1.0,29,128.352107
1.0,25,128.352864
1.0,21,128.353515
1.0,51,128.355106
1.0,25,128.355874
1.0,40,128.357052
1.0,82,128.359409
1.0,12,128.359803
1.0,14,128.360261
1.0,54,128.361822
1.0,22,128.362504
1.0,26,128.363371
1.0,48,128.364776
1.0,33,128.365761
1.0,17,128.366309
1.0,55,128.367898
1.0,78,128.370131
1.0,44,128.371421
1.0,83,128.373796
1.0,36,128.374863
1.0,28,128.37571
1.0,51,128.377188
1.0,34,128.378196
1.0,58,128.379879
1.0,58,128.381561
1.0,80,128.38384
1.0,32,128.384796
1.0,25,128.385559
1.0,81,128.387866
1.0,24,128.38861
1.0,40,128.389786
1.0,67,128.391711
1.0,36,128.392776
1.0,15,128.39326
1.0,13,128.393687
1.0,50,128.395134
1.0,84,128.397535
1.0,10,128.397878
1.0,30,128.398782
1.0,12,128.399179
1.0,34,128.400187
1.0,53,128.401735
1.0,95,128.404439
1.0,18,128.405001
1.0,10,128.405352
1.0,65,128.407209
1.0,37,128.408319
1.0,22,128.408989
1.0,50,128.410445
1.0,47,128.411814
1.0,60,128.41355
1.0,24,128.414291
1.0,55,128.415882
1.0,36,128.41695
1.0,9,128.417276
1.0,44,128.418563
1.0,20,128.419183
1.0,56,128.420812
1.0,25,128.421582
1.0,46,128.422925
1.0,39,128.424073
1.0,37,128.425163
1.0,17,128.425707
1.0,13,128.42613
1.0,44,128.427425
1.0,24,128.428151
1.0,79,128.430403
1.0,40,128.431575
1.0,85,128.433991
1.0,60,128.435722
1.0,39,128.43687
1.0,46,128.43821
1.0,34,128.439229
1.0,30,128.440135
1.0,56,128.441767
1.0,11,128.442139
1.0,59,128.44386
1.0,26,128.444664
1.0,18,128.445228
1.0,23,128.445939
1.0,48,128.447366
1.0,22,128.448042
1.0,54,128.449615
1.0,55,128.451211
1.0,36,128.452293
1.0,40,128.45347
1.0,22,128.454146
1.0,66,128.456105
1.0,20,128.456737
1.0,24,128.457475
1.0,29,128.458359
1.0,49,128.459784
1.0,47,128.461153
1.0,24,128.461891
1.0,52,128.463416
1.0,20,128.464036
1.0,30,128.46494
1.0,73,128.467036
1.0,62,128.468832
1.0,25,128.4696
1.0,39,128.470748
1.0,41,128.471957
1.0,18,128.472533
1.0,12,128.472929
1.0,60,128.474673
1.0,52,128.476186
1.0,27,128.477006
1.0,37,128.478104
1.0,64,128.479955
1.0,42,128.481186
1.0,15,128.481677
1.0,30,128.482583
1.0,20,128.483202
1.0,24,128.483941
1.0,79,128.486207
1.0,55,128.487799
1.0,57,128.489465
1.0,18,128.490029
1.0,28,128.490875
1.0,16,128.491392
1.0,21,128.492039
1.0,41,128.493235
1.0,20,128.493857
1.0,65,128.495721
1.0,21,128.496377
1.0,25,128.49713
1.0,62,128.498918
1.0,29,128.499795
1.0,27,128.500614
1.0,28,128.501461
1.0,26,128.502244
1.0,28,128.503085
1.0,19,128.503687
1.0,34,128.504701
1.0,14,128.505155
1.0,15,128.505643
1.0,9,128.50596
1.0,41,128.507159
1.0,29,128.508037
1.0,51,128.509526
1.0,74,128.511655
1.0,11,128.512027
1.0,23,128.512742
1.0,44,128.514034
1.0,30,128.514941
1.0,19,128.515546
0.0,100,128.518417
1.0,39,128.519572
1.0,67,128.521505
1.0,22,128.522178
1.0,55,128.523775
1.0,27,128.524601
1.0,44,128.525892
1.0,13,128.526327
1.0,40,128.527523
1.0,64,128.529382
1.0,72,128.531461
1.0,25,128.532217
1.0,25,128.532981
1.0,37,128.534081
1.0,29,128.534964
1.0,52,128.536488
1.0,83,128.538866
1.0,20,128.539499
1.0,16,128.540008
1.0,11,128.540388
1.0,59,128.542097
1.0,15,128.54259
1.0,54,128.544162
1.0,65,128.54605
1.0,26,128.546849
1.0,57,128.548516
1.0,28,128.549369
0.0,100,128.552219
1.0,41,128.553438
1.0,44,128.554729
1.0,18,128.555363
1.0,64,128.557215
1.0,47,128.558609
1.0,84,128.561012
1.0,17,128.561562
1.0,60,128.563307
1.0,46,128.564653
1.0,38,128.565775
1.0,43,128.567041
1.0,71,128.569082
1.0,31,128.57002
1.0,59,128.571739
1.0,64,128.573604
1.0,53,128.575142
1.0,72,128.577221
1.0,26,128.578009
1.0,20,128.578648
1.0,46,128.579995
1.0,25,128.580763
1.0,47,128.582142
1.0,69,128.584127
1.0,35,128.585169
1.0,39,128.58633
1.0,46,128.587673
1.0,16,128.588182
1.0,21,128.588847
1.0,22,128.589531
1.0,27,128.590354
1.0,49,128.591781
1.0,30,128.592687
1.0,80,128.594991
1.0,15,128.595483
1.0,36,128.596555
1.0,53,128.598094
1.0,41,128.599319
1.0,48,128.600722
1.0,30,128.601633
1.0,63,128.603471
1.0,34,128.604487
1.0,27,128.605309
1.0,66,128.607203
1.0,27,128.608027
1.0,84,128.610451
1.0,29,128.611331
1.0,41,128.612541
1.0,30,128.613446
1.0,76,128.615635
1.0,27,128.616459
1.0,39,128.617613
1.0,34,128.618637
1.0,52,128.620148
1.0,26,128.620942
1.0,68,128.622906
1.0,36,128.62398
1.0,99,128.626805
1.0,17,128.627354
1.0,12,128.627755
1.0,43,128.62902
1.0,63,128.630852
1.0,57,128.632511
1.0,30,128.63342
1.0,68,128.635384
1.0,33,128.636379
1.0,39,128.637536
1.0,31,128.638478
1.0,22,128.639155
1.0,23,128.639867
1.0,27,128.640692
1.0,39,128.641846
1.0,31,128.64278
1.0,73,128.644887
1.0,38,128.646016
1.0,16,128.646536
1.0,31,128.647478
1.0,23,128.648183
1.0,24,128.648928
1.0,14,128.649394
1.0,16,128.649904
1.0,35,128.650947
1.0,45,128.652279
1.0,38,128.65341
1.0,12,128.653811
1.0,9,128.654127
1.0,32,128.655085
1.0,19,128.655746
1.0,24,128.656489
1.0,66,128.658393
1.0,43,128.659657
1.0,88,128.662163
1.0,15,128.662655
1.0,8,128.662942
1.0,70,128.664949
1.0,14,128.665414
1.0,23,128.666114
1.0,13,128.66655
1.0,94,128.669219
1.0,52,128.670739
1.0,36,128.671806
1.0,71,128.673851
1.0,70,128.675859
1.0,28,128.676706
1.0,45,128.678023
1.0,15,128.678522
1.0,34,128.679535
1.0,35,128.680575
1.0,46,128.681911
1.0,46,128.683264
1.0,14,128.683717
1.0,75,128.685872
1.0,18,128.686447
1.0,32,128.687408
1.0,32,128.688373
1.0,40,128.689557
1.0,12,128.689956
1.0,34,128.690974
1.0,33,128.691962
1.0,75,128.694111
1.0,44,128.695411
1.0,41,128.696623
1.0,33,128.697608
1.0,9,128.697923
1.0,11,128.69831
1.0,16,128.698818
1.0,82,128.701156
1.0,25,128.701924
1.0,24,128.702663
1.0,14,128.703117
1.0,22,128.703796
1.0,31,128.704727
1.0,13,128.705151
1.0,65,128.707021
1.0,58,128.708709
1.0,24,128.709449
1.0,37,128.710546
1.0,22,128.71122
1.0,46,128.712564
1.0,57,128.714211
1.0,13,128.714646
1.0,30,128.715555
1.0,45,128.716876
1.0,32,128.717837
1.0,96,128.720579
1.0,37,128.72168
1.0,31,128.722611
1.0,20,128.72323
1.0,52,128.724749
1.0,40,128.72593
1.0,16,128.72645
1.0,49,128.727874
0.0,100,128.730719
1.0,15,128.731198
1.0,29,128.732073
1.0,25,128.73284
1.0,16,128.733358
1.0,31,128.734287
1.0,15,128.734765
1.0,58,128.736443
1.0,39,128.737593
1.0,39,128.738754
1.0,24,128.739492
1.0,39,128.740643
1.0,31,128.741573
1.0,23,128.742284
1.0,33,128.743267
1.0,61,128.745023
1.0,42,128.746267
1.0,33,128.747244
1.0,25,128.74801
1.0,47,128.749392
1.0,12,128.749791
1.0,46,128.751135
1.0,30,128.752033
1.0,12,128.752444
1.0,69,128.754431
1.0,20,128.755048
1.0,40,128.756226
1.0,15,128.756773
1.0,41,128.757992
1.0,25,128.75877
1.0,26,128.759566
1.0,17,128.760105
1.0,38,128.76123
1.0,28,128.762081
1.0,22,128.76277
1.0,41,128.763981
1.0,14,128.764446
1.0,72,128.766522
1.0,25,128.767291
1.0,21,128.767939
1.0,50,128.769416
1.0,45,128.77074
1.0,30,128.771646
1.0,33,128.772632
1.0,26,128.773428
1.0,55,128.775045
1.0,45,128.77638
1.0,20,128.777
1.0,20,128.777631
1.0,19,128.778225
1.0,20,128.778854
1.0,48,128.780263
1.0,36,128.781337
1.0,18,128.781901
1.0,57,128.783563
1.0,50,128.785024
1.0,9,128.785352
1.0,33,128.78634
1.0,13,128.786765
1.0,15,128.787247
1.0,40,128.788447
1.0,25,128.789207
1.0,62,128.791007
1.0,37,128.792113
1.0,18,128.79269
1.0,8,128.792978
1.0,16,128.793499
1.0,24,128.79423
1.0,51,128.795729
1.0,31,128.796667
1.0,38,128.797799
1.0,17,128.798354
1.0,32,128.799318
1.0,40,128.800503
1.0,34,128.801522
1.0,15,128.802005
1.0,24,128.802744
1.0,39,128.803902
1.0,9,128.804219
1.0,17,128.804765
1.0,66,128.806673
1.0,30,128.807585
1.0,43,128.808863
1.0,14,128.809329
1.0,13,128.809756
1.0,27,128.810581
1.0,71,128.812637
1.0,19,128.813232
1.0,20,128.813859
1.0,34,128.814879
1.0,89,128.817442
1.0,22,128.818119
1.0,40,128.819322
1.0,80,128.821628
1.0,39,128.822781
1.0,73,128.824892
1.0,25,128.825661
1.0,39,128.826811
1.0,29,128.827691
1.0,24,128.828439
1.0,10,128.828784
1.0,26,128.829583
1.0,27,128.830411
1.0,74,128.832538
1.0,60,128.834291
1.0,26,128.835079
1.0,36,128.836148
1.0,24,128.836888
1.0,90,128.839476
1.0,26,128.840276
1.0,29,128.841146
1.0,11,128.841528
1.0,21,128.84218
1.0,37,128.843288
1.0,52,128.844801
1.0,32,128.845763
1.0,26,128.846558
1.0,37,128.847663
1.0,71,128.849721
1.0,27,128.850544
1.0,24,128.851286
1.0,16,128.851795
1.0,19,128.852397
1.0,33,128.853396
0.0,100,128.856261
1.0,31,128.857271
1.0,45,128.858592
1.0,31,128.859521
1.0,17,128.860058
1.0,22,128.860741
1.0,47,128.862115
1.0,21,128.862771
1.0,46,128.86411
1.0,57,128.865771
1.0,38,128.866894
1.0,18,128.867468
1.0,20,128.868086
1.0,23,128.868803
1.0,21,128.869464
1.0,16,128.869971
1.0,79,128.87223
1.0,28,128.873079
1.0,14,128.873542
1.0,52,128.875055
1.0,17,128.875604
1.0,36,128.876672
1.0,21,128.877328
1.0,34,128.878355
1.0,54,128.87992
1.0,18,128.880496
1.0,14,128.88095
1.0,36,128.882019
1.0,32,128.882978
1.0,23,128.883689
1.0,12,128.884086
1.0,24,128.884825
1.0,14,128.88529
1.0,10,128.885632
1.0,14,128.886081
1.0,22,128.886764
0.0,100,128.889613
1.0,29,128.890491
1.0,35,128.891529
1.0,10,128.89187
1.0,29,128.892744
1.0,11,128.893113
1.0,65,128.894987
1.0,53,128.896531
1.0,47,128.897903
1.0,15,128.898399
1.0,58,128.900071
1.0,12,128.900478
1.0,35,128.901518
1.0,28,128.902368
1.0,35,128.903409
1.0,28,128.904248
1.0,44,128.905546
1.0,16,128.906053
1.0,12,128.906459
1.0,69,128.908443
1.0,27,128.909262
1.0,18,128.909825
1.0,57,128.911477
1.0,22,128.912147
1.0,49,128.913583
1.0,32,128.914541
1.0,26,128.915333
1.0,37,128.916428
1.0,61,128.918184
1.0,30,128.919087
1.0,24,128.919825
1.0,23,128.920535
1.0,63,128.92235
1.0,18,128.922914
1.0,24,128.923653
1.0,37,128.924746
1.0,27,128.925568
1.0,19,128.926158
1.0,30,128.927063
1.0,59,128.928778
1.0,25,128.929546
1.0,39,128.930695
1.0,62,128.932488
1.0,16,128.932995
1.0,34,128.934007
1.0,24,128.934743
1.0,18,128.935316
1.0,14,128.935769
1.0,33,128.936749
1.0,24,128.937487
1.0,22,128.93816
1.0,40,128.939355
1.0,69,128.941342
1.0,33,128.942329
1.0,22,128.943002
1.0,23,128.94371
1.0,18,128.944284
1.0,38,128.94541
1.0,27,128.946217
1.0,14,128.946677
1.0,31,128.947608
1.0,17,128.948141
1.0,26,128.948942
1.0,27,128.949762
1.0,22,128.950446
1.0,48,128.951846
1.0,22,128.95253
1.0,59,128.954232
1.0,11,128.954609
1.0,41,128.955807
1.0,14,128.956271
1.0,27,128.957142
1.0,20,128.957775
1.0,35,128.958828
1.0,33,128.959819
1.0,30,128.960728
1.0,56,128.962366
1.0,75,128.964531
1.0,75,128.96669
1.0,45,128.968009
1.0,21,128.968677
1.0,37,128.969778
1.0,42,128.97101
1.0,10,128.971364
1.0,33,128.97235
1.0,74,128.974476
1.0,32,128.975441
1.0,56,128.977055
1.0,31,128.977988
1.0,28,128.978845
1.0,11,128.979215
1.0,38,128.980355
1.0,23,128.98106
1.0,25,128.981826
1.0,16,128.982347
1.0,75,128.984505
1.0,39,128.985659
1.0,17,128.986195
1.0,27,128.987019
1.0,22,128.987705
1.0,21,128.988371
1.0,52,128.989887
1.0,12,128.990311
1.0,17,128.990848
1.0,39,128.992
1.0,46,128.993361
1.0,31,128.994295
1.0,57,128.995946
1.0,37,128.997045
1.0,34,128.998056
1.0,24,128.998804
1.0,40,128.999988
1.0,19,129.000589
1.0,23,129.001304
1.0,72,129.003384
1.0,30,129.004292
1.0,53,129.005832
1.0,16,129.006351
1.0,44,129.007643
1.0,14,129.008097
1.0,32,129.00906
1.0,19,129.009663
1.0,15,129.010145
1.0,49,129.011589
1.0,36,129.012657
1.0,46,129.014007
1.0,31,129.014944
1.0,33,129.01593
1.0,31,129.016862
1.0,66,129.018773
1.0,11,129.019144
1.0,24,129.019885
1.0,23,129.0206
1.0,26,129.021397
1.0,20,129.022015
1.0,71,129.024067
1.0,16,129.024586
1.0,48,129.025991
1.0,78,129.028232
1.0,20,129.028867
1.0,64,129.030718
1.0,25,129.03149
1.0,29,129.032375
1.0,35,129.033422
1.0,25,129.034182
1.0,23,129.034894
1.0,23,129.035607
1.0,13,129.036033
1.0,41,129.037241
1.0,12,129.037651
1.0,13,129.038077
1.0,38,129.039211
1.0,65,129.041091
1.0,14,129.041561
1.0,42,129.042805
0.0,100,129.045674
1.0,21,129.046338
1.0,22,129.047017
1.0,42,129.048274
1.0,26,129.049065
1.0,50,129.050534
1.0,33,129.051525
1.0,48,129.05293
1.0,54,129.054506
1.0,90,129.057076
1.0,48,129.058552
1.0,20,129.059171
1.0,75,129.061335
1.0,29,129.0622
1.0,31,129.06313
1.0,36,129.064196
1.0,47,129.065581
1.0,13,129.066008
1.0,42,129.067238
1.0,49,129.06868
1.0,19,129.069283
1.0,37,129.070379
1.0,23,129.071081
1.0,14,129.071545
1.0,38,129.072666
1.0,24,129.073403
1.0,15,129.073885
1.0,80,129.076164
1.0,24,129.076902
1.0,30,129.077804
1.0,27,129.078628
1.0,35,129.079669
1.0,9,129.079984
1.0,26,129.080776
1.0,23,129.081489
1.0,18,129.082051
1.0,22,129.082733
1.0,14,129.083185
1.0,22,129.083865
1.0,17,129.084411
1.0,25,129.085167
1.0,22,129.085851
1.0,51,129.087338
1.0,35,129.088388
1.0,78,129.090609
1.0,40,129.091793
1.0,53,129.093332
1.0,33,129.094316
1.0,27,129.095128
1.0,33,129.09611
1.0,41,129.097325
1.0,88,129.099829
1.0,17,129.100378
1.0,97,129.103125
1.0,54,129.104694
1.0,18,129.105263
1.0,27,129.106076
1.0,31,129.107002
1.0,31,129.107938
1.0,24,129.108685
1.0,51,129.110162
1.0,22,129.110845
1.0,36,129.111911
1.0,24,129.112652
1.0,15,129.113131
1.0,48,129.114549
1.0,26,129.115349
1.0,62,129.117136
1.0,20,129.117766
1.0,11,129.118137
1.0,54,129.119716
1.0,20,129.120345
1.0,27,129.121154
1.0,30,129.122051
1.0,43,129.123323
1.0,21,129.123971
1.0,30,129.124872
1.0,20,129.1255
1.0,53,129.127036
1.0,19,129.127635
1.0,32,129.128596
1.0,22,129.129277
1.0,31,129.130196
1.0,33,129.131176
1.0,35,129.132216
1.0,25,129.132981
1.0,24,129.133724
1.0,68,129.135695
1.0,17,129.13623
1.0,25,129.136995
1.0,27,129.137816
1.0,21,129.138479
1.0,32,129.139438
1.0,26,129.140217
1.0,35,129.141264
1.0,24,129.141993
1.0,22,129.142673
1.0,32,129.143629
1.0,34,129.144641
1.0,42,129.145872
1.0,33,129.146857
1.0,12,129.147262
1.0,60,129.148991
1.0,63,129.150815
1.0,34,129.151831
1.0,70,129.153847
1.0,25,129.154615
1.0,26,129.155409
1.0,15,129.155889
1.0,21,129.156542
1.0,49,129.157968
1.0,34,129.159069
1.0,21,129.159727
1.0,25,129.160496
1.0,33,129.16149
1.0,31,129.162423
1.0,11,129.162795
1.0,12,129.163193
0.0,100,129.166053
1.0,34,129.167075
1.0,21,129.167736
1.0,24,129.168486
1.0,18,129.169052
1.0,21,129.16971
1.0,62,129.171514
1.0,28,129.172368
1.0,15,129.172851
1.0,73,129.174949
1.0,35,129.175994
1.0,77,129.17821
1.0,30,129.179118
1.0,32,129.180082
1.0,31,129.181014
1.0,22,129.181695
1.0,85,129.184123
1.0,23,129.184835
1.0,24,129.185575
1.0,49,129.187006
1.0,21,129.187665
1.0,47,129.189047
1.0,29,129.189927
1.0,19,129.190526
1.0,40,129.19171
1.0,25,129.192484
1.0,37,129.193588
1.0,35,129.194633
1.0,16,129.195146
1.0,15,129.195636
1.0,24,129.196378
1.0,74,129.198514
1.0,37,129.199618
1.0,19,129.200211
1.0,38,129.201345
1.0,54,129.202917
1.0,77,129.205133
1.0,11,129.205517
1.0,31,129.206452
1.0,28,129.207303
1.0,39,129.208461
1.0,29,129.209339
1.0,38,129.210463
1.0,15,129.210946
1.0,43,129.212212
1.0,96,129.21496
1.0,24,129.215717
1.0,34,129.216738
1.0,34,129.217757
1.0,17,129.218313
1.0,21,129.218962
1.0,33,129.21995
1.0,48,129.221365
1.0,21,129.222011
1.0,49,129.223452
1.0,31,129.224389
0.0,100,129.227259
1.0,10,129.227608
1.0,21,129.228269
1.0,20,129.228892
1.0,47,129.230271
1.0,19,129.230862
1.0,35,129.231906
1.0,40,129.233091
1.0,41,129.23431
1.0,10,129.234655
1.0,56,129.236282
1.0,40,129.237471
1.0,55,129.239082
1.0,9,129.239408
1.0,51,129.240899
1.0,42,129.242136
1.0,24,129.242876
1.0,13,129.243315
1.0,83,129.245704
1.0,25,129.246475
1.0,36,129.247551
1.0,25,129.248326
1.0,9,129.248641
1.0,30,129.249551
1.0,27,129.250376
1.0,50,129.251833
1.0,29,129.252713
1.0,53,129.25425
1.0,32,129.255204
1.0,53,129.256756
1.0,29,129.257636
1.0,24,129.258387
1.0,18,129.259012
1.0,33,129.259998
1.0,21,129.26068
1.0,37,129.261776
1.0,37,129.262872
1.0,21,129.263528
1.0,24,129.264263
1.0,25,129.265022
1.0,28,129.265872
1.0,20,129.2665
1.0,16,129.267008
1.0,31,129.267942
1.0,20,129.268577
1.0,30,129.269483
1.0,60,129.271209
1.0,10,129.271562
1.0,31,129.272491
1.0,60,129.274214
1.0,23,129.27492
1.0,13,129.275355
1.0,19,129.275946
1.0,36,129.277017
1.0,43,129.278295
1.0,51,129.279776
1.0,17,129.280323
1.0,33,129.281313
1.0,55,129.282905
1.0,28,129.283755
1.0,46,129.285097
1.0,35,129.286137
1.0,23,129.286852
1.0,37,129.287949
1.0,13,129.288391
1.0,11,129.288761
1.0,39,129.289909
1.0,15,129.290403
1.0,43,129.291667
1.0,18,129.292229
1.0,63,129.294048
1.0,19,129.294654
1.0,42,129.295889
1.0,18,129.296462
1.0,17,129.296999
1.0,35,129.298039
1.0,46,129.299401
1.0,14,129.299856
1.0,60,129.301602
1.0,17,129.302143
1.0,29,129.303017
1.0,30,129.303922
1.0,39,129.305081
1.0,41,129.3063
1.0,36,129.307369
1.0,47,129.308748
0.0,100,129.311606
1.0,89,129.314133
1.0,17,129.314678
1.0,39,129.315831
1.0,12,129.316228
1.0,32,129.317186
1.0,21,129.317841
1.0,12,129.318237
1.0,25,129.319002
1.0,69,129.320987
1.0,53,129.32253
1.0,13,129.322955
1.0,39,129.324105
1.0,30,129.325007
1.0,40,129.326182
1.0,36,129.327245
1.0,15,129.327734
1.0,58,129.329419
1.0,60,129.331157
1.0,75,129.333312
1.0,24,129.33404
1.0,15,129.334532
1.0,26,129.335325
1.0,37,129.336419
1.0,70,129.338437
1.0,51,129.339918
1.0,53,129.341471
1.0,63,129.343301
1.0,38,129.344431
1.0,11,129.344801
1.0,10,129.345154
1.0,47,129.346531
1.0,30,129.347432
1.0,36,129.348503
1.0,71,129.350547
1.0,11,129.350919
1.0,40,129.352098
1.0,37,129.353189
1.0,20,129.353815
1.0,42,129.355049
1.0,26,129.355847
1.0,47,129.357212
1.0,36,129.358296
1.0,17,129.358834
1.0,16,129.359412
1.0,44,129.360712
1.0,23,129.361453
1.0,19,129.362051
1.0,12,129.362461
1.0,13,129.362888
1.0,12,129.363296
1.0,58,129.364967
1.0,26,129.365762
1.0,9,129.366078
1.0,23,129.36679
1.0,12,129.36719
1.0,38,129.368337
1.0,14,129.368793
1.0,58,129.370483
1.0,42,129.371718
1.0,37,129.372818
1.0,41,129.374021
1.0,83,129.376409
1.0,20,129.377028
1.0,40,129.378209
1.0,36,129.3793
1.0,32,129.380277
1.0,23,129.38098
1.0,26,129.381778
1.0,24,129.382518
1.0,15,129.382998
1.0,89,129.385554
1.0,66,129.387465
1.0,49,129.388902
1.0,61,129.390671
1.0,30,129.391578
1.0,35,129.392622
1.0,48,129.394025
1.0,44,129.395329
1.0,15,129.395811
1.0,16,129.396329
1.0,18,129.396893
1.0,55,129.398508
1.0,17,129.399045
0.0,100,129.401904
1.0,73,129.40401
1.0,20,129.404646
1.0,52,129.406159
1.0,26,129.406954
1.0,45,129.408286
1.0,74,129.410421
1.0,11,129.410794
1.0,45,129.412113
1.0,36,129.413189
1.0,28,129.414042
1.0,36,129.415116
1.0,28,129.415968
1.0,15,129.416462
1.0,19,129.417054
1.0,39,129.418206
1.0,40,129.419397
1.0,40,129.420582
1.0,39,129.421736
1.0,63,129.42356
1.0,24,129.424301
1.0,50,129.425759
1.0,61,129.427534
1.0,55,129.429139
1.0,21,129.429799
0.0,100,129.43267
1.0,66,129.434586
1.0,73,129.436692
1.0,14,129.437148
1.0,45,129.438488
1.0,92,129.441114
1.0,41,129.442339
1.0,17,129.442876
1.0,44,129.444162
1.0,25,129.444932
1.0,35,129.44597
1.0,36,129.447044
1.0,27,129.447891
1.0,72,129.449972
1.0,31,129.450915
1.0,38,129.452041
1.0,12,129.452452
1.0,75,129.454606
1.0,80,129.456897
1.0,23,129.457611
1.0,24,129.458359
1.0,26,129.459144
1.0,13,129.459579
1.0,43,129.460845
1.0,67,129.462783
1.0,46,129.464134
1.0,21,129.464796
1.0,55,129.466414
1.0,50,129.467873
1.0,44,129.469167
1.0,21,129.469891
1.0,55,129.471502
1.0,29,129.47238
1.0,21,129.473025
1.0,83,129.475403
1.0,27,129.476214
1.0,18,129.476783
1.0,24,129.477521
1.0,39,129.478673
1.0,20,129.479303
1.0,16,129.479811
1.0,24,129.48055
1.0,43,129.48181
1.0,12,129.482208
1.0,17,129.482751
1.0,19,129.483352
1.0,79,129.485615
1.0,48,129.487014
1.0,21,129.487669
1.0,26,129.488468
1.0,38,129.489594
1.0,26,129.490391
1.0,30,129.491296
1.0,29,129.492163
1.0,20,129.492792
1.0,28,129.493639
1.0,20,129.494271
1.0,27,129.495082
1.0,33,129.496066
1.0,29,129.496942
1.0,86,129.499413
1.0,12,129.499813
1.0,100,129.502663
1.0,24,129.503407
1.0,25,129.504161
1.0,54,129.505734
1.0,7,129.505993
1.0,47,129.507378
1.0,28,129.508215
1.0,28,129.509064
1.0,46,129.510416
1.0,52,129.511933
1.0,62,129.513723
1.0,10,129.514068
1.0,50,129.51553
1.0,28,129.516379
1.0,48,129.517775
1.0,35,129.518824
1.0,26,129.519616
1.0,17,129.520154
1.0,21,129.520805
1.0,30,129.52171
1.0,36,129.52278
1.0,21,129.523436
1.0,26,129.524219
1.0,20,129.524845
1.0,50,129.526305
1.0,90,129.528881
1.0,14,129.529345
1.0,7,129.529603
1.0,27,129.530422
1.0,22,129.531095
1.0,15,129.531586
1.0,16,129.532094
1.0,34,129.533101
1.0,37,129.534196
1.0,66,129.5361
1.0,11,129.536482
1.0,25,129.537235
1.0,41,129.538453
0.0,100,129.5413
1.0,54,129.542862
1.0,22,129.543546
1.0,14,129.544
1.0,63,129.545821
1.0,40,129.547002
1.0,36,129.548072
1.0,69,129.550056
1.0,21,129.550714
1.0,35,129.551752
1.0,20,129.552381
1.0,20,129.552997
1.0,15,129.553487
1.0,38,129.554613
1.0,23,129.555324
1.0,27,129.556134
1.0,23,129.556843
1.0,35,129.557887
1.0,73,129.559984
1.0,24,129.560726
1.0,33,129.561713
1.0,25,129.562479
1.0,22,129.56315
1.0,16,129.563669
1.0,14,129.564124
1.0,16,129.564641
1.0,71,129.56668
1.0,37,129.567776
1.0,19,129.568382
1.0,10,129.568726
1.0,26,129.569519
1.0,23,129.57031
1.0,34,129.571329
1.0,56,129.572954
1.0,16,129.573476
1.0,42,129.574719
1.0,64,129.576576
1.0,11,129.576949
1.0,36,129.578023
1.0,23,129.578748
1.0,44,129.58004
1.0,69,129.582023
1.0,9,129.582351
1.0,14,129.582803
1.0,7,129.583062
1.0,42,129.584311
1.0,82,129.586679
1.0,10,129.587024
1.0,40,129.588213
1.0,44,129.589521
1.0,32,129.590487
1.0,17,129.591024
1.0,19,129.591626
1.0,13,129.592052
1.0,14,129.592515
1.0,36,129.593586
1.0,24,129.594331
1.0,51,129.595817
1.0,24,129.596556
1.0,22,129.597229
1.0,68,129.599198
1.0,30,129.600112
1.0,25,129.600882
1.0,49,129.60232
1.0,15,129.602804
1.0,21,129.603461
1.0,49,129.60489
1.0,25,129.605659
1.0,55,129.60725
1.0,38,129.608392
1.0,15,129.608875
1.0,66,129.610782
1.0,55,129.612393
1.0,37,129.6135
1.0,44,129.614794
1.0,49,129.616224
1.0,23,129.616933
1.0,43,129.618199
1.0,40,129.6194
1.0,14,129.619854
1.0,25,129.620624
1.0,22,129.621312
1.0,41,129.622521
1.0,28,129.623375
1.0,34,129.624393
1.0,45,129.625721
1.0,35,129.626768
1.0,19,129.627374
1.0,34,129.628397
1.0,55,129.630001
1.0,38,129.631133
1.0,18,129.631711
1.0,14,129.632166
1.0,41,129.633389
1.0,55,129.63498
1.0,55,129.636588
1.0,24,129.637331
1.0,33,129.638331
1.0,14,129.638788
1.0,45,129.640112
1.0,19,129.640717
1.0,28,129.641566
1.0,27,129.642391
1.0,47,129.643765
1.0,24,129.644503
1.0,17,129.64504
1.0,26,129.645835
1.0,43,129.6471
1.0,19,129.647707
1.0,15,129.648192
1.0,12,129.648606
1.0,25,129.649374
1.0,30,129.65028
1.0,23,129.650983
1.0,28,129.651828
1.0,71,129.653878
1.0,37,129.654974
1.0,38,129.656103
1.0,73,129.6582
1.0,47,129.659593
1.0,56,129.661217
1.0,14,129.66168
1.0,22,129.662363
1.0,59,129.664064
1.0,38,129.665188
1.0,66,129.667103
1.0,66,129.669018
1.0,21,129.669678
1.0,11,129.670109
1.0,21,129.670779
1.0,24,129.671516
1.0,10,129.67186
1.0,74,129.673993
1.0,20,129.674626
1.0,34,129.675643
1.0,18,129.676207
1.0,21,129.67686
1.0,25,129.677625
1.0,50,129.679086
1.0,92,129.681721
1.0,30,129.682629
1.0,53,129.684173
1.0,50,129.685642
1.0,30,129.686548
1.0,67,129.68849
1.0,11,129.688861
1.0,20,129.689485
0.0,100,129.692334
1.0,42,129.693571
1.0,46,129.694913
1.0,38,129.696033
1.0,58,129.697716
1.0,58,129.699399
1.0,17,129.699935
1.0,14,129.700398
0.0,100,129.70325
1.0,50,129.704718
1.0,44,129.706007
1.0,71,129.708047
1.0,41,129.709271
1.0,20,129.709892
1.0,43,129.711153
1.0,25,129.711918
1.0,33,129.712903
1.0,54,129.714471
1.0,42,129.715711
1.0,20,129.716337
1.0,15,129.716819
1.0,11,129.717186
1.0,32,129.71814
1.0,21,129.7188
1.0,23,129.719508
1.0,35,129.72055
1.0,35,129.721591
1.0,31,129.722523
1.0,13,129.722948
1.0,37,129.724047
1.0,14,129.724509
1.0,59,129.726219
1.0,14,129.726681
1.0,81,129.729008
1.0,19,129.729612
1.0,19,129.730201
1.0,36,129.731281
1.0,42,129.732518
1.0,34,129.73353
1.0,54,129.735088
1.0,26,129.735882
1.0,22,129.736567
1.0,53,129.738098
1.0,31,129.739034
1.0,29,129.739911
1.0,16,129.74043
1.0,61,129.742186
1.0,17,129.742734
1.0,30,129.743637
1.0,46,129.744984
1.0,11,129.745366
1.0,24,129.746095
1.0,24,129.746831
1.0,44,129.748128
1.0,22,129.748819
1.0,36,129.749888
1.0,78,129.752124
1.0,52,129.753642
1.0,12,129.754041
1.0,18,129.754615
1.0,57,129.756273
1.0,56,129.757889
1.0,34,129.758909
1.0,31,129.759841
1.0,45,129.761159
1.0,46,129.762514
1.0,49,129.763942
1.0,34,129.764955
1.0,41,129.766163
1.0,37,129.767262
1.0,19,129.767855
1.0,35,129.768898
1.0,87,129.771391
1.0,17,129.771927
1.0,21,129.772585
1.0,17,129.773118
1.0,41,129.774336
1.0,47,129.775773
1.0,33,129.776767
1.0,14,129.777225
1.0,24,129.777965
1.0,33,129.77896
1.0,21,129.779621
0.0,100,129.78249
1.0,32,129.783454
1.0,36,129.784526
1.0,11,129.784897
1.0,68,129.786859
1.0,27,129.787682
1.0,8,129.78797
1.0,13,129.78841
1.0,19,129.789003
1.0,13,129.789441
1.0,58,129.791125
1.0,10,129.791479
1.0,16,129.791986
1.0,43,129.793259
1.0,33,129.794239
1.0,41,129.79546
1.0,68,129.797424
1.0,58,129.79911
1.0,50,129.800578
1.0,56,129.802226
1.0,24,129.802965
1.0,9,129.803293
1.0,34,129.804307
1.0,25,129.805064
1.0,40,129.806244
1.0,18,129.806817
1.0,43,129.808082
1.0,10,129.808443
1.0,27,129.809268
1.0,49,129.810701
1.0,30,129.811612
1.0,22,129.812298
1.0,30,129.813194
1.0,34,129.814212
1.0,30,129.815119
1.0,14,129.815585
1.0,20,129.816204
1.0,17,129.816749
1.0,13,129.817178
1.0,10,129.817531
1.0,81,129.819866
1.0,41,129.821072
1.0,37,129.822165
1.0,34,129.823181
1.0,22,129.823865
1.0,21,129.824523
1.0,83,129.826903
1.0,21,129.827562
1.0,49,129.829001
1.0,36,129.830077
1.0,68,129.832042
1.0,32,129.833003
1.0,49,129.834448
1.0,25,129.835206
1.0,15,129.835696
1.0,47,129.837071
1.0,26,129.837862
1.0,20,129.8385
1.0,24,129.839231
1.0,35,129.84028
0.0,100,129.843129
1.0,15,129.843625
1.0,20,129.844247
1.0,61,129.846849
1.0,28,129.847772
1.0,10,129.848146
1.0,28,129.849021
1.0,11,129.84943
1.0,47,129.850826
1.0,52,129.852431
1.0,21,129.853141
1.0,11,129.853547
1.0,19,129.854145
1.0,26,129.854946
1.0,41,129.856167
1.0,38,129.857323
1.0,12,129.857729
1.0,63,129.859573
1.0,37,129.860697
1.0,21,129.861365
1.0,38,129.862496
1.0,56,129.86413
1.0,59,129.865869
1.0,42,129.867128
1.0,79,129.869433
1.0,59,129.871185
1.0,17,129.87176
1.0,25,129.872529
1.0,30,129.873438
1.0,11,129.873814
1.0,55,129.875427
1.0,46,129.876937
1.0,58,129.878657
1.0,21,129.879341
1.0,26,129.880129
1.0,23,129.880843
1.0,12,129.881244
1.0,16,129.881766
1.0,22,129.882449
1.0,70,129.884478
1.0,42,129.885748
1.0,22,129.886448
1.0,37,129.88755
1.0,41,129.888777
1.0,32,129.889749
1.0,16,129.890272
1.0,46,129.891621
0.0,100,129.894495
1.0,27,129.895333
1.0,20,129.895952
1.0,14,129.896413
1.0,39,129.897565
1.0,30,129.898482
1.0,17,129.899019
1.0,34,129.90003
1.0,47,129.901417
1.0,33,129.902429
1.0,21,129.903079
1.0,29,129.903963
1.0,32,129.904924
1.0,15,129.905416
1.0,16,129.905923
1.0,28,129.906774
1.0,15,129.907262
1.0,26,129.90805
1.0,16,129.908573
1.0,67,129.910509
1.0,38,129.911634
1.0,59,129.913352
1.0,94,129.916025
1.0,74,129.918151
1.0,27,129.918982
1.0,19,129.919584
1.0,15,129.920064
1.0,13,129.920499
1.0,68,129.922467
1.0,22,129.923142
1.0,57,129.924806
1.0,20,129.925439
1.0,53,129.926985
1.0,27,129.927807
1.0,29,129.92869
1.0,44,129.929977
1.0,22,129.930667
1.0,60,129.932417
1.0,38,129.93355
1.0,38,129.934673
1.0,35,129.935716
1.0,31,129.936651
1.0,37,129.93775
1.0,29,129.938635
1.0,11,129.939006
1.0,31,129.939944
1.0,28,129.940798
1.0,20,129.941427
1.0,35,129.942472
1.0,20,129.94309
1.0,30,129.943997
1.0,15,129.944489
1.0,17,129.945028
1.0,35,129.946069
1.0,17,129.946616
1.0,13,129.947041
1.0,52,129.94857
1.0,43,129.949834
1.0,54,129.951418
1.0,22,129.952093
1.0,28,129.952946
1.0,17,129.953494
1.0,62,129.955299
1.0,50,129.956756
1.0,64,129.958621
1.0,17,129.959159
1.0,18,129.959731
1.0,31,129.960662
1.0,28,129.961517
1.0,47,129.962888
1.0,17,129.96344
1.0,13,129.963867
1.0,45,129.965187
1.0,32,129.966147
0.0,100,129.969006
1.0,24,129.969748
1.0,79,129.972022
1.0,30,129.972929
1.0,40,129.974107
1.0,11,129.974493
1.0,31,129.975427
1.0,51,129.976915
1.0,16,129.977532
1.0,74,129.979679
1.0,10,129.980024
1.0,41,129.981236
1.0,15,129.981727
1.0,43,129.982995
1.0,84,129.985424
1.0,20,129.986048
1.0,41,129.987267
1.0,25,129.988026
1.0,16,129.988553
1.0,53,129.990092
1.0,23,129.990809
1.0,28,129.991662
1.0,58,129.99336
1.0,20,129.993985
1.0,50,129.995447
1.0,40,129.99663
1.0,39,129.997786
1.0,28,129.998642
1.0,84,130.001062
1.0,13,130.0015
1.0,21,130.00215
1.0,22,130.002838
1.0,18,130.003417
1.0,14,130.003872
1.0,43,130.005139
1.0,13,130.005578
1.0,16,130.006089
0.0,100,130.008953
1.0,69,130.010947
1.0,26,130.011747
1.0,31,130.012688
1.0,25,130.013455
1.0,99,130.016298
1.0,45,130.017622
1.0,40,130.01881
1.0,21,130.019468
1.0,45,130.020794
1.0,33,130.021787
1.0,50,130.023243
1.0,45,130.024568
1.0,48,130.02597
1.0,15,130.026461
1.0,50,130.027917
1.0,38,130.029048
1.0,10,130.029405
1.0,44,130.030696
0.0,100,130.033561
1.0,24,130.034306
1.0,11,130.034678
1.0,24,130.035421
1.0,16,130.035932
1.0,44,130.037219
1.0,90,130.039812
1.0,54,130.041395
1.0,28,130.042238
1.0,55,130.043838
1.0,14,130.044303
1.0,45,130.045623
1.0,25,130.046392
1.0,10,130.046736
1.0,37,130.047846
1.0,45,130.049184
1.0,25,130.049947
1.0,29,130.050831
1.0,12,130.051231
1.0,38,130.052365
1.0,19,130.052956
1.0,24,130.053696
1.0,83,130.056077
1.0,51,130.057582
1.0,28,130.058441
1.0,45,130.059765
1.0,28,130.060615
1.0,36,130.061683
1.0,27,130.06251
1.0,15,130.062991
1.0,69,130.064977
1.0,30,130.065887
1.0,10,130.066231
1.0,45,130.067555
1.0,36,130.068635
1.0,95,130.071349
1.0,27,130.072159
1.0,38,130.073292
1.0,40,130.074477
1.0,54,130.07604
1.0,20,130.076669
1.0,43,130.077931
1.0,30,130.078841
1.0,27,130.079664
1.0,30,130.080571
1.0,40,130.081748
1.0,26,130.082544
1.0,41,130.083755
1.0,33,130.084806
1.0,71,130.086852
0.0,100,130.089698
1.0,100,130.092544
1.0,26,130.093342
1.0,7,130.093602
1.0,42,130.094831
1.0,17,130.095376
1.0,27,130.096184
1.0,28,130.097026
1.0,13,130.097464
1.0,14,130.097916
1.0,62,130.099712
1.0,11,130.100082
1.0,34,130.101093
1.0,73,130.103185
1.0,29,130.104056
1.0,13,130.104493
1.0,42,130.105728
1.0,32,130.106687
1.0,11,130.107059
1.0,23,130.107769
1.0,28,130.108623
1.0,9,130.108938
1.0,16,130.109458
1.0,15,130.109939
1.0,27,130.110759
1.0,57,130.112407
1.0,62,130.114186
1.0,17,130.114734
1.0,13,130.11516
1.0,33,130.11614
1.0,21,130.116795
1.0,25,130.11756
1.0,31,130.118494
1.0,29,130.119369
1.0,24,130.120094
1.0,73,130.122172
1.0,53,130.123716
1.0,27,130.124537
1.0,24,130.125274
1.0,66,130.127167
1.0,49,130.128611
1.0,57,130.130265
1.0,23,130.130971
1.0,23,130.131683
1.0,22,130.132369
1.0,24,130.133113
1.0,75,130.135278
1.0,36,130.136349
1.0,29,130.137217
1.0,15,130.137706
1.0,21,130.138371
1.0,36,130.139441
1.0,22,130.140113
1.0,31,130.141043
1.0,100,130.143895
1.0,32,130.144858
1.0,26,130.145652
1.0,33,130.146636
1.0,58,130.148333
1.0,72,130.150404
1.0,50,130.15186
1.0,25,130.152626
1.0,26,130.153421
1.0,30,130.154321
1.0,52,130.155831
1.0,25,130.156601
1.0,33,130.157594
1.0,40,130.158783
1.0,25,130.159556
1.0,30,130.160462
1.0,32,130.161423
1.0,25,130.162183
1.0,21,130.162838
1.0,38,130.16396
1.0,27,130.164779
1.0,53,130.16636
1.0,59,130.168132
1.0,31,130.169088
1.0,42,130.170345
1.0,12,130.170748
1.0,25,130.171529
1.0,50,130.173007
1.0,12,130.173425
1.0,23,130.174135
1.0,49,130.175591
1.0,32,130.176566
1.0,39,130.177733
1.0,39,130.178905
1.0,32,130.179878
1.0,22,130.180571
1.0,31,130.181515
1.0,38,130.182658
1.0,19,130.183267
1.0,15,130.183755
1.0,24,130.184506
1.0,58,130.186284
1.0,35,130.187339
1.0,33,130.188345
1.0,39,130.189508
1.0,35,130.190561
1.0,78,130.19281
1.0,23,130.193531
1.0,31,130.194472
1.0,59,130.196203
1.0,71,130.198304
1.0,40,130.199504
1.0,75,130.201687
1.0,38,130.202832
1.0,28,130.203694
1.0,59,130.205424
1.0,15,130.20591
1.0,33,130.206907
1.0,18,130.20749
1.0,38,130.208637
1.0,27,130.20947
1.0,11,130.209845
1.0,24,130.210593
1.0,22,130.211287
1.0,77,130.21352
1.0,46,130.214884
1.0,26,130.215688
1.0,15,130.216176
1.0,28,130.217038
1.0,18,130.217617
1.0,23,130.218344
1.0,26,130.219138
1.0,48,130.220567
1.0,18,130.221144
1.0,29,130.222031
1.0,40,130.223221
1.0,85,130.225678
1.0,53,130.227235
1.0,19,130.227841
1.0,47,130.229235
1.0,25,130.230012
1.0,8,130.230312
1.0,48,130.231727
1.0,28,130.23259
1.0,83,130.235002
1.0,19,130.235615
1.0,32,130.23659
1.0,24,130.237343
1.0,18,130.237914
1.0,25,130.238695
1.0,21,130.23936
1.0,18,130.239933
1.0,29,130.240819
1.0,46,130.242175
1.0,46,130.243556
1.0,26,130.244358
1.0,14,130.244817
1.0,43,130.246089
1.0,33,130.247085
1.0,42,130.248354
1.0,9,130.248674
1.0,14,130.249131
1.0,28,130.249988
1.0,31,130.250931
1.0,23,130.251654
1.0,45,130.252986
1.0,23,130.253704
1.0,14,130.25416
1.0,29,130.255043
1.0,43,130.256326
1.0,21,130.256978
1.0,75,130.25917
1.0,27,130.260002
0.0,100,130.262888
1.0,22,130.263584
1.0,45,130.264917
1.0,42,130.266167
1.0,24,130.26692
1.0,32,130.267893
1.0,29,130.268788
1.0,24,130.26954
1.0,13,130.26997
1.0,10,130.270326
1.0,70,130.272364
1.0,25,130.27313
1.0,37,130.274242
1.0,57,130.27592
1.0,13,130.276362
1.0,33,130.277363
1.0,36,130.278456
1.0,43,130.279737
1.0,33,130.280734
1.0,45,130.282067
1.0,62,130.283888
1.0,42,130.285145
1.0,38,130.286295
1.0,23,130.287069
1.0,34,130.288102
1.0,23,130.288831
1.0,27,130.289662
1.0,42,130.290916
1.0,29,130.291801
1.0,75,130.293979
1.0,7,130.294245
1.0,52,130.295779
1.0,89,130.29837
1.0,46,130.299733
1.0,37,130.300847
1.0,31,130.30179
1.0,38,130.302927
1.0,40,130.30412
1.0,24,130.304866
1.0,35,130.305922
1.0,11,130.306309
1.0,72,130.308405
1.0,28,130.309263
1.0,24,130.309999
1.0,50,130.311481
1.0,37,130.312593
1.0,20,130.313221
1.0,48,130.314641
1.0,27,130.315476
1.0,35,130.31653
1.0,27,130.317359
1.0,20,130.317984
1.0,37,130.319096
1.0,18,130.319676
1.0,16,130.320191
1.0,34,130.321218
1.0,86,130.323702
1.0,62,130.325519
1.0,28,130.326383
1.0,34,130.327414
1.0,60,130.329177
1.0,39,130.330358
1.0,30,130.331272
1.0,13,130.331704
1.0,13,130.332134
1.0,55,130.333755
1.0,20,130.334394
1.0,42,130.335645
1.0,38,130.336785
1.0,17,130.337342
1.0,45,130.338687
1.0,29,130.33958
1.0,24,130.340328
1.0,29,130.341205
1.0,30,130.342118
1.0,66,130.344046
1.0,13,130.344489
1.0,11,130.344863
1.0,13,130.345304
1.0,31,130.346237
1.0,64,130.348114
1.0,13,130.348563
1.0,31,130.349504
1.0,42,130.350749
1.0,34,130.351775
1.0,32,130.352747
1.0,38,130.353883
1.0,78,130.356138
1.0,20,130.356774
1.0,52,130.35833
1.0,21,130.358987
1.0,40,130.360181
1.0,35,130.361236
1.0,45,130.362571
1.0,40,130.363768
1.0,33,130.364781
1.0,20,130.365425
1.0,29,130.366316
1.0,61,130.368096
1.0,51,130.369619
1.0,16,130.370135
1.0,43,130.371427
1.0,35,130.37248
1.0,47,130.373865
1.0,33,130.374869
1.0,13,130.37531
1.0,23,130.37602
0.0,100,130.378916
1.0,48,130.380342
1.0,21,130.380997
1.0,27,130.381827
1.0,16,130.382351
1.0,23,130.383059
1.0,65,130.384948
1.0,62,130.386766
1.0,68,130.388758
1.0,47,130.390139
1.0,40,130.391342
1.0,15,130.391888
1.0,52,130.393429
1.0,18,130.394
1.0,29,130.394887
1.0,82,130.397271
1.0,34,130.398301
1.0,38,130.399438
1.0,18,130.400006
1.0,46,130.401373
1.0,21,130.402024
1.0,47,130.403415
1.0,73,130.405534
1.0,91,130.40816
1.0,26,130.408972
1.0,26,130.409771
1.0,78,130.41203
1.0,66,130.413946
1.0,22,130.414641
1.0,78,130.416897
1.0,42,130.418138
1.0,34,130.419169
1.0,64,130.421037
1.0,40,130.42223
1.0,18,130.422808
1.0,11,130.42318
1.0,14,130.423648
1.0,35,130.424698
1.0,22,130.425392
1.0,46,130.426758
1.0,77,130.428992
1.0,45,130.430335
1.0,8,130.430627
1.0,43,130.431904
1.0,41,130.433128
1.0,30,130.434042
1.0,72,130.436145
1.0,50,130.437631
1.0,31,130.438581
1.0,24,130.439329
1.0,71,130.441393
1.0,49,130.442836
1.0,65,130.444738
1.0,60,130.446499
1.0,17,130.447042
1.0,22,130.447739
1.0,12,130.448143
1.0,30,130.449067
1.0,29,130.449952
1.0,9,130.450281
1.0,9,130.4506
1.0,44,130.451903
1.0,50,130.45339
1.0,95,130.456135
1.0,24,130.456888
1.0,22,130.457582
1.0,17,130.458124
1.0,97,130.460931
1.0,66,130.462857
1.0,27,130.463692
1.0,43,130.464967
1.0,40,130.466161
1.0,13,130.466603
1.0,17,130.467144
1.0,26,130.467947
1.0,17,130.468507
1.0,62,130.470327
1.0,47,130.471717
1.0,25,130.472493
1.0,19,130.47309
1.0,50,130.474569
1.0,31,130.475512
1.0,9,130.475831
1.0,18,130.476412
1.0,53,130.477971
1.0,34,130.479006
1.0,19,130.479617
1.0,20,130.480243
1.0,73,130.482369
1.0,29,130.483244
1.0,86,130.485752
1.0,66,130.487679
1.0,9,130.488001
1.0,31,130.488951
1.0,30,130.489865
1.0,38,130.490999
1.0,24,130.491744
1.0,19,130.492354
1.0,18,130.492924
1.0,11,130.493309
1.0,79,130.495608
1.0,23,130.496331
1.0,44,130.497638
1.0,59,130.499382
1.0,15,130.49987
1.0,46,130.501298
1.0,28,130.502149
1.0,22,130.50284
1.0,27,130.503676
1.0,16,130.504192
1.0,43,130.505471
1.0,78,130.507732
1.0,28,130.508597
1.0,19,130.509197
1.0,22,130.509888
1.0,36,130.510978
1.0,65,130.512882
1.0,40,130.514086
1.0,89,130.516683
1.0,44,130.517994
1.0,20,130.518635
1.0,19,130.519234
1.0,72,130.521349
1.0,83,130.523758
1.0,82,130.526133
1.0,17,130.526687
1.0,26,130.527494
1.0,30,130.528417
1.0,15,130.528903
1.0,45,130.530232
1.0,39,130.531405
0.0,100,130.534289
1.0,47,130.535682
1.0,20,130.536319
1.0,74,130.538465
1.0,69,130.540482
1.0,22,130.541163
1.0,34,130.54219
1.0,80,130.544514
1.0,13,130.544945
1.0,32,130.545913
1.0,55,130.547539
1.0,24,130.548292
1.0,33,130.549292
1.0,47,130.550682
1.0,34,130.55171
1.0,13,130.552142
1.0,20,130.552778
1.0,26,130.553582
1.0,37,130.554691
1.0,50,130.556162
1.0,18,130.556743
1.0,21,130.557411
1.0,26,130.558207
1.0,45,130.559556
1.0,55,130.561169
1.0,43,130.56246
1.0,60,130.564218
1.0,33,130.56522
1.0,19,130.565828
1.0,17,130.566382
1.0,44,130.56769
1.0,49,130.569139
1.0,27,130.569973
1.0,20,130.570611
1.0,13,130.571042
1.0,50,130.572522
1.0,30,130.57344
1.0,34,130.574469
1.0,20,130.575098
1.0,14,130.575567
1.0,44,130.576869
1.0,28,130.577728
1.0,31,130.578681
1.0,63,130.580521
1.0,65,130.582425
1.0,10,130.582773
1.0,11,130.583146
1.0,57,130.584823
1.0,34,130.585849
1.0,44,130.587157
1.0,89,130.589748
1.0,15,130.590237
1.0,14,130.590704
1.0,29,130.591589
1.0,49,130.593035
1.0,26,130.593838
1.0,11,130.594213
1.0,57,130.595882
1.0,86,130.598379
1.0,50,130.599844
1.0,23,130.600563
1.0,54,130.602139
1.0,33,130.603138
1.0,20,130.603775
1.0,25,130.604555
1.0,30,130.60547
1.0,83,130.607929
1.0,23,130.608659
1.0,19,130.60927
1.0,19,130.609866
1.0,19,130.610474
1.0,15,130.61096
1.0,63,130.612804
1.0,45,130.614139
1.0,19,130.614763
1.0,29,130.615654
1.0,34,130.616685
1.0,23,130.617409
1.0,19,130.618008
1.0,13,130.618455
1.0,13,130.618889
1.0,27,130.619721
1.0,6,130.619956
1.0,13,130.620397
1.0,52,130.621924
1.0,48,130.623358
1.0,66,130.625284
1.0,10,130.625631
1.0,28,130.626488
1.0,22,130.627169
1.0,29,130.628058
0.0,100,130.63096
1.0,11,130.63135
1.0,16,130.631865
1.0,47,130.633265
1.0,43,130.634547
1.0,42,130.635802
1.0,37,130.636914
1.0,22,130.637609
1.0,41,130.638844
1.0,21,130.63951
1.0,31,130.640452
1.0,56,130.642093
1.0,26,130.642891
1.0,52,130.644433
1.0,38,130.645571
1.0,29,130.646461
1.0,30,130.647385
1.0,43,130.648665
1.0,17,130.649206
1.0,15,130.6497
1.0,21,130.650366
1.0,37,130.651477
1.0,57,130.653143
1.0,21,130.653809
1.0,38,130.654945
1.0,59,130.656682
1.0,32,130.657655
1.0,25,130.658438
1.0,18,130.659009
1.0,49,130.660465
1.0,36,130.66155
1.0,22,130.662235
1.0,35,130.6633
1.0,24,130.664038
1.0,13,130.664479
1.0,26,130.66528
1.0,30,130.666187
1.0,49,130.667642
0.0,100,130.670544
1.0,56,130.672185
1.0,51,130.6737
1.0,15,130.674185
1.0,25,130.674956
1.0,33,130.675956
1.0,56,130.677604
1.0,21,130.67827
1.0,15,130.678758
1.0,8,130.679046
1.0,14,130.679511
1.0,15,130.679996
1.0,30,130.680912
1.0,25,130.681691
1.0,31,130.682636
1.0,33,130.683635
1.0,30,130.68455
1.0,58,130.686238
1.0,19,130.686847
1.0,27,130.687682
1.0,23,130.688411
1.0,17,130.688952
1.0,12,130.689368
1.0,19,130.689965
1.0,63,130.691807
1.0,17,130.692362
1.0,59,130.694091
1.0,16,130.694614
1.0,47,130.695997
1.0,37,130.697102
1.0,22,130.697794
1.0,37,130.698909
1.0,54,130.700505
1.0,52,130.702032
1.0,38,130.703169
1.0,26,130.703974
1.0,53,130.705551
1.0,64,130.707486
1.0,60,130.70925
1.0,21,130.709913
1.0,45,130.711243
1.0,28,130.712103
1.0,54,130.713693
1.0,34,130.714724
1.0,30,130.715639
1.0,11,130.716012
1.0,60,130.71777
1.0,16,130.718301
1.0,51,130.719803
1.0,37,130.720917
1.0,30,130.721833
1.0,29,130.722724
1.0,11,130.7231
1.0,25,130.723876
1.0,40,130.725068
1.0,45,130.726405
1.0,18,130.726974
1.0,41,130.728194
1.0,56,130.729854
1.0,31,130.730799
1.0,36,130.731886
1.0,13,130.732331
0.0,100,130.735204
1.0,21,130.735933
1.0,19,130.73654
1.0,21,130.737195
1.0,42,130.738458
1.0,42,130.73971
1.0,39,130.740873
1.0,18,130.741463
1.0,11,130.741838
1.0,75,130.744023
1.0,14,130.744495
1.0,43,130.745773
1.0,37,130.74689
1.0,57,130.74857
1.0,24,130.749321
1.0,55,130.750927
1.0,39,130.752091
1.0,53,130.75366
1.0,29,130.754548
1.0,12,130.754951
1.0,76,130.757155
1.0,34,130.758181
1.0,13,130.758628
1.0,30,130.759541
1.0,87,130.762048
1.0,20,130.762688
1.0,36,130.76377
1.0,34,130.764801
1.0,20,130.76544
1.0,36,130.766526
1.0,77,130.768771
1.0,32,130.769743
1.0,30,130.77066
1.0,31,130.771602
1.0,17,130.772145
1.0,35,130.773199
1.0,20,130.773836
1.0,75,130.776021
1.0,10,130.776382
1.0,61,130.778172
1.0,11,130.778565
1.0,35,130.779629
1.0,73,130.78176
1.0,15,130.782248
1.0,64,130.784112
1.0,55,130.78573
1.0,20,130.786368
1.0,47,130.78776
1.0,18,130.78835
1.0,18,130.788921
1.0,19,130.789531
1.0,18,130.790101
1.0,26,130.7909
1.0,66,130.792824
1.0,21,130.79349
1.0,12,130.793892
1.0,33,130.794888
1.0,20,130.795526
1.0,24,130.796279
1.0,42,130.797534
1.0,37,130.798658
1.0,14,130.799117
1.0,32,130.800092
1.0,12,130.800507
1.0,22,130.801189
1.0,43,130.802472
1.0,42,130.803725
1.0,14,130.804183
1.0,34,130.805211
1.0,22,130.805903
1.0,28,130.806846
1.0,35,130.807903
1.0,14,130.808377
1.0,80,130.810697
1.0,18,130.811277
1.0,43,130.812557
1.0,30,130.813474
1.0,26,130.814277
1.0,55,130.815895
1.0,52,130.817432
1.0,8,130.817723
1.0,31,130.818671
1.0,43,130.819947
1.0,12,130.820362
1.0,12,130.820764
1.0,36,130.821841
0.0,100,130.824723
1.0,40,130.82592
1.0,24,130.826675
1.0,19,130.827285
1.0,55,130.828901
1.0,32,130.829871
1.0,15,130.830368
1.0,13,130.830799
1.0,28,130.831661
1.0,37,130.832771
1.0,67,130.834732
1.0,41,130.835957
1.0,33,130.836952
1.0,9,130.83728
1.0,38,130.838444
1.0,29,130.839335
1.0,18,130.839906
1.0,30,130.840819
1.0,15,130.841316
1.0,26,130.842112
1.0,23,130.842834
1.0,54,130.844435
1.0,27,130.845265
1.0,24,130.846007
1.0,32,130.846978
1.0,23,130.847706
1.0,11,130.84808
1.0,46,130.849465
1.0,16,130.849981
1.0,35,130.851036
1.0,96,130.853818
1.0,88,130.856372
1.0,79,130.85867
1.0,15,130.859156
1.0,21,130.85982
1.0,84,130.862249
1.0,36,130.863343
0.0,100,130.866211
1.0,49,130.867664
1.0,49,130.869116
1.0,6,130.869365
1.0,44,130.870675
1.0,41,130.871897
1.0,33,130.872895
1.0,18,130.873477
1.0,30,130.87439
1.0,69,130.8764
1.0,22,130.87708
1.0,10,130.877437
1.0,48,130.878852
1.0,22,130.879546
1.0,72,130.881635
1.0,45,130.882972
1.0,52,130.884503
1.0,35,130.88556
1.0,53,130.887113
1.0,15,130.887612
1.0,30,130.888533
1.0,26,130.889336
1.0,44,130.890642
1.0,16,130.891155
1.0,94,130.893868
1.0,45,130.895202
1.0,35,130.89625
1.0,19,130.896856
1.0,39,130.89802
1.0,14,130.898496
1.0,25,130.89927
1.0,24,130.90001
1.0,57,130.901684
1.0,20,130.902322
1.0,43,130.903597
1.0,28,130.904458
1.0,12,130.90486
0.0,100,130.907742
1.0,21,130.908417
1.0,29,130.909307
1.0,42,130.910558
1.0,49,130.912088
1.0,28,130.912954
1.0,18,130.913536
1.0,35,130.914595
1.0,19,130.915195
1.0,31,130.916137
1.0,40,130.917344
1.0,32,130.918314
1.0,11,130.91869
1.0,10,130.919034
1.0,23,130.919752
1.0,24,130.920505
1.0,43,130.921784
1.0,26,130.922588
1.0,26,130.923394
1.0,27,130.924215
1.0,65,130.926107
1.0,42,130.927371
1.0,15,130.927856
1.0,58,130.929571
1.0,34,130.930595
1.0,26,130.931396
1.0,94,130.934102
1.0,31,130.935048
1.0,22,130.935743
1.0,43,130.937018
1.0,77,130.939267
1.0,15,130.939757
1.0,28,130.940617
1.0,47,130.942012
1.0,19,130.942622
1.0,35,130.943681
1.0,80,130.945979
1.0,25,130.946754
1.0,49,130.9482
1.0,18,130.948786
1.0,56,130.950434
1.0,18,130.951008
1.0,100,130.953891
1.0,48,130.955316
1.0,39,130.956484
1.0,28,130.957346
1.0,59,130.959077
1.0,55,130.960699
1.0,49,130.962138
1.0,21,130.962804
1.0,45,130.964145
1.0,30,130.965065
1.0,10,130.965424
1.0,54,130.967009
1.0,16,130.967532
1.0,28,130.968401
1.0,14,130.96886
1.0,31,130.969803
1.0,14,130.970268
1.0,10,130.970615
1.0,17,130.971157
1.0,13,130.971598
1.0,13,130.972028
1.0,46,130.973395
1.0,28,130.974246
1.0,65,130.976141
1.0,26,130.976944
1.0,43,130.978222
1.0,26,130.979025
1.0,11,130.979414
1.0,54,130.980999
1.0,36,130.982079
1.0,35,130.983126
1.0,13,130.983567
1.0,14,130.984025
1.0,42,130.985278
1.0,59,130.987004
1.0,21,130.987671
1.0,71,130.989735
1.0,13,130.990166
1.0,54,130.991754
1.0,25,130.99253
1.0,25,130.993309
1.0,65,130.995196
1.0,13,130.995638
1.0,70,130.997673
1.0,10,130.998021
1.0,80,131.000348
1.0,34,131.001378
1.0,13,131.001808
1.0,65,131.003706
1.0,27,131.004544
1.0,38,131.005689
1.0,95,131.008449
1.0,47,131.009833
1.0,20,131.010472
1.0,19,131.011071
1.0,62,131.012951
1.0,43,131.014229
1.0,52,131.015765
1.0,18,131.016346
1.0,26,131.017138
1.0,24,131.017885
1.0,10,131.018234
1.0,41,131.019472
1.0,65,131.02137
1.0,39,131.022536
1.0,43,131.023808
1.0,46,131.025172
1.0,19,131.025783
0.0,100,131.028669
1.0,29,131.029556
1.0,37,131.030667
1.0,21,131.031332
1.0,30,131.03224
1.0,72,131.034342
1.0,29,131.035218
1.0,13,131.035656
1.0,17,131.036196
1.0,18,131.036771
1.0,11,131.037147
1.0,6,131.037392
0.0,100,131.040272
1.0,37,131.041384
1.0,32,131.042354
1.0,9,131.042674
1.0,16,131.043185
1.0,11,131.04357
1.0,37,131.044684
1.0,33,131.045682
1.0,32,131.046653
1.0,67,131.048616
1.0,82,131.050989
1.0,49,131.05244
1.0,59,131.054162
1.0,32,131.055132
1.0,31,131.056077
1.0,11,131.056463
1.0,17,131.057004
1.0,74,131.059154
0.0,100,131.062023
1.0,23,131.062744
1.0,25,131.06352
1.0,36,131.064601
1.0,23,131.065329
1.0,15,131.065813
1.0,12,131.066212
1.0,25,131.066981
1.0,18,131.06756
1.0,14,131.068018
1.0,68,131.069998
1.0,35,131.071048
1.0,48,131.072468
1.0,13,131.072897
1.0,13,131.073336
1.0,10,131.073682
1.0,31,131.074619
1.0,31,131.075575
0.0,100,131.078461
1.0,15,131.078948
1.0,45,131.080289
1.0,15,131.080777
1.0,29,131.081662
1.0,36,131.08275
1.0,8,131.083041
1.0,19,131.083648
1.0,38,131.084782
1.0,60,131.086542
1.0,12,131.086946
1.0,64,131.088821
1.0,46,131.090185
1.0,52,131.091728
1.0,57,131.093402
1.0,30,131.094318
1.0,11,131.094692
1.0,15,131.095175
1.0,45,131.096515
1.0,19,131.097113
1.0,21,131.097774
1.0,27,131.098612
1.0,27,131.099447
1.0,73,131.101573
1.0,25,131.102351
1.0,28,131.103202
1.0,71,131.105273
1.0,31,131.106205
1.0,47,131.107597
1.0,69,131.10961
1.0,33,131.110608
1.0,27,131.111438
1.0,79,131.11382
1.0,15,131.114321
1.0,43,131.115602
1.0,22,131.116294
1.0,44,131.117595
1.0,15,131.118081
1.0,47,131.119485
1.0,73,131.121607
1.0,53,131.123156
1.0,21,131.123816
1.0,43,131.125085
1.0,21,131.125749
1.0,11,131.126124
1.0,41,131.127353
1.0,26,131.128141
1.0,36,131.129229
1.0,58,131.130921
1.0,12,131.131334
1.0,24,131.132073
1.0,28,131.132929
1.0,8,131.133219
1.0,74,131.135367
1.0,40,131.136563
1.0,43,131.137842
1.0,21,131.138513
1.0,18,131.13908
1.0,59,131.140808
1.0,22,131.1415
1.0,21,131.142154
1.0,41,131.143389
1.0,24,131.144131
1.0,11,131.144519
1.0,24,131.145267
1.0,22,131.145952
1.0,18,131.146534
1.0,16,131.147049
0.0,100,131.149946
1.0,16,131.150474
1.0,93,131.153153
1.0,48,131.154578
1.0,25,131.155353
1.0,49,131.156798
1.0,25,131.157576
1.0,11,131.157952
1.0,52,131.159505
1.0,34,131.160531
1.0,25,131.16131
1.0,30,131.162213
1.0,26,131.163012
1.0,11,131.163399
1.0,20,131.164028
1.0,24,131.164778
1.0,36,131.165866
1.0,27,131.166702
1.0,61,131.168492
1.0,12,131.168897
1.0,12,131.16931
1.0,12,131.169713
1.0,14,131.170167
1.0,10,131.170525
1.0,31,131.171466
1.0,9,131.171785
1.0,8,131.172074
1.0,10,131.172433
1.0,31,131.173382
1.0,23,131.174094
1.0,47,131.175489
1.0,57,131.177151
1.0,64,131.179023
1.0,63,131.180864
1.0,9,131.181183
1.0,35,131.182239
1.0,29,131.18313
1.0,28,131.183991
1.0,45,131.185335
1.0,56,131.186968
0.0,100,131.189864
1.0,10,131.190213
1.0,28,131.191072
1.0,45,131.192425
1.0,19,131.193025
1.0,28,131.193882
1.0,50,131.195371
1.0,32,131.196344
1.0,40,131.19753
1.0,13,131.197961
1.0,16,131.198491
1.0,17,131.199034
1.0,26,131.199839
1.0,25,131.200617
1.0,24,131.201364
1.0,23,131.202074
1.0,45,131.203421
1.0,61,131.205196
1.0,70,131.207232
1.0,33,131.208228
1.0,24,131.208976
1.0,30,131.209891
1.0,23,131.210612
1.0,49,131.212058
1.0,27,131.212952
1.0,37,131.21406
1.0,17,131.214614
1.0,22,131.215304
1.0,33,131.2163
1.0,22,131.216979
1.0,16,131.217501
1.0,30,131.218422
1.0,68,131.220396
1.0,23,131.221105
1.0,30,131.222019
1.0,28,131.222877
1.0,61,131.224664
1.0,18,131.225232
1.0,18,131.22581
1.0,54,131.227407
1.0,46,131.228769
1.0,76,131.230974
1.0,69,131.232975
1.0,20,131.233609
1.0,18,131.234177
1.0,15,131.23467
1.0,16,131.235184
1.0,35,131.236235
1.0,87,131.238755
1.0,14,131.239214
1.0,28,131.240072
1.0,44,131.241386
1.0,18,131.241955
1.0,13,131.242394
1.0,47,131.243778
1.0,59,131.245515
1.0,16,131.24603
1.0,10,131.246386
1.0,37,131.247503
1.0,64,131.249378
1.0,64,131.251231
1.0,15,131.251725
1.0,19,131.252333
1.0,31,131.253275
1.0,42,131.25452
1.0,13,131.25495
1.0,20,131.255584
1.0,29,131.256473
1.0,16,131.256987
1.0,23,131.257701
1.0,66,131.259618
1.0,19,131.260215
1.0,17,131.260762
1.0,39,131.261928
1.0,70,131.263954
1.0,20,131.264589
1.0,34,131.265611
1.0,25,131.26639
1.0,19,131.266986
1.0,39,131.268145
1.0,19,131.268756
1.0,38,131.269889
1.0,19,131.270494
1.0,31,131.271433
1.0,12,131.271834
1.0,25,131.272606
1.0,50,131.27407
1.0,30,131.27498
1.0,50,131.276453
1.0,22,131.277135
0.0,100,131.280018
1.0,26,131.280821
1.0,44,131.282119
1.0,47,131.283511
1.0,48,131.284921
1.0,24,131.285668
1.0,56,131.287315
1.0,33,131.288318
1.0,14,131.288775
1.0,16,131.289301
1.0,32,131.290264
1.0,58,131.291954
1.0,44,131.293261
1.0,39,131.294421
1.0,69,131.296427
1.0,22,131.297109
1.0,22,131.2978
1.0,13,131.298229
1.0,31,131.299188
1.0,42,131.300451
1.0,42,131.301702
1.0,23,131.302419
1.0,22,131.303098
1.0,27,131.303925
1.0,35,131.304979
1.0,75,131.307154
1.0,10,131.307512
1.0,28,131.308379
1.0,48,131.309794
1.0,24,131.310545
1.0,21,131.3112
1.0,14,131.311668
1.0,67,131.313615
1.0,26,131.314482
1.0,36,131.315567
1.0,11,131.315942
1.0,23,131.316665
1.0,70,131.318711
1.0,25,131.319491
1.0,15,131.31998
1.0,29,131.320865
1.0,8,131.321157
1.0,40,131.322354
1.0,47,131.323746
1.0,71,131.325812
1.0,55,131.32743
1.0,24,131.32817
1.0,23,131.328899
1.0,29,131.329785
1.0,41,131.331007
1.0,33,131.332182
1.0,56,131.33383
1.0,39,131.335001
1.0,19,131.335616
1.0,17,131.336164
1.0,27,131.336996
1.0,22,131.337692
1.0,44,131.339004
1.0,29,131.339895
1.0,25,131.340674
1.0,53,131.342228
1.0,28,131.343088
1.0,48,131.344511
1.0,16,131.345024
1.0,33,131.346025
1.0,37,131.347137
1.0,45,131.34848
1.0,28,131.349339
1.0,62,131.351138
1.0,10,131.351496
1.0,32,131.352473
1.0,47,131.35386
1.0,27,131.354686
1.0,44,131.355989
1.0,36,131.357073
1.0,22,131.357768
1.0,9,131.358088
1.0,17,131.358646
1.0,52,131.360174
1.0,46,131.361539
1.0,32,131.362511
1.0,63,131.364344
1.0,19,131.364945
1.0,20,131.365581
1.0,44,131.366888
1.0,51,131.368407
1.0,13,131.36884
1.0,19,131.369449
1.0,17,131.369989
1.0,22,131.370685
0.0,100,131.373578
1.0,15,131.374068
1.0,58,131.375767
1.0,40,131.376966
1.0,22,131.377663
1.0,57,131.379353
1.0,23,131.380064
1.0,22,131.380754
1.0,53,131.382316
1.0,34,131.383347
1.0,32,131.38432
1.0,19,131.384918
1.0,26,131.385721
1.0,23,131.386441
1.0,33,131.387439
1.0,36,131.388531
1.0,43,131.389814
1.0,25,131.390592
1.0,47,131.391978
1.0,47,131.393374
1.0,40,131.394567
1.0,72,131.39664
1.0,19,131.397237
1.0,15,131.397731
1.0,13,131.398159
1.0,23,131.398884
1.0,48,131.400311
1.0,76,131.402517
1.0,44,131.403827
1.0,17,131.404382
1.0,19,131.404982
1.0,17,131.405535
1.0,76,131.407733
1.0,22,131.408434
1.0,22,131.409118
1.0,13,131.409558
1.0,21,131.410212
1.0,31,131.411158
1.0,31,131.412099
1.0,57,131.41378
1.0,55,131.415464
1.0,29,131.416353
1.0,86,131.418841
1.0,40,131.420036
1.0,69,131.422042
1.0,96,131.424822
1.0,23,131.425543
1.0,25,131.426317
1.0,57,131.427975
1.0,24,131.428729
1.0,33,131.429723
1.0,29,131.430611
1.0,73,131.432731
1.0,26,131.433534
1.0,9,131.433853
1.0,20,131.434489
1.0,8,131.43478
1.0,50,131.436247
1.0,18,131.436826
1.0,52,131.438363
1.0,13,131.438792
1.0,16,131.439314
1.0,26,131.440103
1.0,63,131.441942
1.0,31,131.442881
1.0,17,131.443435
1.0,49,131.444877
1.0,83,131.447296
1.0,22,131.447977
1.0,47,131.449377
1.0,7,131.449639
1.0,34,131.450663
1.0,51,131.452158
1.0,87,131.454669
1.0,52,131.456195
1.0,79,131.458495
1.0,23,131.459207
1.0,43,131.46049
1.0,13,131.460923
1.0,39,131.462087
1.0,40,131.46329
1.0,48,131.464713
1.0,17,131.465267
1.0,45,131.466603
1.0,16,131.467118
1.0,37,131.468225
1.0,18,131.468806
0.0,100,131.471693
1.0,45,131.473025
1.0,78,131.475303
1.0,40,131.476499
1.0,22,131.47718
1.0,36,131.478272
0.0,100,131.481143
1.0,34,131.482171
1.0,40,131.483379
1.0,20,131.484004
1.0,61,131.485786
1.0,33,131.486781
1.0,13,131.48721
1.0,17,131.487759
1.0,30,131.488674
1.0,49,131.490112
1.0,42,131.491373
1.0,57,131.493034
1.0,28,131.493893
1.0,49,131.495342
1.0,8,131.495632
1.0,40,131.496821
1.0,26,131.497624
1.0,23,131.498348
1.0,36,131.49943
1.0,11,131.499805
0.0,100,131.502685
1.0,18,131.503265
1.0,56,131.504907
1.0,55,131.506533
1.0,65,131.508434
1.0,41,131.509655
1.0,41,131.510874
1.0,37,131.511979
1.0,43,131.51325
1.0,53,131.514812
1.0,37,131.515923
1.0,17,131.516477
1.0,36,131.517562
1.0,35,131.518621
1.0,26,131.519425
1.0,21,131.520076
1.0,53,131.521644
1.0,22,131.522336
1.0,85,131.524789
1.0,78,131.527052
1.0,46,131.528432
1.0,56,131.530075
1.0,28,131.530937
0.0,100,131.533889
1.0,17,131.534446
1.0,95,131.537183
1.0,41,131.538421
1.0,9,131.538741
1.0,28,131.5396
1.0,16,131.540116
1.0,34,131.541139
1.0,30,131.542054
1.0,31,131.543008
1.0,87,131.545542
1.0,22,131.546227
1.0,29,131.547112
1.0,14,131.547584
1.0,17,131.548127
1.0,10,131.548492
1.0,87,131.551022
1.0,34,131.552052
1.0,28,131.552913
1.0,32,131.55389
1.0,30,131.554806
1.0,34,131.555832
1.0,27,131.556665
1.0,34,131.557693
1.0,20,131.558336
1.0,51,131.559834
1.0,8,131.560125
1.0,20,131.560759
1.0,21,131.561421
1.0,26,131.562218
1.0,36,131.563308
1.0,22,131.563988
1.0,39,131.565146
1.0,52,131.566685
1.0,11,131.567059
1.0,23,131.567775
1.0,19,131.568392
1.0,26,131.56918
1.0,26,131.569977
1.0,53,131.571536
1.0,46,131.572892
1.0,47,131.574284
1.0,27,131.575102
1.0,28,131.575961
1.0,39,131.577119
1.0,31,131.578063
1.0,22,131.57876
1.0,35,131.57981
1.0,42,131.581057
1.0,21,131.581722
1.0,50,131.583183
1.0,28,131.584044
1.0,55,131.585664
1.0,52,131.587195
1.0,27,131.58803
1.0,95,131.590783
1.0,25,131.591559
1.0,43,131.592836
1.0,14,131.593307
1.0,8,131.593598
1.0,40,131.594791
1.0,53,131.596354
1.0,67,131.598307
1.0,9,131.598627
1.0,12,131.599028
1.0,33,131.600025
1.0,21,131.60069
1.0,29,131.601576
1.0,23,131.602296
1.0,34,131.603323
1.0,31,131.60425
1.0,13,131.604688
1.0,37,131.605798
1.0,22,131.606489
1.0,55,131.608106
1.0,43,131.609405
1.0,62,131.611215
1.0,72,131.613323
1.0,36,131.614409
1.0,18,131.61498
1.0,18,131.615557
1.0,22,131.61624
1.0,48,131.617669
1.0,51,131.619167
1.0,24,131.61992
1.0,26,131.620731
1.0,34,131.621757
1.0,14,131.622216
1.0,48,131.623645
1.0,30,131.624561
1.0,40,131.625756
1.0,11,131.626131
1.0,32,131.627102
1.0,11,131.627489
1.0,81,131.629849
1.0,28,131.630712
1.0,28,131.631572
1.0,10,131.631993
0.0,100,131.634888
1.0,9,131.635207
1.0,22,131.635897
1.0,22,131.636589
1.0,13,131.637019
1.0,15,131.637515
0.0,100,131.640415
1.0,26,131.641206
1.0,11,131.641589
1.0,56,131.643224
1.0,18,131.643799
1.0,64,131.645673
1.0,47,131.647062
1.0,33,131.648067
1.0,28,131.648928
1.0,22,131.649622
1.0,12,131.650026
1.0,48,131.651448
1.0,41,131.65267
1.0,31,131.653615
1.0,45,131.654951
1.0,9,131.65528
1.0,32,131.656236
1.0,37,131.657356
1.0,29,131.658231
1.0,15,131.65873
1.0,12,131.65913
1.0,31,131.660068
1.0,34,131.66109
1.0,54,131.662679
0.0,100,131.665558
1.0,26,131.66636
1.0,29,131.66723
1.0,71,131.669313
1.0,29,131.670187
1.0,41,131.671409
1.0,9,131.671729
1.0,71,131.673781
1.0,62,131.675595
1.0,46,131.676954
1.0,16,131.677476
1.0,13,131.677905
1.0,26,131.67871
1.0,24,131.679459
1.0,19,131.680055
1.0,44,131.681367
1.0,44,131.682669
1.0,83,131.685067
1.0,25,131.68584
1.0,49,131.687292
1.0,61,131.689065
1.0,9,131.689394
1.0,11,131.689768
1.0,11,131.690142
1.0,39,131.691313
1.0,17,131.691853
1.0,55,131.693476
1.0,10,131.693823
1.0,9,131.69414
1.0,23,131.69486
1.0,26,131.695662
1.0,9,131.69598
1.0,15,131.696477
1.0,50,131.697943
1.0,33,131.698944
1.0,45,131.700285
1.0,11,131.70066
1.0,15,131.701142
1.0,45,131.702485
1.0,32,131.70345
1.0,39,131.704612
1.0,96,131.707389
1.0,34,131.708424
1.0,28,131.709284
1.0,38,131.710421
1.0,20,131.711047
1.0,32,131.712011
1.0,33,131.713005
1.0,45,131.714345
1.0,33,131.715342
1.0,17,131.715881
1.0,22,131.716569
1.0,95,131.719316
1.0,52,131.72085
1.0,19,131.721461
1.0,16,131.721974
1.0,47,131.723371
1.0,22,131.72405
1.0,40,131.725238
1.0,24,131.725983
1.0,19,131.726587
1.0,65,131.728483
1.0,21,131.729136
1.0,18,131.729712
1.0,14,131.730171
1.0,29,131.73106
1.0,23,131.731782
1.0,22,131.732536
1.0,30,131.733457
1.0,36,131.734539
1.0,10,131.734885
1.0,61,131.736672
1.0,38,131.737809
1.0,27,131.738647
1.0,16,131.739163
1.0,26,131.739969
1.0,90,131.742579
1.0,18,131.743212
1.0,61,131.745016
1.0,57,131.746698
1.0,36,131.747782
1.0,14,131.748242
1.0,24,131.748995
1.0,27,131.749828
1.0,45,131.751161
1.0,51,131.75267
1.0,38,131.753806
1.0,55,131.755432
1.0,69,131.757452
1.0,41,131.758681
0.0,100,131.76159
1.0,53,131.76315
1.0,25,131.763922
1.0,8,131.764212
1.0,29,131.765096
1.0,19,131.765709
1.0,51,131.767212
1.0,28,131.768067
1.0,26,131.768896
1.0,27,131.769731
1.0,12,131.770133
1.0,38,131.771281
1.0,12,131.771685
1.0,38,131.772819
1.0,52,131.774357
1.0,87,131.776866
1.0,38,131.778008
1.0,11,131.778401
1.0,24,131.779136
1.0,44,131.78045
1.0,19,131.781045
1.0,61,131.782826
1.0,79,131.785124
1.0,33,131.786127
1.0,17,131.786684
1.0,16,131.787201
1.0,14,131.787669
1.0,16,131.788183
1.0,14,131.788657
1.0,28,131.789516
1.0,16,131.79003
1.0,8,131.79033
1.0,88,131.79287
1.0,19,131.793478
1.0,19,131.794075
1.0,15,131.794569
1.0,28,131.795429
1.0,23,131.79614
1.0,19,131.796747
1.0,35,131.797797
1.0,17,131.798356
1.0,14,131.798811
1.0,35,131.799862
1.0,21,131.800523
1.0,71,131.802598
1.0,45,131.803927
1.0,49,131.805381
1.0,28,131.806227
1.0,47,131.807619
1.0,18,131.808187
1.0,14,131.80866
1.0,23,131.809382
1.0,31,131.810326
1.0,19,131.810922
1.0,36,131.812
1.0,29,131.812897
1.0,25,131.813672
1.0,28,131.814532
1.0,15,131.815016
1.0,16,131.815538
1.0,43,131.816812
1.0,48,131.818223
1.0,34,131.819246
1.0,12,131.819658
1.0,16,131.820168
1.0,15,131.820662
1.0,37,131.821774
1.0,54,131.823364
1.0,61,131.825142
1.0,26,131.825945
1.0,9,131.826272
1.0,58,131.827961
1.0,32,131.82894
1.0,95,131.831683
1.0,24,131.832437
1.0,29,131.833387
1.0,27,131.834209
1.0,21,131.834873
1.0,21,131.835537
1.0,49,131.836972
1.0,17,131.837525
1.0,17,131.838068
1.0,20,131.838707
1.0,30,131.839619
1.0,23,131.840338
1.0,50,131.841805
1.0,19,131.842414
1.0,22,131.843095
1.0,39,131.84426
1.0,23,131.84497
1.0,16,131.84549
1.0,20,131.846115
1.0,25,131.846889
1.0,25,131.847672
1.0,30,131.848591
1.0,17,131.849131
1.0,33,131.850125
1.0,30,131.851038
1.0,30,131.851948
1.0,61,131.85374
1.0,96,131.856513
1.0,13,131.856941
1.0,23,131.857654
1.0,19,131.858251
1.0,16,131.858781
1.0,12,131.859181
1.0,15,131.859675
1.0,46,131.861028
1.0,14,131.861498
1.0,26,131.862303
1.0,19,131.862901
1.0,15,131.863395
1.0,27,131.864214
1.0,36,131.865301
1.0,30,131.8662
1.0,20,131.866832
1.0,36,131.867913
1.0,33,131.868918
1.0,26,131.869721
1.0,18,131.870304
1.0,26,131.871095
1.0,20,131.871731
1.0,13,131.872161
1.0,14,131.872628
1.0,58,131.874325
1.0,38,131.875457
1.0,29,131.876341
1.0,15,131.876826
1.0,23,131.877546
1.0,42,131.878796
1.0,33,131.879793
1.0,22,131.880484
1.0,63,131.882326
1.0,14,131.882785
1.0,36,131.88386
1.0,18,131.884443
1.0,30,131.885357
1.0,19,131.885955
1.0,14,131.886425
1.0,41,131.887642
1.0,33,131.888645
1.0,37,131.889752
1.0,24,131.890498
1.0,34,131.891525
1.0,57,131.893183
1.0,36,131.894267
1.0,26,131.895058
1.0,13,131.8955
1.0,22,131.896181
1.0,28,131.897035
1.0,29,131.897921
1.0,22,131.898615
1.0,36,131.899693
1.0,83,131.902089
1.0,27,131.902917
1.0,27,131.903749
1.0,83,131.906143
1.0,92,131.908793
1.0,26,131.909596
0.0,100,131.912481
1.0,43,131.913754
1.0,45,131.915087
1.0,24,131.915838
1.0,27,131.916668
1.0,46,131.918025
1.0,36,131.919115
1.0,19,131.919724
1.0,44,131.921032
1.0,37,131.922139
1.0,19,131.922748
1.0,66,131.924667
1.0,27,131.925498
1.0,39,131.926662
1.0,49,131.928107
1.0,51,131.929626
1.0,42,131.930876
1.0,25,131.931656
1.0,14,131.932114
1.0,35,131.933165
1.0,33,131.934239
1.0,20,131.934877
1.0,27,131.935706
1.0,34,131.936725
1.0,23,131.937439
1.0,13,131.937867
1.0,22,131.938564
1.0,8,131.938855
1.0,49,131.94031
1.0,26,131.941101
1.0,29,131.941985
1.0,40,131.943176
1.0,29,131.944059
1.0,15,131.944555
1.0,41,131.945777
1.0,50,131.947246
1.0,59,131.948984
1.0,25,131.94976
1.0,51,131.951263
1.0,17,131.951805
1.0,28,131.952664
1.0,63,131.954507
1.0,43,131.955783
1.0,28,131.956645
1.0,45,131.957976
1.0,56,131.959629
1.0,53,131.961186
1.0,11,131.961571
1.0,36,131.962654
1.0,50,131.964125
1.0,63,131.965966
1.0,34,131.966994
1.0,25,131.96777
1.0,36,131.968859
1.0,19,131.969468
1.0,29,131.970356
1.0,14,131.970813
1.0,53,131.972376
1.0,46,131.973733
1.0,12,131.974136
1.0,13,131.974577
1.0,46,131.975938
1.0,20,131.976574
1.0,44,131.97788
1.0,84,131.980324
1.0,35,131.981385
1.0,38,131.982538
1.0,39,131.983703
0.0,100,131.986598
1.0,15,131.987083
1.0,53,131.988656
1.0,43,131.989935
1.0,83,131.992351
1.0,57,131.99402
1.0,16,131.994544
1.0,23,131.995262
1.0,31,131.9962
1.0,32,131.997166
1.0,70,131.999214
1.0,45,132.000558
1.0,60,132.002314
1.0,48,132.003729
1.0,20,132.004363
1.0,29,132.005238
1.0,14,132.005706
1.0,16,132.006216
1.0,46,132.007581
1.0,36,132.008666
1.0,11,132.00904
1.0,31,132.009981
1.0,70,132.012021
1.0,37,132.013133
1.0,33,132.014136
1.0,21,132.014798
1.0,65,132.016699
1.0,43,132.017973
1.0,16,132.018505
1.0,38,132.019645
1.0,17,132.020186
1.0,37,132.021302
1.0,28,132.022146
1.0,60,132.023915
1.0,81,132.026274
1.0,35,132.027332
1.0,28,132.028178
1.0,25,132.028959
1.0,18,132.029542
1.0,23,132.030245
1.0,29,132.031132
1.0,26,132.031933
1.0,11,132.032322
1.0,39,132.033489
1.0,58,132.035186
1.0,9,132.035516
1.0,56,132.037144
1.0,83,132.039557
1.0,38,132.040698
1.0,13,132.041128
1.0,24,132.041936
1.0,24,132.04269
1.0,28,132.04355
0.0,100,132.04643
1.0,72,132.048537
1.0,39,132.0497
1.0,19,132.050313
1.0,53,132.051867
1.0,11,132.052242
1.0,21,132.052907
1.0,66,132.054833
1.0,68,132.056822
1.0,22,132.057513
1.0,18,132.058085
1.0,65,132.05999
1.0,51,132.061502
1.0,11,132.061878
1.0,35,132.062934
1.0,33,132.06393
1.0,15,132.064428
1.0,51,132.065926
1.0,63,132.067763
1.0,10,132.068111
1.0,28,132.068973
1.0,25,132.069745
1.0,44,132.071052
1.0,46,132.072422
1.0,32,132.073392
1.0,32,132.074363
1.0,42,132.075609
1.0,35,132.076661
1.0,32,132.077632
1.0,68,132.079618
1.0,21,132.080282
1.0,48,132.081694
1.0,22,132.082388
1.0,24,132.083124
1.0,48,132.084548
1.0,33,132.085551
1.0,23,132.086268
1.0,28,132.087121
1.0,43,132.08841
1.0,32,132.089385
1.0,28,132.090231
1.0,32,132.091202
1.0,47,132.092597
1.0,57,132.094264
1.0,34,132.09529
1.0,15,132.095776
1.0,34,132.096801
1.0,30,132.097714
1.0,18,132.098299
1.0,27,132.099118
1.0,9,132.099447
1.0,24,132.10018
1.0,64,132.102043
1.0,52,132.103582
1.0,37,132.10469
1.0,63,132.10653
1.0,40,132.107718
1.0,10,132.108065
1.0,43,132.109351
1.0,21,132.110005
1.0,62,132.111817
1.0,57,132.113497
1.0,37,132.114603
1.0,55,132.116209
1.0,48,132.11763
1.0,13,132.11806
1.0,17,132.118615
1.0,29,132.119501
1.0,47,132.120889
1.0,30,132.121805
1.0,66,132.123726
1.0,12,132.124127
1.0,36,132.125204
1.0,17,132.125755
1.0,68,132.127732
1.0,54,132.129328
1.0,36,132.130413
1.0,32,132.131384
1.0,17,132.131926
1.0,40,132.133115
1.0,36,132.134196
1.0,29,132.135082
1.0,29,132.135964
1.0,52,132.137498
1.0,17,132.13804
1.0,54,132.139632
1.0,33,132.140628
1.0,36,132.141703
1.0,37,132.14281
1.0,21,132.143474
1.0,15,132.143962
1.0,23,132.144679
1.0,38,132.145817
1.0,50,132.147361
1.0,33,132.148365
1.0,49,132.14981
1.0,50,132.151287
1.0,18,132.151852
1.0,27,132.152677
1.0,67,132.154627
1.0,16,132.155143
1.0,12,132.155554
1.0,31,132.156497
1.0,47,132.157887
1.0,37,132.159
1.0,40,132.160194
1.0,50,132.161675
1.0,13,132.162107
1.0,27,132.162937
1.0,29,132.163824
1.0,19,132.164433
1.0,14,132.164891
1.0,24,132.165636
1.0,32,132.16661
1.0,41,132.167829
1.0,60,132.169593
1.0,45,132.170923
1.0,32,132.171891
1.0,38,132.173032
1.0,38,132.17417
1.0,34,132.175198
1.0,83,132.17761
1.0,37,132.178728
1.0,35,132.179783
1.0,86,132.182267
1.0,27,132.183094
1.0,84,132.185522
1.0,28,132.186378
1.0,41,132.187593
1.0,45,132.18893
1.0,58,132.190629
1.0,64,132.192507
1.0,19,132.193107
1.0,14,132.193575
1.0,24,132.194322
1.0,41,132.195547
1.0,27,132.196378
1.0,44,132.197687
1.0,57,132.199373
1.0,56,132.200999
1.0,30,132.201909
1.0,32,132.202878
1.0,57,132.204545
1.0,45,132.205878
1.0,8,132.206169
1.0,10,132.206527
1.0,50,132.207998
1.0,54,132.209601
1.0,23,132.210325
1.0,69,132.212334
1.0,8,132.212623
1.0,33,132.213617
1.0,40,132.214828
1.0,77,132.217062
1.0,18,132.217641
1.0,12,132.218045
1.0,86,132.220541
1.0,71,132.222612
1.0,11,132.222988
1.0,43,132.224276
1.0,11,132.224651
1.0,18,132.225217
1.0,16,132.225751
1.0,44,132.227064
1.0,21,132.227731
1.0,18,132.228323
1.0,20,132.228948
1.0,70,132.230981
1.0,24,132.231729
1.0,10,132.232076
1.0,97,132.234871
1.0,38,132.236002
1.0,26,132.236811
1.0,26,132.237617
1.0,45,132.238955
1.0,13,132.239398
1.0,33,132.240398
1.0,73,132.242522
1.0,19,132.24312
1.0,12,132.243531
1.0,28,132.24439
1.0,61,132.246164
1.0,20,132.246802
1.0,79,132.249106
1.0,15,132.249604
1.0,30,132.250521
1.0,33,132.251522
1.0,24,132.252265
1.0,25,132.253107
1.0,44,132.254423
1.0,31,132.255364
1.0,48,132.256783
1.0,44,132.258088
1.0,20,132.258727
1.0,30,132.259642
1.0,20,132.260277
1.0,29,132.261151
1.0,55,132.262764
1.0,74,132.264913
1.0,21,132.265576
1.0,65,132.267474
1.0,20,132.268099
1.0,58,132.269812
1.0,23,132.270533
1.0,45,132.27186
1.0,25,132.272638
1.0,12,132.27304
1.0,57,132.274709
1.0,10,132.275057
1.0,14,132.275527
1.0,8,132.275819
1.0,56,132.277466
1.0,14,132.277925
1.0,39,132.279097
1.0,32,132.280066
1.0,35,132.281117
1.0,49,132.282564
1.0,58,132.284249
1.0,43,132.285533
1.0,43,132.286809
1.0,27,132.287641
1.0,17,132.288183
1.0,55,132.289807
1.0,39,132.290972
1.0,51,132.292481
1.0,90,132.295074
1.0,20,132.295712
1.0,74,132.297864
1.0,40,132.299061
1.0,69,132.30106
1.0,17,132.301615
1.0,37,132.302722
1.0,34,132.303745
1.0,33,132.304744
0.0,100,132.307629
1.0,40,132.308824
1.0,62,132.310641
1.0,12,132.311044
1.0,31,132.311981
1.0,15,132.312479
1.0,97,132.315266
1.0,36,132.316349
1.0,56,132.317987
1.0,29,132.31888
1.0,30,132.319797
1.0,26,132.3206
1.0,40,132.321795
1.0,40,132.322987
1.0,64,132.324859
1.0,18,132.325444
1.0,6,132.32568
1.0,26,132.326479
1.0,61,132.328243
1.0,17,132.328797
1.0,13,132.329222
1.0,16,132.329741
1.0,24,132.330486
1.0,48,132.331904
1.0,13,132.332343
1.0,44,132.333641
1.0,27,132.334475
1.0,60,132.336222
1.0,35,132.337279
1.0,48,132.338703
1.0,16,132.339216
1.0,16,132.339737
1.0,76,132.341943
1.0,28,132.3428
1.0,12,132.343203
1.0,14,132.34367
1.0,36,132.344752
1.0,9,132.34507
1.0,10,132.345427
1.0,53,132.346976
1.0,42,132.348222
1.0,13,132.348665
1.0,48,132.350082
1.0,21,132.350747
1.0,50,132.352224
1.0,34,132.353245
1.0,34,132.354276
1.0,50,132.355809
1.0,25,132.356585
1.0,9,132.356904
1.0,41,132.358118
1.0,19,132.358729
1.0,12,132.359135
1.0,37,132.360243
1.0,22,132.360934
1.0,23,132.361656
1.0,21,132.362321
1.0,26,132.363112
1.0,30,132.36402
1.0,26,132.364826
1.0,29,132.365712
1.0,19,132.366321
1.0,42,132.36757
1.0,58,132.369267
1.0,92,132.371918
1.0,30,132.372834
1.0,22,132.373526
1.0,42,132.374772
1.0,88,132.377312
1.0,33,132.378315
1.0,31,132.379251
1.0,28,132.380109
1.0,30,132.381024
1.0,41,132.382239
1.0,31,132.38318
1.0,19,132.383788
1.0,10,132.384137
1.0,37,132.385241
1.0,53,132.386804
1.0,71,132.38887
1.0,36,132.389948
1.0,16,132.390473
1.0,18,132.391043
1.0,32,132.392008
1.0,67,132.393962
1.0,26,132.394766
1.0,22,132.395457
1.0,39,132.39662
1.0,16,132.397134
1.0,35,132.39819
1.0,16,132.398719
1.0,13,132.399151
1.0,21,132.399812
1.0,55,132.401429
1.0,55,132.403034
1.0,45,132.404381
1.0,18,132.404951
1.0,45,132.406289
1.0,41,132.407508
1.0,24,132.408242
1.0,45,132.409585
1.0,50,132.411057
1.0,45,132.412401
1.0,20,132.413027
1.0,30,132.413943
1.0,36,132.415021
1.0,58,132.416722
1.0,53,132.418298
1.0,44,132.419605
1.0,17,132.420149
1.0,39,132.421323
1.0,28,132.422168
1.0,69,132.424176
1.0,25,132.424956
1.0,78,132.427219
1.0,35,132.428288
1.0,20,132.428914
1.0,14,132.429382
1.0,75,132.43156
1.0,43,132.432833
1.0,17,132.433387
1.0,59,132.435111
1.0,26,132.435909
1.0,19,132.436519
1.0,23,132.437226
1.0,34,132.438248
1.0,29,132.439142
1.0,19,132.439753
1.0,15,132.440236
1.0,21,132.440901
1.0,33,132.441891
1.0,49,132.44335
1.0,10,132.443697
1.0,24,132.44444
1.0,25,132.445203
1.0,12,132.445614
1.0,62,132.447438
1.0,18,132.44801
1.0,42,132.449268
1.0,48,132.450682
1.0,21,132.451349
1.0,16,132.451864
1.0,24,132.452612
1.0,21,132.453277
1.0,13,132.453709
1.0,29,132.454608
0.0,100,132.457566
1.0,36,132.458659
1.0,66,132.460586
1.0,16,132.461102
1.0,15,132.461598
1.0,26,132.462402
1.0,51,132.463894
1.0,52,132.465426
1.0,35,132.46648
1.0,13,132.466911
1.0,45,132.468242
1.0,54,132.46984
1.0,9,132.470161
1.0,22,132.470854
1.0,40,132.472047
1.0,34,132.473068
1.0,61,132.474843
1.0,14,132.47531
1.0,43,132.476587
1.0,9,132.476907
1.0,64,132.478782
1.0,19,132.479391
1.0,19,132.479991
1.0,59,132.481718
1.0,22,132.48241
1.0,44,132.48371
1.0,32,132.484681
1.0,40,132.485873
1.0,34,132.486892
1.0,19,132.4875
1.0,25,132.488275
1.0,10,132.488623
1.0,31,132.48956
1.0,34,132.490585
1.0,22,132.491277
1.0,11,132.491652
1.0,46,132.493007
1.0,69,132.495019
1.0,38,132.496152
1.0,20,132.496788
1.0,56,132.498437
1.0,45,132.499768
0.0,100,132.502644
1.0,14,132.503103
1.0,21,132.503765
1.0,49,132.505202
1.0,20,132.505838
1.0,51,132.507345
1.0,22,132.508025
1.0,15,132.508528
1.0,27,132.509361
1.0,73,132.511476
1.0,48,132.512887
1.0,12,132.513298
1.0,69,132.515298
1.0,35,132.516353
1.0,12,132.516756
1.0,31,132.517698
1.0,12,132.518099
1.0,27,132.518932
1.0,43,132.520203
1.0,57,132.52188
1.0,21,132.522545
1.0,31,132.523486
1.0,27,132.524318
1.0,15,132.524803
1.0,30,132.525713
1.0,23,132.526428
1.0,33,132.527421
1.0,26,132.528213
1.0,66,132.53014
1.0,13,132.530581
1.0,70,132.532609
1.0,17,132.533147
1.0,33,132.53414
1.0,33,132.535139
1.0,14,132.535609
1.0,31,132.536555
1.0,41,132.53777
1.0,28,132.538631
1.0,25,132.539405
1.0,62,132.541209
1.0,33,132.542206
1.0,33,132.543201
1.0,23,132.543917
1.0,37,132.545023
1.0,24,132.545769
1.0,21,132.546431
1.0,79,132.548729
1.0,18,132.549313
1.0,7,132.549576
1.0,66,132.5515
1.0,72,132.55359
1.0,74,132.55574
1.0,39,132.556901
1.0,78,132.559244
1.0,36,132.560337
1.0,34,132.561365
1.0,24,132.562105
1.0,11,132.562491
1.0,30,132.56341
1.0,22,132.564092
1.0,21,132.564751
1.0,29,132.565639
1.0,13,132.566069
1.0,25,132.566843
1.0,48,132.568263
1.0,29,132.569147
1.0,36,132.570222
0.0,100,132.573105
1.0,30,132.574021
1.0,21,132.574685
1.0,38,132.575822
1.0,29,132.57671
1.0,55,132.578331
1.0,83,132.580733
1.0,14,132.581193
1.0,35,132.582248
1.0,34,132.583278
1.0,90,132.585876
1.0,27,132.586706
1.0,22,132.587394
1.0,37,132.588505
1.0,27,132.589337
1.0,31,132.590278
1.0,27,132.591099
1.0,24,132.59184
1.0,48,132.59325
0.0,100,132.596141
1.0,16,132.596669
1.0,23,132.597394
1.0,30,132.59832
1.0,40,132.599516
1.0,25,132.600295
1.0,36,132.601379
1.0,20,132.602003
1.0,18,132.602583
1.0,18,132.603153
1.0,52,132.604682
1.0,64,132.606555
1.0,86,132.609036
1.0,39,132.6102
1.0,64,132.612068
1.0,23,132.612785
1.0,35,132.613837
1.0,30,132.614751
1.0,10,132.615098
1.0,74,132.617226
1.0,27,132.618056
1.0,56,132.619711
1.0,24,132.620461
1.0,45,132.621794
1.0,67,132.623744
1.0,25,132.624521
1.0,15,132.625006
1.0,37,132.626115
1.0,28,132.626977
1.0,22,132.627669
1.0,22,132.628363
1.0,8,132.628653
1.0,61,132.63043
1.0,14,132.630889
1.0,65,132.632781
1.0,37,132.633891
1.0,46,132.635249
1.0,14,132.635715
1.0,75,132.637888
1.0,34,132.638923
1.0,28,132.639785
1.0,63,132.641625
1.0,56,132.643276
1.0,61,132.645055
1.0,68,132.647039
1.0,51,132.648556
1.0,16,132.649069
1.0,18,132.649648
1.0,57,132.651319
1.0,35,132.652376
1.0,27,132.653199
1.0,12,132.65361
1.0,26,132.654412
1.0,48,132.655818
1.0,56,132.657463
1.0,42,132.65872
1.0,26,132.659526
1.0,55,132.661131
1.0,53,132.662691
1.0,25,132.663469
1.0,29,132.664357
1.0,53,132.666
1.0,14,132.666472
1.0,18,132.667042
1.0,14,132.667512
1.0,20,132.668136
1.0,18,132.66872
1.0,56,132.670371
1.0,37,132.671483
1.0,36,132.67256
1.0,7,132.672822
1.0,14,132.67329
1.0,46,132.674648
1.0,22,132.67534
1.0,23,132.676047
1.0,18,132.676624
1.0,21,132.677287
1.0,31,132.678215
1.0,19,132.678824
1.0,50,132.680299
1.0,62,132.682106
1.0,45,132.683447
1.0,54,132.685025
1.0,26,132.685824
1.0,30,132.686733
1.0,79,132.689014
1.0,22,132.689706
1.0,73,132.691827
1.0,19,132.692436
1.0,22,132.693123
1.0,44,132.69443
1.0,20,132.695055
1.0,13,132.695497
1.0,46,132.696856
1.0,36,132.697937
1.0,31,132.698885
1.0,27,132.699717
1.0,29,132.700608
1.0,37,132.701718
1.0,26,132.702523
1.0,13,132.702952
1.0,32,132.703918
1.0,27,132.704749
1.0,38,132.705885
1.0,28,132.706744
1.0,29,132.707633
1.0,13,132.708063
1.0,22,132.708755
1.0,56,132.710395
1.0,41,132.711614
1.0,39,132.712772
1.0,38,132.713913
1.0,94,132.716628
1.0,41,132.717852
1.0,37,132.718964
1.0,19,132.719574
1.0,56,132.72121
1.0,28,132.722066
1.0,19,132.722671
1.0,24,132.723418
1.0,13,132.72385
1.0,28,132.724707
1.0,43,132.725977
1.0,10,132.726336
1.0,25,132.727098
1.0,32,132.728062
1.0,20,132.728705
1.0,50,132.730171
1.0,16,132.730696
1.0,50,132.732167
1.0,39,132.733346
1.0,19,132.733947
1.0,15,132.734444
1.0,26,132.735238
1.0,41,132.736463
1.0,31,132.737403
1.0,15,132.73789
1.0,28,132.738756
1.0,45,132.74009
1.0,47,132.741488
1.0,67,132.743434
1.0,38,132.744569
1.0,28,132.745423
1.0,80,132.747736
1.0,58,132.749441
1.0,20,132.750067
1.0,61,132.751835
1.0,22,132.752527
1.0,24,132.753271
1.0,18,132.753841
1.0,43,132.755109
1.0,18,132.75569
1.0,41,132.756909
1.0,20,132.757549
1.0,67,132.759506
1.0,14,132.759964
1.0,46,132.76133
1.0,17,132.76187
1.0,32,132.762838
1.0,30,132.763752
1.0,51,132.765247
1.0,23,132.766027
1.0,19,132.766638
1.0,41,132.76786
1.0,47,132.769248
1.0,41,132.770476
1.0,66,132.772418
1.0,23,132.773127
1.0,47,132.774519
1.0,30,132.775435
1.0,27,132.776267
1.0,43,132.777544
1.0,19,132.778142
1.0,59,132.77988
1.0,39,132.781048
1.0,56,132.782697
1.0,7,132.782962
1.0,25,132.783735
1.0,34,132.784754
1.0,27,132.785584
1.0,12,132.785987
1.0,26,132.786786
1.0,60,132.788548
1.0,32,132.789519
1.0,58,132.791207
1.0,43,132.792492
1.0,43,132.79377
1.0,72,132.795869
1.0,17,132.796422
1.0,38,132.797559
1.0,40,132.798754
1.0,28,132.799617
1.0,61,132.801402
1.0,47,132.802794
1.0,13,132.803221
1.0,23,132.803936
1.0,23,132.804657
1.0,41,132.805883
1.0,26,132.806689
1.0,45,132.808014
1.0,40,132.809207
1.0,44,132.810523
1.0,36,132.81161
1.0,82,132.813999
1.0,43,132.815284
1.0,57,132.81695
1.0,52,132.818487
1.0,21,132.819142
1.0,25,132.819915
1.0,27,132.82075
1.0,33,132.821752
1.0,70,132.823791
1.0,25,132.824569
1.0,39,132.825733
1.0,48,132.827148
1.0,74,132.829319
1.0,23,132.830031
1.0,13,132.830471
1.0,44,132.831771
1.0,40,132.832965
1.0,52,132.834499
1.0,40,132.835695
1.0,57,132.837368
1.0,17,132.837934
1.0,17,132.838504
1.0,11,132.838879
1.0,38,132.84001
1.0,36,132.841086
1.0,21,132.841751
1.0,76,132.843947
1.0,25,132.844727
1.0,24,132.845475
1.0,17,132.846019
1.0,26,132.846814
1.0,55,132.848444
1.0,22,132.849125
1.0,36,132.850201
1.0,58,132.851908
1.0,22,132.852597
1.0,36,132.853674
1.0,10,132.85402
1.0,48,132.855441
1.0,31,132.856387
1.0,72,132.858489
1.0,32,132.859461
1.0,30,132.860376
1.0,85,132.862813
1.0,38,132.863947
1.0,13,132.864387
1.0,56,132.866015
1.0,43,132.867295
1.0,27,132.868113
1.0,47,132.869516
1.0,32,132.870489
1.0,13,132.870918
1.0,20,132.871551
1.0,14,132.872071
1.0,27,132.872901
1.0,35,132.873954
1.0,27,132.874782
1.0,47,132.87617
1.0,72,132.878282
1.0,15,132.878767
1.0,15,132.879251
1.0,54,132.880843
1.0,25,132.881618
1.0,24,132.882362
1.0,38,132.883495
1.0,13,132.883924
1.0,35,132.884973
1.0,57,132.886647
1.0,26,132.887451
1.0,40,132.888649
1.0,25,132.889423
1.0,40,132.89061
0.0,100,132.893491
1.0,31,132.894439
0.0,100,132.897328
1.0,32,132.89831
1.0,29,132.899189
1.0,76,132.90141
1.0,21,132.902063
1.0,62,132.903878
1.0,48,132.905307
1.0,44,132.906605
1.0,26,132.907408
1.0,50,132.908886
1.0,26,132.909687
1.0,67,132.911635
1.0,34,132.912657
1.0,18,132.913228
1.0,11,132.91361
1.0,24,132.914356
1.0,57,132.916019
1.0,49,132.917477
1.0,25,132.918245
1.0,42,132.919505
1.0,27,132.920336
1.0,18,132.920905
1.0,69,132.92291
1.0,27,132.923744
1.0,45,132.925075
1.0,12,132.925491
1.0,69,132.927501
1.0,56,132.929149
1.0,36,132.930261
1.0,13,132.930696
1.0,23,132.931419
1.0,49,132.932862
1.0,31,132.933805
1.0,26,132.934608
1.0,13,132.935037
1.0,39,132.936201
1.0,16,132.936725
1.0,16,132.937239
1.0,35,132.938308
1.0,55,132.939913
1.0,10,132.940268
1.0,25,132.941031
1.0,33,132.942026
1.0,19,132.942634
1.0,59,132.944361
1.0,52,132.945883
1.0,40,132.947072
1.0,31,132.948007
1.0,62,132.94982
1.0,42,132.951065
1.0,42,132.95232
1.0,13,132.95275
1.0,37,132.953856
1.0,29,132.954745
1.0,54,132.956339
1.0,35,132.957396
1.0,42,132.958653
1.0,9,132.958972
1.0,20,132.95961
1.0,50,132.961076
1.0,38,132.962213
0.0,100,132.965095
1.0,34,132.966123
1.0,28,132.966974
1.0,34,132.967996
1.0,54,132.969595
1.0,37,132.970703
1.0,57,132.972374
1.0,48,132.97379
1.0,41,132.975012
1.0,14,132.975481
1.0,21,132.976133
1.0,32,132.977159
1.0,13,132.977603
1.0,22,132.978302
1.0,20,132.978926
1.0,80,132.981239
1.0,14,132.981709
1.0,18,132.982288
1.0,40,132.98348
1.0,20,132.984108
1.0,17,132.98466
1.0,29,132.985544
1.0,38,132.986678
1.0,14,132.987135
1.0,27,132.987965
1.0,26,132.988778
1.0,43,132.990055
1.0,12,132.990468
1.0,60,132.992217
1.0,40,132.993416
1.0,10,132.993761
1.0,39,132.994925
1.0,13,132.995368
1.0,78,132.997621
1.0,17,132.998164
1.0,15,132.998668
1.0,22,132.999363
1.0,69,133.001369
1.0,63,133.003203
1.0,48,133.004629
1.0,34,133.005653
1.0,41,133.006867
1.0,38,133.008002
1.0,30,133.008923
1.0,11,133.009312
1.0,12,133.009716
1.0,11,133.010087
1.0,10,133.010444
1.0,32,133.011417
1.0,68,133.013395
1.0,14,133.013853
1.0,25,133.014624
1.0,23,133.015343
1.0,69,133.017346
1.0,32,133.018327
1.0,11,133.018702
1.0,16,133.019213
1.0,15,133.019706
1.0,16,133.020219
1.0,22,133.020907
1.0,28,133.021766
1.0,39,133.022929
1.0,57,133.024597
1.0,27,133.025428
1.0,72,133.027519
1.0,60,133.029281
1.0,36,133.030369
1.0,12,133.030773
1.0,41,133.031995
1.0,23,133.032713
1.0,32,133.033684
1.0,24,133.034429
1.0,41,133.035645
1.0,11,133.036019
1.0,28,133.03688
1.0,30,133.037796
1.0,27,133.038632
1.0,48,133.040044
1.0,27,133.04087
1.0,15,133.041366
1.0,17,133.041908
1.0,27,133.042737
1.0,24,133.043487
1.0,34,133.044515
1.0,28,133.045372
1.0,26,133.046166
1.0,60,133.047922
1.0,12,133.048343
1.0,53,133.049896
1.0,21,133.050559
1.0,73,133.052672
1.0,63,133.054513
1.0,80,133.05683
1.0,17,133.057384
1.0,35,133.058443
1.0,21,133.059094
1.0,36,133.060171
1.0,64,133.062044
1.0,40,133.063235
1.0,46,133.064612
1.0,57,133.066282
1.0,39,133.067446
1.0,27,133.068278
1.0,51,133.069785
1.0,24,133.070531
1.0,27,133.071365
1.0,80,133.073675
1.0,13,133.074106
1.0,36,133.075182
1.0,28,133.076041
1.0,67,133.077993
1.0,39,133.079234
1.0,28,133.080093
1.0,11,133.080476
1.0,37,133.081585
1.0,16,133.082098
1.0,15,133.082593
1.0,32,133.083562
1.0,25,133.08434
1.0,33,133.085335
1.0,41,133.08655
1.0,18,133.087119
1.0,26,133.087919
1.0,8,133.08821
1.0,12,133.088624
1.0,20,133.089248
1.0,28,133.090106
1.0,67,133.092058
1.0,31,133.092996
1.0,53,133.094555
1.0,29,133.095439
1.0,11,133.095815
1.0,40,133.096997
1.0,13,133.097439
1.0,14,133.097898
1.0,26,133.098707
1.0,7,133.098971
1.0,20,133.099605
1.0,43,133.100879
1.0,33,133.101874
1.0,25,133.102649
1.0,61,133.104429
1.0,61,133.10621
1.0,18,133.106787
1.0,28,133.107645
1.0,30,133.108569
1.0,9,133.108886
1.0,16,133.109409
0.0,100,133.11229
1.0,22,133.11297
1.0,16,133.113492
1.0,9,133.113811
1.0,45,133.115138
1.0,21,133.115802
1.0,39,133.116963
1.0,10,133.11732
1.0,23,133.118028
1.0,27,133.118864
1.0,92,133.121522
1.0,16,133.122036
1.0,19,133.122642
1.0,26,133.123446
1.0,23,133.124152
1.0,21,133.124811
1.0,64,133.126673
1.0,23,133.12739
1.0,61,133.129166
1.0,21,133.129833
1.0,31,133.130779
1.0,34,133.131804
1.0,85,133.13425
1.0,73,133.136377
1.0,33,133.137378
1.0,68,133.139358
1.0,56,133.140992
1.0,21,133.141657
1.0,40,133.142847
1.0,61,133.144631
1.0,11,133.145005
1.0,47,133.146394
1.0,46,133.147752
1.0,20,133.148393
1.0,34,133.149418
1.0,35,133.150473
1.0,19,133.151083
1.0,12,133.151497
1.0,16,133.152012
1.0,86,133.154503
1.0,30,133.15542
1.0,10,133.155767
1.0,54,133.157354
1.0,31,133.158301
1.0,38,133.159437
1.0,62,133.161246
1.0,44,133.162555
1.0,21,133.163206
1.0,22,133.163893
1.0,38,133.165027
1.0,21,133.165692
1.0,22,133.166384
1.0,31,133.167325
1.0,27,133.168145
1.0,54,133.16974
1.0,29,133.170629
1.0,47,133.172017
1.0,34,133.173042
1.0,49,133.174492
1.0,44,133.1758
1.0,21,133.176466
1.0,37,133.177573
1.0,19,133.178171
1.0,50,133.179715
1.0,25,133.180496
1.0,38,133.181638
1.0,23,133.182358
1.0,29,133.183234
1.0,32,133.184203
1.0,51,133.185705
1.0,35,133.186758
1.0,36,133.187837
1.0,28,133.188706
1.0,76,133.190904
1.0,31,133.191847
1.0,19,133.192457
1.0,13,133.192887
1.0,67,133.194855
1.0,45,133.196188
1.0,34,133.197209
1.0,19,133.197814
1.0,18,133.198401
1.0,24,133.199139
1.0,47,133.200534
1.0,33,133.20154
0.0,100,133.204422
1.0,30,133.20534
1.0,28,133.206188
1.0,30,133.207102
1.0,15,133.207599
1.0,51,133.209109
1.0,26,133.209915
1.0,17,133.210471
1.0,65,133.212372
1.0,25,133.213134
1.0,30,133.214047
1.0,42,133.215311
1.0,96,133.218072
1.0,30,133.218995
1.0,37,133.220101
1.0,29,133.220987
1.0,22,133.221678
1.0,38,133.222815
1.0,38,133.223951
1.0,13,133.224393
1.0,19,133.22499
1.0,49,133.226441
1.0,19,133.227042
1.0,38,133.228172
1.0,54,133.229773
1.0,50,133.231247
1.0,22,133.231938
1.0,27,133.232772
1.0,25,133.23355
1.0,12,133.233952
1.0,98,133.236768
1.0,39,133.237936
1.0,51,133.239461
1.0,25,133.240229
1.0,28,133.241089
1.0,21,133.241753
1.0,21,133.242416
1.0,49,133.243861
1.0,64,133.245732
1.0,70,133.247781
1.0,32,133.248759
1.0,13,133.24919
1.0,9,133.249519
1.0,31,133.250465
1.0,23,133.251174
1.0,20,133.251809
1.0,9,133.25213
1.0,33,133.253118
1.0,22,133.253811
1.0,18,133.254391
1.0,60,133.256147
1.0,33,133.257145
1.0,31,133.258087
1.0,34,133.259121
1.0,45,133.260462
1.0,25,133.261231
1.0,21,133.261894
1.0,43,133.263166
1.0,40,133.264375
1.0,70,133.266421
1.0,22,133.267102
1.0,31,133.268044
1.0,30,133.268966
1.0,20,133.269603
1.0,36,133.270686
1.0,15,133.271171
1.0,54,133.27277
1.0,31,133.273717
1.0,27,133.274553
1.0,37,133.275662
1.0,14,133.27612
1.0,32,133.27709
1.0,56,133.278745
1.0,43,133.280026
1.0,21,133.280752
1.0,58,133.282464
1.0,9,133.282784
1.0,33,133.283786
1.0,55,133.2854
1.0,16,133.285912
1.0,60,133.287667
1.0,47,133.289055
1.0,30,133.28997
1.0,36,133.291055
1.0,39,133.292221
1.0,30,133.293132
1.0,30,133.29404
1.0,16,133.294562
1.0,36,133.29564
1.0,15,133.296123
1.0,37,133.297225
1.0,22,133.297914
1.0,18,133.2985
1.0,11,133.298876
1.0,16,133.2994
1.0,33,133.300399
1.0,68,133.302376
1.0,35,133.303427
1.0,17,133.303967
1.0,18,133.30455
1.0,19,133.305148
1.0,22,133.305838
1.0,26,133.306643
1.0,28,133.307503
1.0,18,133.308073
1.0,9,133.308408
1.0,45,133.309743
1.0,22,133.310434
1.0,23,133.311142
1.0,27,133.311969
1.0,26,133.312772
1.0,18,133.313354
1.0,31,133.314292
1.0,23,133.314997
1.0,17,133.315549
1.0,23,133.316267
1.0,11,133.316643
1.0,21,133.317305
1.0,14,133.317761
1.0,40,133.318954
1.0,46,133.320317
1.0,38,133.32145
1.0,36,133.322531
1.0,16,133.323042
1.0,12,133.323451
1.0,41,133.324669
1.0,22,133.325361
1.0,36,133.326437
1.0,44,133.327743
1.0,57,133.32942
1.0,21,133.330072
1.0,68,133.33205
1.0,63,133.333891
1.0,16,133.334417
1.0,42,133.335664
1.0,66,133.33759
1.0,74,133.339746
1.0,80,133.342062
1.0,71,133.344124
1.0,26,133.344924
1.0,42,133.346166
1.0,15,133.346665
1.0,27,133.347496
1.0,75,133.349677
1.0,30,133.350593
1.0,48,133.352003
1.0,12,133.352419
1.0,48,133.353834
1.0,48,133.355259
1.0,17,133.355803
1.0,18,133.35638
1.0,68,133.358367
1.0,29,133.359242
1.0,37,133.360356
1.0,11,133.36073
1.0,70,133.362753
1.0,20,133.363392
1.0,29,133.364279
1.0,21,133.364932
1.0,73,133.367051
1.0,60,133.368812
1.0,69,133.370816
1.0,32,133.371783
1.0,10,133.372128
1.0,42,133.373386
1.0,21,133.374035
1.0,58,133.375722
1.0,59,133.377449
1.0,15,133.37795
0.0,100,133.380842
1.0,34,133.381927
1.0,58,133.38363
1.0,43,133.384907
0.0,100,133.387792
1.0,47,133.389188
1.0,46,133.390555
1.0,27,133.391389
1.0,43,133.392664
1.0,46,133.394025
1.0,53,133.395585
1.0,34,133.396607
1.0,38,133.397745
1.0,26,133.398549
1.0,39,133.399711
1.0,62,133.401533
1.0,22,133.402219
1.0,30,133.403128
1.0,46,133.404502
1.0,61,133.40629
1.0,7,133.406555
1.0,52,133.408084
1.0,29,133.408977
1.0,23,133.409696
1.0,12,133.410097
1.0,39,133.41126
1.0,18,133.41183
1.0,36,133.412911
1.0,27,133.413745
1.0,24,133.414493
1.0,29,133.415381
1.0,46,133.416741
1.0,38,133.417883
1.0,17,133.418444
1.0,33,133.419443
1.0,18,133.420013
1.0,32,133.42098
1.0,22,133.421674
1.0,57,133.42334
1.0,62,133.42514
1.0,23,133.425859
1.0,7,133.426123
1.0,37,133.427228
1.0,31,133.428167
1.0,41,133.429398
1.0,66,133.43131
1.0,22,133.431991
1.0,18,133.432568
1.0,56,133.434202
1.0,40,133.435399
1.0,29,133.436281
1.0,36,133.437361
1.0,33,133.438362
1.0,19,133.438961
1.0,25,133.439735
1.0,18,133.440313
1.0,55,133.44192
1.0,19,133.442529
1.0,41,133.443749
1.0,30,133.444666
1.0,44,133.445969
1.0,30,133.446881
1.0,31,133.447835
1.0,18,133.448424
1.0,28,133.449282
1.0,20,133.44991
1.0,28,133.450772
1.0,55,133.452399
1.0,23,133.453109
1.0,16,133.453635
1.0,12,133.454036
1.0,25,133.454809
1.0,79,133.457099
1.0,20,133.457738
1.0,17,133.458297
1.0,27,133.459119
1.0,35,133.460166
1.0,75,133.46235
1.0,29,133.463223
1.0,23,133.463939
1.0,91,133.46657
1.0,46,133.467933
1.0,34,133.468963
1.0,49,133.470424
1.0,54,133.471994
1.0,18,133.472576
1.0,22,133.473251
1.0,19,133.473857
1.0,43,133.475129
1.0,40,133.476337
1.0,13,133.476768
1.0,64,133.478643
1.0,96,133.481412
1.0,41,133.482634
1.0,31,133.483575
1.0,34,133.484602
1.0,21,133.485262
1.0,16,133.48584
1.0,58,133.487547
1.0,23,133.48827
1.0,79,133.490567
1.0,27,133.491399
1.0,67,133.49335
1.0,57,133.495016
1.0,46,133.496389
1.0,42,133.497642
1.0,13,133.498073
1.0,28,133.498936
1.0,70,133.500973
1.0,22,133.501662
1.0,31,133.502608
1.0,30,133.503523
1.0,78,133.505781
1.0,8,133.506072
1.0,27,133.506899
1.0,37,133.508003
1.0,22,133.508705
1.0,58,133.510411
1.0,27,133.511893
1.0,32,133.512922
1.0,16,133.513474
1.0,44,133.514798
1.0,18,133.515419
1.0,22,133.516107
1.0,16,133.516637
1.0,49,133.518098
1.0,27,133.518993
1.0,11,133.519392
1.0,39,133.520557
1.0,22,133.521241
1.0,23,133.521962
1.0,17,133.522518
1.0,32,133.523488
1.0,39,133.524664
1.0,24,133.525415
1.0,96,133.528177
1.0,46,133.529603
1.0,41,133.530841
1.0,30,133.531765
1.0,30,133.532686
1.0,37,133.533797
1.0,65,133.535708
1.0,26,133.536541
1.0,27,133.537374
1.0,14,133.537833
1.0,21,133.538509
1.0,28,133.539367
1.0,96,133.542139
1.0,17,133.542743
1.0,31,133.543687
1.0,22,133.544386
1.0,24,133.545122
1.0,20,133.545756
1.0,28,133.546618
1.0,33,133.547618
1.0,41,133.548854
1.0,25,133.549637
1.0,14,133.550097
1.0,24,133.550846
1.0,42,133.552089
1.0,24,133.552846
1.0,23,133.553563
1.0,59,133.555294
1.0,20,133.555939
1.0,17,133.556499
1.0,31,133.557441
1.0,18,133.558013
1.0,55,133.559644
1.0,12,133.560047
1.0,61,133.561838
0.0,100,133.564724
1.0,24,133.565476
1.0,19,133.566073
1.0,89,133.568649
1.0,23,133.56937
1.0,12,133.569773
1.0,48,133.571188
1.0,40,133.572394
1.0,60,133.57414
1.0,43,133.575424
1.0,55,133.577027
1.0,18,133.577605
1.0,29,133.578494
1.0,25,133.579267
1.0,21,133.579919
1.0,23,133.580638
1.0,31,133.581581
1.0,20,133.582206
1.0,29,133.583088
1.0,39,133.584262
1.0,21,133.584917
1.0,22,133.585606
1.0,23,133.586429
1.0,90,133.589045
1.0,26,133.589848
1.0,24,133.590595
1.0,27,133.591425
1.0,20,133.592047
1.0,39,133.593202
1.0,35,133.594262
1.0,47,133.595655
1.0,46,133.597011
1.0,14,133.597483
1.0,21,133.598139
1.0,16,133.598667
1.0,32,133.599639
1.0,49,133.601079
1.0,50,133.602561
1.0,51,133.604062
1.0,40,133.605265
1.0,53,133.606824
0.0,100,133.609707
1.0,95,133.612445
1.0,25,133.613209
1.0,11,133.613589
1.0,35,133.614639
1.0,24,133.61541
1.0,25,133.616177
1.0,27,133.617003
1.0,66,133.618935
1.0,39,133.620104
1.0,18,133.620687
1.0,46,133.622044
1.0,22,133.622733
1.0,41,133.623948
1.0,11,133.624334
1.0,23,133.625043
1.0,19,133.625648
1.0,29,133.626536
1.0,67,133.628483
0.0,100,133.631352
1.0,60,133.633099
1.0,38,133.634231
1.0,58,133.635922
1.0,35,133.636973
1.0,14,133.637441
1.0,51,133.638941
1.0,26,133.639745
1.0,27,133.640576
1.0,47,133.641961
1.0,36,133.643035
1.0,66,133.64496
1.0,19,133.645567
1.0,16,133.64608
1.0,13,133.646517
1.0,26,133.647326
1.0,37,133.648439
1.0,53,133.649997
1.0,90,133.652591
1.0,65,133.654491
1.0,26,133.655295
1.0,41,133.656516
1.0,26,133.65732
1.0,40,133.658516
1.0,18,133.659086
1.0,33,133.660083
1.0,45,133.661427
1.0,23,133.662136
1.0,41,133.663367
1.0,26,133.664156
1.0,55,133.665771
1.0,45,133.667096
1.0,26,133.667893
1.0,73,133.670019
1.0,62,133.671834
1.0,64,133.673709
1.0,31,133.674655
1.0,23,133.67538
1.0,7,133.675644
1.0,19,133.67624
1.0,21,133.676905
1.0,18,133.67749
1.0,34,133.678524
1.0,41,133.679747
1.0,25,133.680526
1.0,21,133.681175
1.0,38,133.682322
1.0,22,133.683003
1.0,15,133.683502
1.0,45,133.684841
1.0,28,133.685702
1.0,34,133.686733
1.0,12,133.687135
1.0,38,133.688287
1.0,23,133.688998
1.0,10,133.689356
1.0,19,133.689952
1.0,55,133.691637
1.0,20,133.692274
1.0,31,133.693208
1.0,13,133.693644
1.0,100,133.696532
1.0,88,133.699072
1.0,28,133.69993
1.0,96,133.702688
1.0,39,133.703848
1.0,63,133.70569
1.0,90,133.708301
1.0,49,133.709749
1.0,40,133.710945
1.0,47,133.712349
1.0,21,133.713001
1.0,22,133.713695
1.0,32,133.714673
1.0,98,133.717493
1.0,90,133.720088
1.0,59,133.721821
1.0,26,133.722626
1.0,25,133.723404
1.0,98,133.726216
1.0,86,133.728712
1.0,65,133.73061
1.0,47,133.731992
1.0,32,133.732961
1.0,46,133.734321
1.0,12,133.734723
1.0,32,133.73569
1.0,52,133.737223
1.0,20,133.737857
1.0,15,133.73836
1.0,34,133.739385
1.0,16,133.739898
1.0,20,133.74053
1.0,20,133.741155
1.0,24,133.741899
1.0,41,133.743111
1.0,52,133.744646
1.0,16,133.745157
1.0,21,133.745818
1.0,16,133.746342
1.0,22,133.747021
1.0,73,133.749137
1.0,31,133.750082
1.0,20,133.750719
1.0,19,133.751329
1.0,30,133.752232
1.0,51,133.753736
1.0,38,133.754877
1.0,81,133.757225
1.0,18,133.757802
1.0,78,133.760072
1.0,13,133.760515
1.0,11,133.76089
1.0,35,133.76194
1.0,35,133.762989
1.0,26,133.763789
1.0,28,133.764643
1.0,81,133.766984
1.0,49,133.768435
1.0,28,133.769295
1.0,34,133.770318
1.0,28,133.771167
1.0,24,133.771913
1.0,49,133.773362
1.0,21,133.774016
1.0,28,133.774868
1.0,54,133.776461
1.0,42,133.777706
1.0,21,133.778374
1.0,24,133.779109
1.0,45,133.780455
1.0,15,133.78094
1.0,12,133.781351
1.0,36,133.782433
1.0,16,133.782946
1.0,29,133.783831
1.0,14,133.7843
1.0,38,133.785437
1.0,75,133.787617
1.0,37,133.788735
0.0,100,133.791628
1.0,31,133.792578
1.0,10,133.792924
1.0,36,133.794
1.0,34,133.795028
1.0,37,133.796137
1.0,12,133.79655
1.0,19,133.797144
1.0,11,133.797529
1.0,27,133.798366
1.0,43,133.79964
1.0,45,133.801036
1.0,48,133.802469
1.0,76,133.804688
1.0,19,133.805299
1.0,35,133.806354
1.0,41,133.807579
1.0,63,133.809427
1.0,29,133.810316
1.0,13,133.810747
1.0,33,133.811745
1.0,42,133.813002
1.0,18,133.813581
1.0,36,133.814664
1.0,19,133.815268
1.0,22,133.81595
1.0,11,133.816334
1.0,67,133.818297
1.0,51,133.819797
1.0,14,133.820264
1.0,30,133.82117
1.0,17,133.821725
1.0,43,133.823003
1.0,46,133.824385
1.0,32,133.825361
1.0,47,133.826746
1.0,16,133.827272
1.0,83,133.829677
1.0,47,133.831067
1.0,36,133.832147
1.0,25,133.832924
1.0,35,133.833979
1.0,30,133.834897
1.0,42,133.836144
1.0,33,133.837141
1.0,33,133.838141
1.0,61,133.839937
1.0,14,133.840409
1.0,56,133.84205
1.0,18,133.842635
1.0,23,133.843361
1.0,41,133.844584
1.0,19,133.845184
1.0,41,133.846415
1.0,24,133.847153
1.0,17,133.84771
1.0,38,133.848853
1.0,28,133.849712
1.0,83,133.85211
1.0,43,133.853403
1.0,32,133.854377
1.0,31,133.855323
1.0,17,133.855865
1.0,38,133.857013
1.0,73,133.859137
1.0,52,133.860678
0.0,100,133.863555
1.0,33,133.864557
1.0,32,133.86553
1.0,39,133.866693
1.0,46,133.868055
1.0,12,133.868475
1.0,26,133.869279
1.0,36,133.870364
1.0,21,133.87102
1.0,30,133.871932
1.0,33,133.872931
1.0,16,133.873459
1.0,23,133.874168
1.0,50,133.875659
1.0,30,133.876576
1.0,19,133.877176
1.0,34,133.878198
1.0,41,133.879432
1.0,60,133.881176
1.0,29,133.882061
1.0,34,133.883088
1.0,29,133.883974
1.0,24,133.884726
1.0,25,133.885506
1.0,60,133.887263
1.0,24,133.888002
1.0,18,133.888587
1.0,23,133.88931
1.0,17,133.889851
1.0,57,133.891524
1.0,16,133.892041
1.0,25,133.89281
1.0,49,133.89425
1.0,43,133.89554
1.0,64,133.897409
1.0,14,133.897869
1.0,41,133.899091
1.0,23,133.899811
1.0,19,133.900483
1.0,27,133.90132
1.0,21,133.901972
1.0,25,133.902753
1.0,67,133.904707
1.0,61,133.906488
1.0,37,133.907598
1.0,12,133.908001
1.0,53,133.909573
1.0,58,133.911271
1.0,29,133.912148
1.0,52,133.91368
1.0,40,133.914871
1.0,35,133.915927
1.0,73,133.918051
1.0,26,133.91886
1.0,15,133.919355
1.0,53,133.920909
1.0,11,133.921295
1.0,13,133.921726
1.0,13,133.922154
1.0,25,133.922921
1.0,65,133.92482
1.0,41,133.926043
1.0,23,133.926763
1.0,84,133.929199
1.0,24,133.929949
1.0,32,133.930919
1.0,47,133.93232
1.0,31,133.933266
1.0,44,133.934567
1.0,24,133.935314
1.0,62,133.937114
1.0,22,133.937807
1.0,37,133.938929
1.0,39,133.940098
1.0,81,133.942465
1.0,7,133.942729
1.0,33,133.943728
1.0,31,133.944676
1.0,18,133.945245
1.0,21,133.945913
1.0,53,133.947484
1.0,44,133.948792
1.0,21,133.949456
1.0,41,133.950671
1.0,52,133.952198
1.0,96,133.954972
1.0,26,133.955778
1.0,35,133.956832
1.0,64,133.958712
1.0,69,133.960714
1.0,34,133.961742
0.0,100,133.964634
1.0,10,133.964982
1.0,42,133.966227
1.0,40,133.967425
1.0,37,133.968539
1.0,50,133.97001
1.0,29,133.970892
1.0,26,133.971697
1.0,26,133.972501
1.0,26,133.973302
1.0,40,133.974496
1.0,37,133.975606
1.0,76,133.977808
1.0,26,133.97862
1.0,38,133.979761
1.0,24,133.980508
1.0,51,133.982001
1.0,29,133.982887
1.0,29,133.98377
1.0,24,133.984519
1.0,25,133.985296
1.0,30,133.986199
1.0,58,133.987896
1.0,35,133.988952
1.0,21,133.989615
1.0,9,133.989934
0.0,100,133.992823
1.0,38,133.993964
1.0,63,133.995811
1.0,10,133.99616
1.0,11,133.996547
1.0,61,133.998347
1.0,94,134.001061
1.0,27,134.001898
1.0,32,134.002868
1.0,49,134.004323
1.0,46,134.005687
1.0,14,134.006147
1.0,82,134.008551
1.0,37,134.009723
1.0,43,134.011006
1.0,15,134.011507
0.0,100,134.014388
1.0,30,134.015308
1.0,12,134.015712
1.0,30,134.016623
1.0,83,134.019027
1.0,52,134.020568
1.0,51,134.022071
1.0,64,134.023948
1.0,14,134.02442
1.0,27,134.025244
1.0,19,134.025851
1.0,40,134.027042
1.0,75,134.029218
1.0,38,134.030364
1.0,26,134.031159
1.0,49,134.032618
1.0,40,134.033813
1.0,10,134.034161
1.0,16,134.034687
1.0,85,134.037152
1.0,26,134.037957
1.0,47,134.039362
1.0,16,134.039876
0.0,100,134.042757
1.0,13,134.043188
1.0,28,134.044047
1.0,41,134.04528
1.0,50,134.046756
1.0,62,134.048576
1.0,48,134.04999
1.0,40,134.051184
1.0,29,134.052069
1.0,36,134.053153
1.0,41,134.054383
1.0,22,134.055067
1.0,16,134.055592
1.0,48,134.057005
1.0,37,134.058113
1.0,61,134.05992
1.0,28,134.06078
1.0,35,134.061838
1.0,40,134.063037
1.0,59,134.064768
1.0,23,134.06549
1.0,36,134.066574
1.0,38,134.067714
1.0,54,134.069316
1.0,27,134.070139
1.0,21,134.070803
1.0,43,134.072081
1.0,53,134.073643
1.0,28,134.074502
1.0,25,134.075275
1.0,45,134.076613
1.0,22,134.07731
1.0,27,134.07813
1.0,15,134.07863
1.0,26,134.079435
1.0,34,134.080463
1.0,73,134.082589
1.0,24,134.083338
1.0,23,134.08405
1.0,24,134.084796
1.0,22,134.085493
1.0,30,134.086411
1.0,51,134.087912
1.0,63,134.089771
1.0,22,134.090466
1.0,22,134.091149
1.0,9,134.09148
1.0,20,134.092103
1.0,36,134.093186
1.0,41,134.094418
1.0,35,134.095476
1.0,31,134.096422
1.0,13,134.096854
1.0,53,134.09843
1.0,44,134.09974
1.0,15,134.100226
1.0,53,134.101799
1.0,36,134.102885
1.0,25,134.103676
1.0,22,134.104368
1.0,16,134.104882
1.0,39,134.106042
1.0,17,134.106599
1.0,17,134.107143
1.0,29,134.10803
1.0,100,134.110933
1.0,9,134.111323
1.0,14,134.111783
1.0,13,134.112211
1.0,12,134.112622
1.0,18,134.113193
1.0,46,134.114563
1.0,24,134.115313
1.0,25,134.11608
1.0,43,134.117369
1.0,13,134.1178
1.0,20,134.118442
1.0,17,134.118983
1.0,31,134.119923
1.0,38,134.121058
1.0,40,134.122259
1.0,49,134.123705
1.0,20,134.124342
1.0,59,134.126059
1.0,13,134.126499
1.0,61,134.128292
1.0,20,134.128921
1.0,46,134.130294
1.0,31,134.131226
1.0,29,134.132104
1.0,12,134.13252
1.0,25,134.133292
1.0,75,134.135469
1.0,75,134.137643
1.0,32,134.138621
1.0,51,134.140117
1.0,36,134.141196
1.0,32,134.142161
1.0,40,134.143368
1.0,32,134.144337
1.0,13,134.144765
1.0,39,134.14593
1.0,42,134.147171
0.0,100,134.150054
1.0,18,134.150632
1.0,33,134.151627
1.0,54,134.153206
1.0,20,134.153836
1.0,25,134.15461
1.0,34,134.155632
1.0,31,134.156571
1.0,30,134.157486
1.0,20,134.15811
1.0,28,134.158972
1.0,10,134.15933
1.0,16,134.159845
1.0,27,134.160673
1.0,16,134.161186
1.0,65,134.163072
1.0,63,134.164908
1.0,33,134.165903
1.0,20,134.166537
1.0,40,134.167732
1.0,11,134.168107
1.0,22,134.168805
1.0,41,134.17002
1.0,10,134.170377
1.0,50,134.171847
1.0,28,134.172703
1.0,41,134.173918
1.0,43,134.175193
1.0,21,134.175859
1.0,28,134.176715
1.0,61,134.178504
1.0,48,134.17992
1.0,35,134.180971
1.0,32,134.181939
1.0,24,134.182687
1.0,82,134.185046
1.0,42,134.186294
1.0,20,134.186915
1.0,94,134.189632
1.0,28,134.19049
1.0,30,134.191401
1.0,20,134.192023
1.0,12,134.192433
1.0,31,134.193379
1.0,34,134.19441
1.0,24,134.195146
1.0,14,134.195612
1.0,35,134.196668
1.0,34,134.197694
1.0,51,134.199203
1.0,41,134.200438
1.0,39,134.201604
1.0,41,134.202829
1.0,13,134.20327
1.0,39,134.204437
1.0,25,134.205203
1.0,71,134.207275
1.0,17,134.207818
1.0,45,134.209152
1.0,43,134.210434
1.0,41,134.211654
1.0,60,134.213475
1.0,15,134.213965
1.0,45,134.215304
1.0,19,134.215903
1.0,71,134.217971
1.0,29,134.218869
1.0,13,134.219313
1.0,7,134.219576
1.0,19,134.220172
1.0,37,134.221295
1.0,23,134.222008
1.0,80,134.224339
1.0,25,134.2251
1.0,24,134.225844
1.0,44,134.227143
1.0,57,134.228833
1.0,34,134.229861
1.0,65,134.231766
1.0,19,134.232375
1.0,23,134.233083
1.0,22,134.233771
1.0,58,134.23548
1.0,24,134.236214
1.0,35,134.237269
1.0,58,134.238972
1.0,25,134.239749
1.0,12,134.240152
1.0,42,134.241409
1.0,38,134.242548
1.0,12,134.242952
1.0,77,134.245178
1.0,28,134.246038
1.0,19,134.246646
1.0,95,134.249404
1.0,75,134.251583
1.0,21,134.252238
1.0,17,134.252789
1.0,26,134.253592
1.0,43,134.254864
1.0,52,134.256404
1.0,42,134.257652
1.0,35,134.258712
1.0,17,134.259265
1.0,24,134.260005
1.0,46,134.261415
1.0,58,134.263113
1.0,27,134.263948
1.0,12,134.264362
1.0,18,134.264935
1.0,46,134.266305
1.0,36,134.267393
1.0,26,134.268187
1.0,12,134.268605
1.0,76,134.270808
1.0,56,134.272455
1.0,85,134.274904
1.0,44,134.276203
1.0,46,134.277572
1.0,44,134.278879
1.0,45,134.280211
1.0,36,134.281299
1.0,24,134.282032
1.0,25,134.282804
1.0,58,134.284512
1.0,15,134.285
1.0,31,134.285941
1.0,50,134.287425
1.0,14,134.287883
1.0,44,134.289191
1.0,51,134.290702
1.0,18,134.29128
1.0,58,134.29297
1.0,26,134.293773
1.0,25,134.294553
1.0,28,134.295412
1.0,23,134.296122
1.0,44,134.297433
1.0,51,134.298942
1.0,9,134.299268
1.0,49,134.300717
1.0,21,134.301383
1.0,28,134.302233
1.0,34,134.303263
1.0,46,134.304624
1.0,85,134.307086
1.0,19,134.307701
1.0,26,134.308514
1.0,75,134.310693
1.0,17,134.311236
1.0,10,134.311591
1.0,60,134.313344
1.0,35,134.314398
1.0,37,134.315571
1.0,27,134.316408
1.0,23,134.317118
1.0,26,134.31792
1.0,39,134.319084
1.0,75,134.321261
1.0,59,134.32299
0.0,100,134.325869
1.0,33,134.326864
1.0,63,134.328708
1.0,30,134.329621
1.0,34,134.330641
1.0,14,134.331098
1.0,27,134.331921
1.0,15,134.332418
1.0,35,134.333472
1.0,10,134.333818
1.0,50,134.335292
1.0,55,134.336913
1.0,27,134.337747
1.0,12,134.338151
1.0,26,134.338957
1.0,70,134.340996
1.0,26,134.3418
1.0,57,134.34348
1.0,23,134.34419
1.0,25,134.344958
1.0,16,134.345482
1.0,35,134.346535
1.0,31,134.347477
1.0,27,134.348312
1.0,35,134.349366
1.0,29,134.350241
1.0,28,134.351096
1.0,21,134.351756
1.0,31,134.352697
1.0,24,134.353445
1.0,29,134.354333
1.0,19,134.354927
1.0,28,134.355779
1.0,25,134.356556
1.0,31,134.3575
1.0,87,134.360004
1.0,64,134.361871
1.0,33,134.362902
1.0,37,134.364007
1.0,19,134.364614
1.0,43,134.365889
1.0,40,134.367075
1.0,52,134.368614
1.0,17,134.369153
1.0,19,134.369756
1.0,35,134.370804
1.0,26,134.371611
1.0,43,134.372887
1.0,70,134.37492
1.0,28,134.375794
1.0,36,134.376873
1.0,16,134.377397
1.0,22,134.378077
1.0,61,134.379862
1.0,80,134.382165
1.0,61,134.383942
1.0,31,134.384883
1.0,27,134.385715
1.0,70,134.387754
1.0,6,134.38799
1.0,15,134.388491
1.0,51,134.389987
1.0,41,134.391204
1.0,20,134.391839
1.0,26,134.392641
1.0,30,134.393558
1.0,26,134.394357
1.0,39,134.395518
1.0,14,134.395974
1.0,79,134.398243
1.0,33,134.399242
1.0,37,134.400363
1.0,41,134.401585
1.0,24,134.402333
1.0,15,134.402818
1.0,17,134.403364
1.0,25,134.404127
1.0,37,134.405226
1.0,26,134.406026
1.0,43,134.407311
1.0,23,134.40802
1.0,35,134.409077
1.0,55,134.410697
1.0,17,134.411237
1.0,15,134.411732
1.0,44,134.413029
1.0,46,134.414397
1.0,11,134.414772
1.0,37,134.415942
1.0,46,134.417317
1.0,19,134.417917
1.0,94,134.420624
1.0,37,134.421728
1.0,56,134.423377
1.0,58,134.425066
1.0,49,134.426516
1.0,30,134.427431
1.0,64,134.4293
1.0,41,134.430521
1.0,38,134.43166
1.0,17,134.432203
1.0,22,134.432893
1.0,34,134.433918
1.0,28,134.434777
1.0,84,134.437195
1.0,52,134.438735
1.0,21,134.439395
1.0,48,134.440803
1.0,22,134.441495
1.0,50,134.442967
1.0,40,134.444159
1.0,26,134.444962
1.0,78,134.44722
1.0,51,134.448735
1.0,23,134.449457
1.0,40,134.450649
1.0,16,134.451162
1.0,37,134.452278
1.0,38,134.453417
1.0,25,134.454182
1.0,86,134.456682
1.0,29,134.457569
1.0,65,134.459469
1.0,37,134.460576
1.0,51,134.46207
1.0,17,134.462626
1.0,34,134.463654
1.0,93,134.466341
1.0,17,134.466883
1.0,54,134.46848
1.0,33,134.469479
1.0,6,134.469713
1.0,28,134.470568
1.0,10,134.470915
1.0,47,134.472304
1.0,29,134.473177
1.0,25,134.473953
1.0,19,134.474562
1.0,29,134.475448
1.0,13,134.475878
1.0,78,134.478116
1.0,21,134.478785
1.0,55,134.480405
1.0,19,134.481004
1.0,15,134.481499
1.0,33,134.482495
1.0,11,134.482867
1.0,42,134.48411
1.0,30,134.485025
1.0,55,134.486647
1.0,19,134.487244
1.0,70,134.4893
1.0,11,134.489677
1.0,39,134.490843
1.0,35,134.491897
1.0,41,134.493114
1.0,32,134.494083
1.0,12,134.494499
1.0,26,134.495305
1.0,54,134.496895
1.0,25,134.497672
1.0,30,134.498587
1.0,33,134.499582
1.0,64,134.501455
1.0,45,134.502786
1.0,16,134.503314
1.0,30,134.504218
1.0,29,134.505099
1.0,23,134.505818
1.0,46,134.507174
1.0,30,134.508089
1.0,44,134.509414
1.0,42,134.510662
1.0,62,134.51248
1.0,12,134.512884
1.0,18,134.513464
1.0,34,134.514488
1.0,11,134.514864
1.0,53,134.516433
1.0,76,134.518634
1.0,21,134.519298
0.0,100,134.522264
1.0,27,134.523087
1.0,18,134.523665
1.0,13,134.524095
1.0,28,134.524948
1.0,37,134.526056
1.0,74,134.528203
1.0,30,134.529117
1.0,70,134.531152
1.0,12,134.531562
1.0,31,134.532498
1.0,31,134.533445
1.0,10,134.533793
1.0,27,134.534621
1.0,23,134.535337
1.0,48,134.536751
0.0,100,134.539634
1.0,14,134.540093
1.0,42,134.54135
1.0,42,134.542597
1.0,41,134.543815
1.0,32,134.544782
1.0,19,134.545392
1.0,31,134.546335
1.0,37,134.547444
1.0,72,134.549541
1.0,42,134.550781
1.0,26,134.551584
1.0,18,134.552152
1.0,29,134.553031
1.0,40,134.554227
1.0,32,134.555194
1.0,42,134.556452
1.0,29,134.557342
1.0,51,134.558842
1.0,23,134.55956
1.0,31,134.560502
1.0,76,134.562706
1.0,31,134.563652
1.0,18,134.564222
1.0,57,134.565888
1.0,15,134.566384
1.0,18,134.566954
1.0,39,134.568115
1.0,36,134.569199
1.0,17,134.569751
1.0,9,134.57007
1.0,31,134.571031
1.0,51,134.572541
1.0,17,134.573083
1.0,23,134.573804
1.0,22,134.574496
1.0,18,134.575064
1.0,49,134.576512
1.0,73,134.578635
1.0,24,134.57938
1.0,33,134.580374
1.0,18,134.580945
1.0,18,134.581527
1.0,56,134.583163
1.0,38,134.584317
1.0,43,134.585593
1.0,38,134.586725
1.0,13,134.587153
1.0,44,134.58847
1.0,18,134.589038
1.0,38,134.590168
1.0,80,134.592489
1.0,23,134.593195
1.0,85,134.595658
1.0,34,134.596686
1.0,28,134.597547
1.0,34,134.59858
1.0,12,134.598984
1.0,50,134.600463
1.0,39,134.601632
1.0,48,134.603047
1.0,57,134.604718
1.0,26,134.605521
1.0,63,134.607358
1.0,15,134.607844
1.0,27,134.608683
1.0,28,134.60954
1.0,38,134.610678
1.0,14,134.611135
1.0,39,134.612313
1.0,31,134.613242
1.0,41,134.614473
1.0,33,134.615467
1.0,39,134.616626
1.0,44,134.61793
1.0,14,134.618403
1.0,14,134.618864
1.0,38,134.619994
1.0,38,134.62121
1.0,23,134.621932
1.0,26,134.622735
1.0,41,134.623952
1.0,65,134.625846
1.0,56,134.627496
1.0,60,134.62924
1.0,68,134.631217
1.0,41,134.632445
1.0,38,134.633582
1.0,17,134.634124
1.0,83,134.636528
1.0,24,134.637272
1.0,41,134.638499
1.0,20,134.639124
1.0,42,134.640374
1.0,60,134.642127
1.0,21,134.642786
1.0,21,134.643446
1.0,48,134.644855
1.0,36,134.645936
1.0,21,134.646596
1.0,30,134.647517
1.0,41,134.648742
1.0,11,134.649117
1.0,44,134.650426
1.0,29,134.65131
1.0,49,134.65275
1.0,14,134.653208
1.0,20,134.653841
1.0,48,134.655266
1.0,72,134.657357
1.0,19,134.657953
1.0,13,134.658398
1.0,29,134.659287
1.0,27,134.660107
1.0,22,134.6608
1.0,36,134.661883
1.0,13,134.662325
1.0,19,134.662921
1.0,74,134.665067
1.0,30,134.665978
1.0,24,134.666728
1.0,58,134.66844
1.0,35,134.669497
1.0,38,134.670633
1.0,9,134.670954
1.0,20,134.671591
1.0,91,134.674217
1.0,25,134.674996
1.0,19,134.675604
1.0,43,134.676879
1.0,53,134.678455
1.0,41,134.679682
1.0,23,134.680404
1.0,28,134.681262
1.0,75,134.683442
1.0,35,134.684494
1.0,53,134.686036
1.0,24,134.686786
1.0,38,134.687924
1.0,59,134.689667
1.0,29,134.690552
0.0,100,134.693417
1.0,13,134.693847
1.0,20,134.69448
1.0,17,134.695018
1.0,39,134.696176
1.0,21,134.696837
1.0,30,134.697747
1.0,28,134.698612
1.0,97,134.701413
1.0,51,134.70291
1.0,23,134.703627
1.0,93,134.706318
1.0,16,134.706833
1.0,32,134.707799
1.0,73,134.709922
1.0,53,134.711493
1.0,20,134.712119
0.0,100,134.71501
1.0,34,134.716038
1.0,25,134.716814
1.0,27,134.717646
1.0,39,134.718816
1.0,60,134.720577
1.0,26,134.721377
1.0,27,134.722196
1.0,30,134.723107
1.0,8,134.723409
1.0,30,134.72432
1.0,44,134.725625
1.0,34,134.726729
1.0,22,134.727427
1.0,69,134.729445
1.0,16,134.729958
1.0,11,134.730342
1.0,91,134.732962
1.0,9,134.733292
1.0,32,134.734245
1.0,35,134.735303
1.0,11,134.735677
1.0,21,134.736339
1.0,32,134.737308
1.0,26,134.738101
1.0,17,134.738658
1.0,71,134.740721
1.0,51,134.742217
1.0,24,134.74296
1.0,76,134.745144
1.0,9,134.745477
1.0,20,134.7461
1.0,35,134.747154
1.0,60,134.748946
1.0,37,134.750057
1.0,38,134.751195
1.0,33,134.752193
1.0,46,134.753564
1.0,31,134.754509
1.0,34,134.755536
1.0,18,134.756105
1.0,38,134.757246
1.0,40,134.758456
1.0,69,134.76047
1.0,33,134.761467
1.0,41,134.762693
1.0,12,134.763093
1.0,30,134.764009
1.0,17,134.764562
1.0,35,134.765619
1.0,42,134.766868
1.0,10,134.767213
1.0,25,134.767985
1.0,18,134.768572
1.0,11,134.768946
1.0,43,134.770219
1.0,39,134.771386
1.0,62,134.773186
1.0,14,134.773654
1.0,25,134.774429
1.0,35,134.775483
1.0,30,134.776397
1.0,24,134.777134
1.0,40,134.778341
1.0,80,134.780656
1.0,46,134.782021
1.0,22,134.782716
1.0,73,134.78484
1.0,27,134.785668
1.0,28,134.786523
1.0,48,134.787939
1.0,16,134.788468
1.0,16,134.78898
1.0,38,134.790109
1.0,23,134.790826
1.0,22,134.791519
1.0,34,134.792538
1.0,26,134.793342
1.0,54,134.794914
1.0,17,134.795465
1.0,28,134.796323
1.0,39,134.797487
1.0,18,134.798056
1.0,20,134.798695
1.0,72,134.800787
1.0,18,134.801368
1.0,32,134.802337
1.0,23,134.803048
1.0,19,134.803657
1.0,72,134.805739
1.0,18,134.806337
1.0,92,134.808988
1.0,38,134.810123
1.0,86,134.812603
1.0,43,134.813874
1.0,26,134.814675
1.0,66,134.816593
1.0,19,134.81719
1.0,12,134.817601
1.0,23,134.818327
1.0,39,134.819498
1.0,36,134.820584
1.0,62,134.8224
1.0,15,134.822887
1.0,27,134.823718
1.0,23,134.824435
1.0,17,134.824975
1.0,26,134.825771
1.0,54,134.82743
1.0,93,134.830123
1.0,26,134.830926
1.0,14,134.831394
1.0,49,134.832838
1.0,37,134.833948
1.0,88,134.836495
1.0,18,134.837068
1.0,31,134.838008
1.0,23,134.838735
1.0,23,134.839456
1.0,53,134.841008
1.0,47,134.842406
1.0,29,134.84329
1.0,10,134.843637
1.0,9,134.843954
1.0,11,134.844339
1.0,25,134.845104
1.0,70,134.847142
1.0,51,134.848667
1.0,27,134.849499
1.0,45,134.850831
1.0,48,134.852248
1.0,33,134.853243
1.0,57,134.854917
1.0,13,134.855361
1.0,16,134.855876
1.0,29,134.856757
1.0,73,134.858875
1.0,52,134.860422
1.0,38,134.86156
1.0,42,134.862806
1.0,29,134.863693
1.0,47,134.865078
1.0,53,134.866639
1.0,28,134.8675
1.0,50,134.868977
1.0,24,134.869725
1.0,42,134.870967
1.0,46,134.872334
1.0,57,134.874003
1.0,31,134.874944
1.0,11,134.875331
1.0,20,134.875958
1.0,41,134.877171
1.0,41,134.878403
1.0,21,134.879055
1.0,33,134.880048
1.0,53,134.881613
1.0,64,134.883486
1.0,17,134.884027
1.0,59,134.885752
1.0,47,134.887138
1.0,7,134.887413
1.0,21,134.888068
1.0,38,134.889207
1.0,49,134.890654
1.0,48,134.892064
1.0,25,134.89284
1.0,66,134.894778
1.0,29,134.895663
1.0,34,134.896693
1.0,50,134.89816
1.0,26,134.898968
1.0,58,134.900673
1.0,13,134.901103
1.0,33,134.902093
1.0,34,134.903115
1.0,85,134.905586
1.0,36,134.906669
1.0,52,134.908187
1.0,24,134.908942
1.0,11,134.909326
1.0,28,134.91017
1.0,62,134.911977
1.0,39,134.913133
1.0,7,134.913406
1.0,11,134.913778
1.0,38,134.91491
1.0,21,134.915575
1.0,13,134.916002
1.0,22,134.916687
1.0,21,134.917351
1.0,13,134.91778
1.0,49,134.919226
1.0,15,134.91972
1.0,85,134.922174
0.0,100,134.925047
1.0,25,134.925822
1.0,47,134.927211
1.0,22,134.927902
1.0,38,134.92904
1.0,11,134.929426
1.0,28,134.930352
1.0,26,134.931146
1.0,22,134.931838
1.0,42,134.933089
1.0,70,134.935138
1.0,19,134.93575
1.0,19,134.936358
1.0,11,134.936733
1.0,18,134.937309
1.0,75,134.939497
1.0,42,134.940746
1.0,14,134.941205
1.0,21,134.941866
1.0,11,134.94224
1.0,34,134.943266
1.0,37,134.944374
1.0,59,134.946093
1.0,9,134.946423
1.0,19,134.947021
1.0,31,134.947963
1.0,26,134.948769
1.0,22,134.949462
1.0,71,134.951524
1.0,10,134.951872
1.0,22,134.95256
1.0,11,134.952933
1.0,27,134.953764
1.0,96,134.956539
1.0,18,134.95711
1.0,14,134.957577
1.0,61,134.959374
1.0,81,134.961706
1.0,60,134.963463
1.0,27,134.964294
1.0,23,134.965004
1.0,36,134.966084
1.0,53,134.967649
1.0,15,134.968132
1.0,45,134.969476
1.0,34,134.970501
1.0,18,134.97107
1.0,20,134.971702
1.0,16,134.972213
1.0,31,134.973148
1.0,44,134.974466
1.0,34,134.975494
1.0,18,134.976063
1.0,42,134.977315
1.0,80,134.97963
1.0,12,134.980032
1.0,45,134.981368
1.0,74,134.983513
1.0,39,134.98468
1.0,15,134.985165
1.0,97,134.987961
1.0,33,134.988963
1.0,37,134.990071
1.0,44,134.991382
1.0,68,134.99336
1.0,22,134.994037
1.0,31,134.994975
1.0,17,134.99553
1.0,17,134.996072
1.0,31,134.997014
1.0,79,134.999301
1.0,31,135.000226
1.0,26,135.001023
1.0,42,135.002279
1.0,61,135.004049
1.0,48,135.005476
1.0,26,135.006275
1.0,28,135.007121
1.0,20,135.007758
1.0,37,135.008874
1.0,40,135.010068
1.0,35,135.011118
1.0,31,135.012058
1.0,27,135.012888
0.0,100,135.01577
1.0,40,135.016963
1.0,28,135.017822
1.0,30,135.01874
1.0,29,135.019628
1.0,25,135.020404
1.0,20,135.021029
1.0,22,135.021717
1.0,47,135.023106
1.0,18,135.023688
1.0,28,135.024548
1.0,57,135.02621
0.0,100,135.029098
1.0,37,135.030208
1.0,65,135.032195
1.0,19,135.032809
1.0,29,135.033695
1.0,36,135.034778
1.0,40,135.035972
1.0,27,135.036805
1.0,28,135.037671
1.0,20,135.038313
1.0,61,135.040096
1.0,16,135.040623
1.0,34,135.041656
1.0,36,135.042743
1.0,48,135.044167
1.0,28,135.045029
1.0,28,135.045903
1.0,41,135.04713
1.0,20,135.047776
1.0,32,135.048756
1.0,53,135.050322
1.0,15,135.050809
1.0,27,135.05164
1.0,10,135.051989
1.0,16,135.052514
1.0,43,135.053795
1.0,16,135.054318
1.0,24,135.055053
1.0,50,135.056528
1.0,33,135.057529
1.0,31,135.058479
1.0,27,135.059313
1.0,21,135.05997
1.0,54,135.061559
1.0,40,135.062747
1.0,12,135.063149
1.0,67,135.065103
1.0,24,135.065855
1.0,73,135.067984
1.0,44,135.069304
1.0,13,135.069734
1.0,35,135.070784
1.0,11,135.07116
1.0,20,135.071795
1.0,7,135.072059
1.0,51,135.073571
1.0,36,135.074659
1.0,28,135.075522
1.0,45,135.076861
1.0,73,135.078981
1.0,39,135.080151
1.0,26,135.080953
1.0,32,135.081918
1.0,10,135.082275
1.0,54,135.083862
1.0,41,135.085081
1.0,43,135.086365
1.0,48,135.087779
1.0,47,135.089175
1.0,44,135.09049
1.0,52,135.092017
1.0,33,135.093016
1.0,80,135.095348
1.0,20,135.095973
1.0,30,135.096889
1.0,37,135.098001
1.0,69,135.10001
1.0,92,135.102656
1.0,22,135.10335
1.0,10,135.103698
1.0,17,135.104238
1.0,70,135.106281
1.0,18,135.106854
1.0,21,135.107518
1.0,9,135.107838
1.0,50,135.109329
1.0,30,135.110239
0.0,100,135.113134
1.0,32,135.114111
1.0,51,135.115625
1.0,55,135.117236
1.0,26,135.118039
1.0,49,135.119495
1.0,60,135.12125
1.0,55,135.122871
1.0,31,135.123813
1.0,19,135.124422
1.0,67,135.12637
1.0,30,135.127288
1.0,45,135.12862
1.0,20,135.12925
1.0,17,135.129801
1.0,12,135.130203
1.0,11,135.130588
1.0,21,135.131314
1.0,56,135.132952
1.0,18,135.133533
1.0,52,135.135056
1.0,66,135.136972
1.0,57,135.13865
1.0,9,135.13897
1.0,26,135.139772
1.0,30,135.140688
1.0,60,135.142446
1.0,23,135.143155
1.0,25,135.143924
1.0,34,135.14495
1.0,30,135.145867
1.0,16,135.146392
1.0,81,135.14874
1.0,7,135.149003
1.0,75,135.151162
1.0,67,135.153115
1.0,23,135.153831
1.0,28,135.154691
1.0,29,135.155577
1.0,28,135.156434
1.0,86,135.158921
1.0,53,135.16049
1.0,17,135.16103
1.0,36,135.162107
1.0,30,135.163018
1.0,13,135.16346
1.0,40,135.164651
1.0,58,135.166348
1.0,41,135.167563
1.0,63,135.16941
1.0,44,135.170708
1.0,24,135.171453
1.0,10,135.171797
1.0,67,135.173743
1.0,29,135.174632
1.0,52,135.176156
1.0,91,135.17879
1.0,79,135.181071
1.0,14,135.18154
1.0,22,135.18222
1.0,33,135.183213
1.0,29,135.184096
1.0,91,135.186716
1.0,62,135.188538
1.0,22,135.18922
1.0,37,135.190338
1.0,18,135.190909
1.0,56,135.192562
1.0,36,135.193643
1.0,27,135.194474
1.0,30,135.19539
1.0,16,135.195904
1.0,40,135.197092
1.0,45,135.198434
1.0,42,135.199684
1.0,26,135.200488
1.0,45,135.201823
1.0,45,135.203157
1.0,23,135.203878
1.0,11,135.204259
1.0,25,135.205026
1.0,47,135.206424
1.0,99,135.209279
1.0,78,135.211539
1.0,16,135.212052
1.0,20,135.212688
1.0,45,135.214018
1.0,24,135.214765
1.0,28,135.215624
0.0,100,135.218513
1.0,58,135.220214
1.0,14,135.220683
1.0,33,135.22168
1.0,33,135.222677
1.0,27,135.223506
1.0,50,135.22498
1.0,39,135.226141
1.0,51,135.227656
1.0,17,135.228197
1.0,52,135.229736
1.0,55,135.231351
1.0,15,135.231839
1.0,30,135.232752
1.0,25,135.233528
1.0,60,135.235284
1.0,48,135.236694
1.0,74,135.238857
1.0,18,135.23944
1.0,6,135.239676
1.0,66,135.241671
1.0,42,135.242922
1.0,15,135.24342
1.0,39,135.244584
1.0,97,135.247388
1.0,86,135.249883
1.0,87,135.252408
1.0,61,135.254185
1.0,41,135.255414
1.0,48,135.256829
1.0,31,135.257769
1.0,10,135.258115
1.0,23,135.258837
1.0,15,135.259336
1.0,22,135.260016
1.0,68,135.261998
1.0,28,135.262859
1.0,20,135.263495
1.0,15,135.263983
1.0,97,135.266781
1.0,29,135.267672
1.0,31,135.268618
1.0,10,135.268966
1.0,30,135.269878
0.0,100,135.272764
1.0,44,135.274073
1.0,49,135.275525
1.0,22,135.276203
1.0,28,135.277057
1.0,29,135.277943
1.0,12,135.278363
1.0,43,135.279639
1.0,48,135.281058
1.0,31,135.282
1.0,44,135.283314
1.0,25,135.284081
1.0,22,135.284772
1.0,16,135.285298
1.0,24,135.286036
1.0,14,135.286504
1.0,23,135.287212
1.0,14,135.287676
1.0,16,135.288188
1.0,47,135.289593
1.0,51,135.291084
0.0,100,135.293963
1.0,100,135.296845
1.0,13,135.297301
1.0,27,135.298124
1.0,48,135.299551
1.0,60,135.301308
1.0,18,135.301882
1.0,37,135.302991
1.0,42,135.304238
1.0,24,135.30498
1.0,19,135.305588
1.0,11,135.305964
1.0,21,135.306629
1.0,55,135.308242
1.0,51,135.309754
1.0,53,135.311314
1.0,6,135.311548
1.0,14,135.312002
1.0,74,135.314144
1.0,49,135.315588
1.0,10,135.315933
1.0,19,135.316538
1.0,64,135.318404
1.0,18,135.318974
1.0,66,135.320889
1.0,45,135.322223
1.0,39,135.323391
1.0,55,135.325002
1.0,52,135.326537
1.0,23,135.327249
1.0,15,135.327744
1.0,20,135.328385
1.0,11,135.328761
1.0,24,135.329508
1.0,15,135.329995
1.0,40,135.331185
1.0,24,135.332114
1.0,17,135.332671
1.0,13,135.333103
1.0,84,135.335541
1.0,54,135.337122
1.0,13,135.337566
1.0,14,135.338024
1.0,17,135.338583
1.0,30,135.339502
1.0,12,135.339908
1.0,29,135.34087
1.0,22,135.341566
1.0,33,135.342565
1.0,35,135.343617
1.0,45,135.344936
1.0,39,135.346102
1.0,18,135.346681
1.0,28,135.347542
1.0,15,135.348028
1.0,32,135.348999
1.0,14,135.349467
1.0,14,135.349925
1.0,14,135.350391
1.0,60,135.352142
1.0,19,135.352749
1.0,24,135.353494
1.0,13,135.353922
1.0,41,135.355141
1.0,23,135.355861
1.0,56,135.357508
1.0,95,135.360237
1.0,26,135.361036
1.0,20,135.361673
1.0,34,135.362695
1.0,46,135.36405
1.0,64,135.365913
1.0,44,135.367212
1.0,40,135.368413
1.0,61,135.370184
1.0,42,135.371443
1.0,26,135.372234
1.0,26,135.373035
1.0,18,135.373616
1.0,31,135.374563
1.0,47,135.375952
1.0,41,135.377172
1.0,15,135.37767
1.0,45,135.379008
1.0,39,135.380172
1.0,63,135.382024
1.0,29,135.382911
1.0,12,135.383324
1.0,44,135.384629
1.0,72,135.386715
1.0,47,135.388098
1.0,45,135.389451
1.0,29,135.390333
1.0,25,135.391095
1.0,17,135.391644
1.0,49,135.393088
1.0,44,135.394399
1.0,29,135.395282
1.0,48,135.396698
1.0,56,135.398347
1.0,33,135.399347
1.0,20,135.399973
1.0,13,135.400413
1.0,26,135.401206
1.0,57,135.402882
1.0,24,135.403629
1.0,15,135.404113
1.0,26,135.404915
1.0,27,135.405746
1.0,30,135.406665
1.0,43,135.407945
1.0,22,135.408642
1.0,27,135.409477
1.0,80,135.411798
1.0,39,135.412972
1.0,53,135.414534
1.0,65,135.416433
1.0,11,135.416807
1.0,37,135.417913
1.0,47,135.419318
1.0,13,135.419749
1.0,47,135.421132
1.0,28,135.421992
1.0,67,135.423944
1.0,7,135.424207
1.0,79,135.426504
1.0,45,135.427836
1.0,17,135.428394
1.0,17,135.428934
1.0,14,135.429403
1.0,33,135.430404
1.0,30,135.431318
1.0,19,135.431915
1.0,12,135.432327
1.0,25,135.433088
1.0,34,135.434114
1.0,32,135.435085
1.0,31,135.436027
1.0,46,135.437402
1.0,28,135.438265
1.0,53,135.439819
1.0,27,135.44065
1.0,40,135.441905
1.0,11,135.442294
1.0,36,135.443377
1.0,41,135.444599
1.0,14,135.445058
1.0,63,135.446906
1.0,46,135.448292
1.0,40,135.449489
1.0,36,135.450572
1.0,15,135.451059
1.0,8,135.451361
1.0,47,135.452745
1.0,23,135.453465
1.0,62,135.455283
1.0,15,135.45577
1.0,27,135.4566
1.0,11,135.456975
1.0,22,135.457669
1.0,23,135.458395
1.0,22,135.459073
1.0,21,135.45973
1.0,13,135.46016
1.0,80,135.462479
1.0,35,135.463531
1.0,9,135.46385
1.0,45,135.465174
1.0,31,135.466114
1.0,42,135.46738
1.0,12,135.46778
1.0,28,135.468643
1.0,36,135.469723
1.0,29,135.470609
1.0,36,135.471692
1.0,20,135.47233
1.0,8,135.47262
1.0,41,135.473836
1.0,66,135.475755
1.0,42,135.477005
1.0,23,135.477724
1.0,16,135.478238
1.0,66,135.480165
1.0,22,135.480858
1.0,36,135.48194
1.0,56,135.483593
1.0,15,135.484081
1.0,15,135.484578
1.0,50,135.486047
1.0,26,135.486851
1.0,41,135.488068
1.0,13,135.488515
1.0,10,135.488862
1.0,26,135.489663
1.0,47,135.491054
1.0,10,135.491411
1.0,22,135.492093
1.0,23,135.492811
1.0,94,135.495534
1.0,45,135.496868
1.0,38,135.498006
1.0,38,135.499152
1.0,10,135.499511
1.0,18,135.50008
1.0,51,135.501592
1.0,13,135.502022
1.0,43,135.503299
1.0,33,135.5043
1.0,21,135.504955
1.0,16,135.505477
1.0,7,135.50574
1.0,32,135.506709
1.0,30,135.507625
1.0,16,135.508138
1.0,24,135.508896
1.0,32,135.509867
1.0,32,135.510833
1.0,52,135.512369
1.0,23,135.513082
1.0,39,135.514263
1.0,39,135.515435
1.0,39,135.516599
1.0,30,135.517514
1.0,17,135.518058
1.0,58,135.519765
1.0,18,135.520348
1.0,40,135.521543
1.0,35,135.5226
1.0,34,135.523623
1.0,20,135.524248
1.0,18,135.524824
1.0,39,135.525988
1.0,14,135.526459
1.0,44,135.527762
1.0,11,135.528138
1.0,37,135.529259
1.0,30,135.530169
1.0,59,135.531904
1.0,45,135.533239
1.0,36,135.534328
1.0,27,135.535147
1.0,36,135.536225
1.0,22,135.536913
1.0,26,135.537718
1.0,44,135.539033
1.0,17,135.53959
1.0,23,135.540312
1.0,47,135.541702
1.0,67,135.543718
1.0,19,135.544327
1.0,25,135.545089
1.0,74,135.54723
1.0,26,135.548029
1.0,26,135.548839
1.0,51,135.55035
1.0,21,135.551004
1.0,14,135.551471
1.0,60,135.553215
1.0,61,135.555007
1.0,41,135.556225
1.0,19,135.55683
1.0,43,135.558103
1.0,39,135.559282
1.0,42,135.560529
1.0,8,135.56082
1.0,71,135.562879
1.0,32,135.563854
1.0,24,135.564599
1.0,29,135.565484
1.0,37,135.566593
1.0,15,135.567078
1.0,64,135.568952
1.0,25,135.569724
1.0,61,135.571506
1.0,17,135.572046
1.0,14,135.572515
1.0,32,135.573489
1.0,48,135.574897
0.0,100,135.577781
1.0,21,135.578451
1.0,7,135.578715
1.0,31,135.579655
1.0,48,135.581071
1.0,27,135.581898
1.0,73,135.584018
1.0,48,135.585445
1.0,9,135.585765
1.0,13,135.586195
1.0,36,135.58728
1.0,52,135.588809
1.0,18,135.589392
1.0,63,135.591222
1.0,38,135.592366
1.0,10,135.592712
1.0,45,135.594037
1.0,22,135.594725
1.0,55,135.596339
1.0,38,135.597481
1.0,28,135.598343
1.0,63,135.600171
1.0,20,135.600808
1.0,36,135.60189
1.0,45,135.603224
1.0,26,135.604028
1.0,41,135.605246
1.0,19,135.605851
1.0,14,135.60632
1.0,59,135.60804
1.0,41,135.609271
1.0,13,135.609701
1.0,23,135.610419
1.0,30,135.611332
1.0,17,135.611874
1.0,69,135.613879
1.0,35,135.614929
1.0,46,135.616299
1.0,22,135.616975
1.0,20,135.617608
1.0,57,135.619279
1.0,39,135.620442
1.0,14,135.6209
1.0,40,135.622087
1.0,27,135.622916
1.0,41,135.624138
1.0,50,135.625616
1.0,90,135.628199
1.0,24,135.628948
1.0,24,135.629692
1.0,62,135.631502
1.0,33,135.632494
1.0,42,135.633739
1.0,10,135.634083
1.0,13,135.634521
1.0,26,135.635321
1.0,20,135.635946
1.0,11,135.636331
1.0,51,135.637829
1.0,50,135.639315
1.0,25,135.640082
1.0,63,135.641932
1.0,29,135.64282
1.0,15,135.643318
1.0,26,135.644108
1.0,49,135.645559
1.0,36,135.646703
1.0,35,135.647767
1.0,70,135.649818
1.0,44,135.651124
1.0,43,135.652413
1.0,46,135.653774
1.0,50,135.655248
1.0,43,135.656534
1.0,54,135.658108
1.0,39,135.659292
1.0,61,135.661067
1.0,26,135.661871
1.0,29,135.662754
1.0,20,135.663391
1.0,53,135.664946
1.0,43,135.666224
1.0,36,135.667315
1.0,73,135.669444
1.0,14,135.669903
1.0,26,135.670708
1.0,17,135.671258
1.0,56,135.672895
1.0,19,135.673506
1.0,32,135.674477
1.0,29,135.675365
1.0,35,135.676422
1.0,34,135.677449
1.0,13,135.677879
1.0,37,135.678989
1.0,14,135.679459
1.0,22,135.68014
1.0,29,135.681024
1.0,21,135.681688
1.0,45,135.683019
1.0,46,135.684387
1.0,34,135.685412
1.0,61,135.687179
1.0,24,135.687929
1.0,87,135.690449
1.0,45,135.691779
1.0,52,135.693317
1.0,84,135.695739
1.0,44,135.697041
1.0,49,135.6985
1.0,28,135.69936
1.0,25,135.700125
1.0,9,135.700454
1.0,48,135.701865
1.0,38,135.703006
1.0,18,135.703587
1.0,37,135.704693
1.0,12,135.705095
1.0,27,135.705922
1.0,73,135.708032
1.0,38,135.709179
1.0,58,135.710879
1.0,57,135.71256
1.0,42,135.713809
1.0,35,135.714864
1.0,32,135.715837
1.0,19,135.716445
1.0,26,135.717239
1.0,51,135.718752
1.0,48,135.720169
1.0,22,135.720864
1.0,21,135.721528
1.0,28,135.722384
1.0,17,135.722929
1.0,26,135.723735
1.0,9,135.724053
1.0,52,135.725585
1.0,30,135.726502
1.0,42,135.727751
1.0,45,135.729094
1.0,33,135.7301
1.0,36,135.731181
1.0,36,135.732269
1.0,16,135.732784
1.0,26,135.733586
1.0,21,135.734241
1.0,25,135.735017
1.0,32,135.735985
1.0,30,135.736894
1.0,49,135.738356
1.0,40,135.739548
1.0,85,135.742006
1.0,69,135.744013
1.0,37,135.74512
1.0,18,135.7457
1.0,55,135.747313
1.0,12,135.747716
1.0,33,135.748716
1.0,47,135.75012
1.0,84,135.75256
1.0,19,135.753159
1.0,33,135.754219
1.0,19,135.754829
1.0,47,135.756224
1.0,33,135.757216
1.0,28,135.758071
1.0,27,135.758904
1.0,37,135.760017
1.0,25,135.76079
1.0,44,135.762091
1.0,23,135.76281
1.0,29,135.763698
1.0,28,135.764557
1.0,72,135.766651
1.0,82,135.769026
1.0,17,135.769579
1.0,26,135.770387
1.0,17,135.77093
1.0,24,135.771673
1.0,61,135.773449
1.0,52,135.774972
1.0,19,135.775578
1.0,14,135.776036
1.0,12,135.776449
1.0,18,135.777018
1.0,97,135.77982
1.0,21,135.780486
1.0,49,135.781924
1.0,35,135.782976
1.0,50,135.784451
1.0,25,135.785212
1.0,23,135.785929
1.0,20,135.786563
1.0,21,135.787215
1.0,12,135.787623
1.0,22,135.788321
1.0,23,135.789028
1.0,14,135.789497
1.0,67,135.791449
1.0,37,135.792557
1.0,49,135.79399
1.0,19,135.794602
1.0,65,135.796502
1.0,14,135.796959
1.0,89,135.799534
1.0,61,135.801312
1.0,11,135.801687
1.0,30,135.802602
1.0,18,135.803168
1.0,9,135.803496
1.0,20,135.804119
1.0,41,135.805348
1.0,55,135.806947
1.0,31,135.807892
1.0,10,135.808238
1.0,35,135.809304
1.0,19,135.809899
1.0,22,135.810586
1.0,33,135.811578
1.0,21,135.812229
1.0,24,135.81297
1.0,33,135.813964
1.0,41,135.815178
1.0,23,135.815895
1.0,58,135.81759
1.0,97,135.820395
1.0,41,135.821614
1.0,73,135.82373
1.0,62,135.825541
1.0,38,135.826672
1.0,22,135.82736
1.0,30,135.82828
1.0,50,135.829749
1.0,27,135.830576
1.0,16,135.831088
1.0,26,135.831887
1.0,16,135.832412
1.0,29,135.833296
1.0,14,135.833754
1.0,47,135.835139
1.0,21,135.8358
1.0,68,135.837776
1.0,24,135.838538
1.0,31,135.839476
1.0,26,135.840275
1.0,45,135.841604
1.0,17,135.842146
1.0,46,135.843512
1.0,9,135.843831
1.0,36,135.844913
1.0,47,135.846308
1.0,39,135.847472
1.0,31,135.848418
1.0,50,135.849887
1.0,22,135.850579
1.0,22,135.851268
1.0,47,135.852654
1.0,35,135.8537
1.0,21,135.854427
1.0,17,135.85497
1.0,29,135.855859
1.0,31,135.8568
1.0,19,135.857408
1.0,47,135.858805
1.0,65,135.860707
1.0,29,135.861591
1.0,72,135.863684
1.0,14,135.864142
1.0,18,135.864722
1.0,26,135.865523
1.0,24,135.866267
1.0,25,135.867038
1.0,18,135.867617
1.0,20,135.868243
1.0,6,135.86849
1.0,17,135.86903
1.0,37,135.870141
1.0,30,135.871058
1.0,57,135.872731
1.0,58,135.874436
1.0,23,135.87514
1.0,24,135.875889
1.0,67,135.877839
1.0,23,135.878567
1.0,57,135.88023
1.0,22,135.880918
1.0,50,135.882393
1.0,40,135.883583
1.0,29,135.884466
0.0,100,135.887343
1.0,60,135.889082
1.0,25,135.889857
1.0,11,135.890231
1.0,35,135.891295
1.0,24,135.892027
1.0,43,135.893305
1.0,86,135.895777
1.0,20,135.896418
1.0,11,135.896793
1.0,28,135.897651
1.0,34,135.898684
1.0,35,135.899737
1.0,49,135.901176
1.0,98,135.904012
1.0,47,135.905413
1.0,16,135.905927
1.0,23,135.906645
1.0,12,135.907046
1.0,43,135.908336
1.0,25,135.909101
1.0,12,135.909513
1.0,9,135.909832
0.0,100,135.912707
1.0,43,135.913981
1.0,54,135.915571
1.0,68,135.917554
1.0,47,135.91895
1.0,31,135.919893
1.0,54,135.92148
1.0,39,135.922644
1.0,38,135.923775
1.0,22,135.924467
1.0,20,135.92509
1.0,19,135.925698
1.0,23,135.926418
1.0,35,135.92747
1.0,33,135.928473
1.0,48,135.929891
1.0,21,135.930559
1.0,46,135.931917
1.0,17,135.93247
1.0,38,135.933609
1.0,81,135.935946
1.0,15,135.936445
1.0,7,135.936708
1.0,36,135.937785
1.0,30,135.938704
1.0,37,135.939812
1.0,75,135.941989
1.0,41,135.943207
1.0,38,135.944346
1.0,64,135.946197
1.0,34,135.947221
1.0,38,135.948374
1.0,32,135.949343
1.0,20,135.949968
1.0,19,135.950574
1.0,23,135.951293
1.0,14,135.95175
1.0,52,135.953286
1.0,26,135.954076
1.0,24,135.954823
1.0,22,135.955591
1.0,35,135.956648
1.0,53,135.958198
1.0,13,135.958642
1.0,24,135.959388
1.0,52,135.960907
1.0,33,135.961903
1.0,74,135.964033
1.0,91,135.966658
1.0,22,135.967348
1.0,84,135.969767
1.0,46,135.971117
1.0,78,135.973381
1.0,23,135.974089
1.0,23,135.974801
1.0,45,135.976132
1.0,8,135.976434
1.0,54,135.978016
1.0,22,135.978711
1.0,12,135.979115
1.0,22,135.979808
1.0,83,135.982215
1.0,21,135.982878
1.0,41,135.984099
1.0,75,135.986307
1.0,12,135.986712
1.0,29,135.987596
1.0,43,135.988877
1.0,59,135.990607
1.0,75,135.99278
1.0,21,135.993446
1.0,51,135.994946
1.0,30,135.99586
1.0,25,135.996637
1.0,16,135.99715
1.0,25,135.997923
1.0,49,135.999388
1.0,28,136.000237
1.0,28,136.001088
1.0,55,136.002707
1.0,12,136.003112
1.0,36,136.004194
1.0,26,136.004996
1.0,40,136.006194
1.0,40,136.007402
1.0,38,136.008547
1.0,63,136.010386
1.0,17,136.010927
1.0,20,136.011562
1.0,26,136.012362
1.0,35,136.013409
1.0,31,136.014349
1.0,57,136.016014
1.0,40,136.017201
1.0,36,136.018295
1.0,43,136.019564
1.0,59,136.021288
1.0,79,136.023566
1.0,9,136.023885
1.0,16,136.024407
1.0,63,136.026231
1.0,41,136.02746
1.0,64,136.029332
1.0,53,136.030888
1.0,20,136.031523
1.0,25,136.032297
1.0,19,136.032896
1.0,47,136.034289
1.0,37,136.035399
1.0,64,136.037258
1.0,39,136.038432
1.0,13,136.038862
1.0,28,136.039719
1.0,24,136.040468
1.0,32,136.041443
1.0,42,136.042696
1.0,27,136.043526
1.0,24,136.044275
1.0,54,136.045863
1.0,19,136.046475
1.0,24,136.047212
1.0,25,136.047989
1.0,31,136.048938
1.0,38,136.050072
1.0,21,136.050736
1.0,37,136.051843
1.0,36,136.052921
1.0,98,136.055749
1.0,29,136.056633
1.0,23,136.057352
1.0,27,136.058171
1.0,24,136.058922
1.0,19,136.05953
1.0,10,136.059876
1.0,21,136.060602
1.0,14,136.06106
1.0,11,136.061445
1.0,16,136.061959
1.0,32,136.062921
1.0,21,136.063585
1.0,27,136.064419
1.0,30,136.065337
1.0,50,136.06681
1.0,38,136.067947
1.0,18,136.068533
1.0,20,136.06916
1.0,39,136.070331
1.0,46,136.071693
1.0,39,136.072857
1.0,28,136.073717
1.0,54,136.075307
1.0,14,136.075763
1.0,31,136.076703
0.0,100,136.079594
1.0,67,136.081551
1.0,21,136.082206
1.0,19,136.082812
1.0,12,136.083214
1.0,10,136.083567
1.0,39,136.084735
1.0,66,136.086669
1.0,33,136.087673
1.0,53,136.089235
1.0,19,136.089845
1.0,49,136.091291
1.0,21,136.091945
1.0,30,136.092863
1.0,82,136.095239
1.0,38,136.096388
1.0,42,136.097639
1.0,17,136.098181
1.0,57,136.099862
1.0,50,136.101341
1.0,23,136.102051
1.0,74,136.104197
1.0,12,136.104612
1.0,76,136.106818
1.0,10,136.107167
1.0,94,136.109895
1.0,69,136.111914
1.0,38,136.113049
1.0,66,136.114971
1.0,22,136.115664
1.0,10,136.116011
1.0,20,136.116643
1.0,35,136.117694
1.0,69,136.119711
1.0,24,136.12046
1.0,43,136.121739
1.0,52,136.123277
1.0,13,136.123709
1.0,14,136.124166
1.0,19,136.124774
1.0,41,136.126001
1.0,42,136.127249
1.0,17,136.1278
1.0,11,136.128175
1.0,11,136.128564
1.0,25,136.129339
1.0,16,136.129854
1.0,46,136.13121
1.0,54,136.132802
1.0,54,136.134394
1.0,41,136.135616
1.0,60,136.137374
1.0,23,136.13808
1.0,49,136.139537
1.0,21,136.14019
1.0,48,136.141612
1.0,12,136.142015
1.0,83,136.144417
1.0,21,136.145069
1.0,33,136.146059
1.0,18,136.146643
1.0,27,136.147476
1.0,27,136.148313
0.0,100,136.151184
1.0,81,136.153529
1.0,41,136.154748
1.0,43,136.156021
1.0,54,136.157611
1.0,35,136.158668
1.0,36,136.15975
1.0,37,136.160857
1.0,21,136.161523
1.0,44,136.162823
1.0,44,136.164132
1.0,48,136.165645
1.0,46,136.167007
1.0,44,136.168335
1.0,46,136.169702
1.0,10,136.17005
1.0,41,136.171286
1.0,21,136.17194
1.0,18,136.172518
1.0,37,136.173633
1.0,57,136.17531
1.0,32,136.17627
1.0,36,136.17735
1.0,52,136.178881
1.0,35,136.179934
1.0,26,136.180745
1.0,14,136.181203
1.0,68,136.183196
1.0,20,136.183834
1.0,32,136.18481
1.0,10,136.185158
1.0,24,136.185904
1.0,41,136.187124
1.0,23,136.187839
1.0,28,136.188709
1.0,27,136.189547
1.0,98,136.192378
1.0,14,136.192835
1.0,18,136.193414
1.0,17,136.193954
1.0,28,136.194809
1.0,60,136.196567
1.0,21,136.197221
1.0,13,136.197658
1.0,37,136.198779
1.0,16,136.199305
1.0,24,136.200041
1.0,42,136.2013
1.0,29,136.202176
1.0,27,136.203005
1.0,54,136.204596
1.0,41,136.205816
1.0,45,136.207145
1.0,56,136.208801
1.0,30,136.209719
1.0,14,136.210178
1.0,35,136.211228
1.0,7,136.211498
0.0,100,136.214374
1.0,51,136.215871
1.0,7,136.216135
1.0,37,136.217247
1.0,33,136.218242
1.0,45,136.219584
1.0,27,136.220436
1.0,24,136.221175
1.0,31,136.22212
1.0,19,136.222729
1.0,37,136.223843
1.0,39,136.225006
1.0,22,136.225697
1.0,28,136.226558
1.0,19,136.227154
1.0,12,136.227565
1.0,19,136.22816
1.0,30,136.229078
1.0,26,136.229882
1.0,29,136.230773
1.0,36,136.231857
1.0,32,136.232829
1.0,31,136.233774
1.0,45,136.235108
1.0,19,136.235718
1.0,41,136.236941
1.0,31,136.237886
1.0,34,136.238917
1.0,19,136.239529
1.0,34,136.240553
1.0,31,136.241493
1.0,65,136.243395
1.0,44,136.244699
1.0,50,136.246176
1.0,36,136.247266
1.0,24,136.248005
1.0,38,136.249146
1.0,58,136.250848
1.0,10,136.251195
1.0,45,136.252542
1.0,20,136.253166
1.0,17,136.253719
1.0,13,136.254147
1.0,75,136.256327
1.0,30,136.257234
1.0,48,136.258667
1.0,35,136.259722
1.0,31,136.260667
1.0,31,136.261611
1.0,20,136.262237
1.0,37,136.263356
1.0,34,136.264383
1.0,38,136.26558
1.0,23,136.266302
1.0,28,136.267148
1.0,42,136.268407
1.0,69,136.270416
1.0,35,136.271473
1.0,12,136.271875
1.0,22,136.272566
1.0,19,136.273164
1.0,62,136.274977
1.0,25,136.275756
1.0,8,136.276046
1.0,17,136.276595
1.0,54,136.27817
1.0,19,136.278781
1.0,13,136.279208
1.0,30,136.280117
1.0,63,136.281953
1.0,49,136.283405
1.0,26,136.284198
1.0,33,136.285192
1.0,28,136.28605
1.0,24,136.286797
1.0,76,136.289011
1.0,26,136.289813
1.0,65,136.291705
1.0,21,136.29237
1.0,21,136.293021
0.0,100,136.295902
1.0,35,136.296955
1.0,33,136.297952
1.0,19,136.298566
1.0,32,136.299536
1.0,54,136.301115
1.0,12,136.301527
1.0,43,136.302803
1.0,47,136.30419
1.0,34,136.305218
1.0,12,136.305629
1.0,49,136.307069
1.0,34,136.308086
1.0,35,136.309144
1.0,33,136.310143
1.0,22,136.310833
1.0,17,136.311389
1.0,55,136.312998
1.0,15,136.313493
1.0,34,136.314521
1.0,21,136.315174
1.0,32,136.316143
1.0,46,136.317513
1.0,15,136.318
1.0,16,136.31853
1.0,20,136.319156
1.0,21,136.319818
1.0,10,136.320165
1.0,20,136.320803
1.0,49,136.322248
1.0,42,136.323503
1.0,49,136.324945
1.0,23,136.325665
1.0,60,136.327425
1.0,27,136.32825
1.0,34,136.329293
1.0,18,136.329864
1.0,25,136.330639
1.0,25,136.331415
1.0,24,136.332151
1.0,52,136.333688
1.0,30,136.334606
1.0,24,136.335358
1.0,24,136.336097
0.0,100,136.33898
1.0,58,136.340681
1.0,16,136.341195
1.0,35,136.342262
1.0,43,136.343539
1.0,51,136.345037
1.0,42,136.346292
1.0,31,136.347221
1.0,27,136.348048
1.0,30,136.348969
1.0,20,136.349607
1.0,26,136.350413
1.0,13,136.350845
1.0,39,136.352005
1.0,18,136.352584
1.0,24,136.353335
1.0,20,136.353959
1.0,18,136.354539
1.0,28,136.355396
1.0,21,136.356049
1.0,62,136.357861
1.0,60,136.359618
1.0,40,136.360806
1.0,47,136.362191
1.0,42,136.363451
1.0,13,136.363883
1.0,21,136.364545
1.0,47,136.366002
1.0,47,136.367406
1.0,77,136.369645
1.0,32,136.370615
1.0,32,136.371589
1.0,17,136.372132
1.0,29,136.373023
1.0,34,136.374054
1.0,20,136.374692
1.0,36,136.375774
1.0,57,136.377451
1.0,20,136.378074
1.0,15,136.378576
1.0,6,136.37881
1.0,30,136.379723
0.0,100,136.382609
1.0,19,136.383206
1.0,46,136.384571
1.0,15,136.385055
1.0,18,136.385635
1.0,21,136.386298
1.0,36,136.387377
1.0,23,136.388085
1.0,34,136.389112
1.0,29,136.390001
1.0,67,136.391954
1.0,14,136.392424
1.0,45,136.393748
1.0,42,136.394992
1.0,12,136.395408
1.0,44,136.396711
1.0,36,136.397792
1.0,19,136.398403
1.0,58,136.400097
1.0,24,136.400842
1.0,45,136.402169
1.0,30,136.403084
1.0,57,136.404755
1.0,31,136.405695
1.0,32,136.406661
1.0,33,136.407659
1.0,42,136.408911
1.0,35,136.409965
1.0,45,136.411303
1.0,61,136.413081
1.0,15,136.413579
1.0,33,136.414576
1.0,94,136.417284
1.0,24,136.418021
1.0,44,136.419344
1.0,53,136.420901
1.0,11,136.421284
1.0,45,136.422611
1.0,27,136.423441
1.0,12,136.423843
1.0,96,136.426607
1.0,15,136.427092
1.0,59,136.428813
1.0,25,136.429587
1.0,18,136.430157
1.0,32,136.431126
1.0,12,136.43154
1.0,21,136.432193
1.0,21,136.432851
1.0,11,136.433226
1.0,33,136.43422
1.0,13,136.434658
1.0,46,136.436019
1.0,32,136.436985
0.0,100,136.439865
1.0,23,136.440587
1.0,29,136.441473
1.0,30,136.442401
1.0,20,136.443029
1.0,18,136.44361
1.0,36,136.444698
1.0,17,136.445241
1.0,30,136.446153
1.0,32,136.44712
1.0,44,136.448444
0.0,100,136.451343
1.0,22,136.452026
1.0,44,136.453341
1.0,39,136.454507
1.0,33,136.455507
1.0,9,136.455827
1.0,95,136.458586
1.0,51,136.460084
1.0,44,136.461395
1.0,66,136.463321
1.0,40,136.464516
1.0,29,136.465402
1.0,45,136.466734
1.0,44,136.468037
1.0,31,136.468985
1.0,37,136.470094
1.0,67,136.472117
1.0,44,136.473425
1.0,41,136.474643
1.0,14,136.475101
1.0,37,136.476203
1.0,15,136.476701
1.0,57,136.478388
1.0,48,136.479807
1.0,12,136.480208
1.0,17,136.480758
1.0,56,136.482401
1.0,33,136.483398
1.0,84,136.485818
1.0,25,136.486597
1.0,47,136.487984
1.0,53,136.489549
1.0,26,136.490355
1.0,39,136.49152
1.0,24,136.492266
1.0,13,136.492698
1.0,56,136.494354
1.0,28,136.495205
1.0,56,136.496849
1.0,14,136.497318
1.0,41,136.498545
1.0,44,136.499843
1.0,25,136.500618
1.0,43,136.501891
1.0,23,136.502612
1.0,26,136.503414
1.0,73,136.505535
1.0,14,136.505991
1.0,11,136.506375
1.0,47,136.507753
1.0,25,136.508535
1.0,13,136.508966
1.0,23,136.509688
1.0,37,136.510795
1.0,16,136.511318
1.0,23,136.512024
1.0,19,136.512634
1.0,21,136.513301
1.0,23,136.514011
1.0,52,136.515534
1.0,24,136.516281
1.0,44,136.517581
1.0,43,136.518866
1.0,59,136.520591
1.0,58,136.52229
1.0,17,136.522834
1.0,42,136.52408
1.0,37,136.525186
1.0,17,136.52574
1.0,8,136.526031
1.0,26,136.526839
1.0,20,136.527476
1.0,47,136.528871
1.0,33,136.529863
1.0,13,136.530303
1.0,23,136.531012
1.0,36,136.53209
1.0,23,136.532813
1.0,46,136.534175
1.0,48,136.535604
1.0,43,136.536883
1.0,7,136.537147
1.0,58,136.538855
1.0,28,136.539717
1.0,17,136.540268
1.0,14,136.540727
1.0,28,136.541582
1.0,61,136.54338
1.0,24,136.544121
1.0,30,136.545038
1.0,16,136.545564
1.0,18,136.546137
1.0,41,136.547367
1.0,49,136.548812
1.0,24,136.549561
1.0,35,136.550616
1.0,73,136.552736
1.0,58,136.554442
1.0,47,136.555827
1.0,72,136.557916
1.0,11,136.558307
1.0,51,136.559808
1.0,36,136.560892
1.0,19,136.561503
1.0,16,136.562016
1.0,41,136.56323
1.0,42,136.564484
1.0,48,136.565894
1.0,31,136.566837
1.0,28,136.567697
1.0,35,136.568761
1.0,23,136.569483
1.0,24,136.57022
1.0,8,136.570576
1.0,32,136.571549
1.0,30,136.572468
1.0,49,136.573908
1.0,65,136.575809
1.0,83,136.578205
1.0,12,136.578622
1.0,30,136.579535
1.0,31,136.580474
1.0,21,136.581125
1.0,58,136.582832
1.0,28,136.583694
1.0,45,136.585027
1.0,19,136.585637
1.0,26,136.586438
1.0,27,136.587266
1.0,95,136.59
1.0,38,136.591138
1.0,48,136.592566
1.0,33,136.593562
1.0,14,136.594019
1.0,28,136.594876
1.0,35,136.595926
1.0,33,136.596921
1.0,26,136.597724
1.0,50,136.599197
1.0,65,136.601098
1.0,29,136.601985
1.0,64,136.603847
1.0,7,136.60411
1.0,34,136.605136
1.0,67,136.607089
1.0,55,136.608718
1.0,48,136.610132
1.0,25,136.610908
1.0,39,136.612073
1.0,60,136.613829
1.0,11,136.614203
1.0,23,136.61492
0.0,100,136.617791
1.0,19,136.618403
1.0,21,136.619054
1.0,78,136.621319
1.0,21,136.62197
1.0,42,136.623209
1.0,26,136.624008
1.0,31,136.624947
1.0,37,136.626057
1.0,76,136.628273
1.0,72,136.630371
1.0,18,136.630943
1.0,42,136.632188
1.0,27,136.633021
1.0,26,136.633827
1.0,29,136.634712
0.0,100,136.637591
1.0,50,136.639064
1.0,25,136.639842
1.0,42,136.641084
1.0,28,136.641939
1.0,47,136.643339
1.0,38,136.644473
1.0,22,136.645154
1.0,23,136.645866
1.0,38,136.647
1.0,35,136.648062
1.0,25,136.648844
1.0,11,136.649218
1.0,23,136.649928
1.0,27,136.650756
1.0,71,136.652811
1.0,20,136.653449
0.0,100,136.656317
1.0,100,136.659179
1.0,17,136.659729
1.0,37,136.660833
1.0,20,136.661469
1.0,15,136.661955
1.0,21,136.66262
1.0,40,136.663809
1.0,15,136.664306
1.0,84,136.666729
1.0,44,136.66803
1.0,15,136.668533
1.0,25,136.66931
1.0,32,136.670277
1.0,74,136.672423
1.0,30,136.673335
1.0,26,136.674122
1.0,26,136.674921
1.0,31,136.67586
1.0,34,136.676886
1.0,56,136.678535
1.0,29,136.679422
1.0,52,136.680949
1.0,41,136.682234
1.0,68,136.684245
1.0,20,136.684881
1.0,21,136.685546
1.0,31,136.686488
1.0,39,136.687654
1.0,37,136.688767
1.0,36,136.689851
1.0,13,136.690292
1.0,57,136.691962
1.0,33,136.692962
1.0,60,136.694718
1.0,38,136.695858
1.0,97,136.698666
1.0,29,136.699555
1.0,80,136.701872
1.0,20,136.702511
1.0,24,136.703248
1.0,65,136.70515
1.0,35,136.706204
1.0,29,136.707093
1.0,76,136.709315
1.0,54,136.71089
1.0,26,136.711694
1.0,25,136.712471
1.0,46,136.713835
1.0,46,136.715194
1.0,28,136.716052
1.0,23,136.716774
1.0,80,136.719103
1.0,40,136.720308
1.0,26,136.721102
1.0,22,136.721793
1.0,32,136.722766
1.0,44,136.724069
1.0,24,136.724814
1.0,48,136.726225
1.0,31,136.727168
1.0,40,136.72838
1.0,83,136.730773
1.0,89,136.733348
1.0,12,136.733753
1.0,62,136.735562
1.0,40,136.736749
1.0,23,136.737468
1.0,19,136.738064
1.0,50,136.739537
1.0,11,136.739912
1.0,79,136.742196
1.0,39,136.743433
1.0,19,136.744032
1.0,25,136.744806
1.0,11,136.745182
1.0,56,136.746842
1.0,19,136.747453
1.0,26,136.748242
1.0,33,136.749242
1.0,18,136.749819
1.0,32,136.750788
1.0,29,136.751671
1.0,59,136.7534
1.0,40,136.754593
1.0,87,136.757102
1.0,35,136.758156
1.0,13,136.758604
1.0,20,136.759227
1.0,88,136.761767
1.0,64,136.763633
1.0,48,136.765043
1.0,32,136.766012
1.0,41,136.76722
1.0,18,136.767799
1.0,53,136.769368
1.0,63,136.771197
1.0,13,136.771637
1.0,49,136.77308
1.0,61,136.774873
1.0,20,136.77551
1.0,39,136.776675
1.0,29,136.77756
1.0,62,136.779381
1.0,35,136.78043
1.0,62,136.782228
1.0,11,136.782611
1.0,49,136.78405
1.0,21,136.784716
1.0,38,136.785854
1.0,30,136.786769
1.0,34,136.787793
1.0,77,136.790026
1.0,30,136.790944
1.0,38,136.792081
1.0,78,136.794362
1.0,15,136.794911
1.0,34,136.795937
1.0,59,136.797659
1.0,34,136.79869
1.0,12,136.799091
1.0,31,136.800032
1.0,58,136.80173
1.0,44,136.803031
1.0,15,136.803529
1.0,23,136.804237
1.0,33,136.805232
1.0,14,136.805698
1.0,15,136.80618
0.0,100,136.809066
1.0,24,136.809812
1.0,16,136.810335
1.0,26,136.811127
1.0,13,136.811564
1.0,37,136.812669
1.0,38,136.8138
1.0,23,136.814516
1.0,48,136.815923
1.0,97,136.81871
1.0,12,136.819113
1.0,15,136.819607
1.0,28,136.820465
1.0,26,136.821263
1.0,16,136.821778
1.0,40,136.822969
1.0,13,136.82341
1.0,30,136.824319
1.0,6,136.824552
1.0,18,136.825121
1.0,61,136.826903
1.0,22,136.827599
1.0,71,136.829661
1.0,17,136.830203
1.0,27,136.831031
1.0,48,136.832451
1.0,41,136.833669
1.0,41,136.834889
1.0,14,136.835358
1.0,59,136.837077
1.0,9,136.837408
1.0,28,136.838266
1.0,26,136.839059
1.0,37,136.840167
1.0,59,136.841897
1.0,43,136.843173
1.0,34,136.844205
1.0,30,136.845121
1.0,34,136.846148
1.0,26,136.846954
1.0,63,136.848813
1.0,62,136.850635
1.0,45,136.851972
1.0,54,136.853559
1.0,65,136.855457
1.0,30,136.856371
1.0,62,136.858181
1.0,39,136.859361
1.0,47,136.860753
1.0,20,136.861386
1.0,17,136.861929
1.0,24,136.862678
1.0,26,136.863482
1.0,60,136.865236
1.0,21,136.865898
1.0,18,136.866477
1.0,33,136.867474
1.0,6,136.867708
1.0,90,136.870323
1.0,22,136.871006
1.0,45,136.872341
1.0,40,136.873531
1.0,28,136.87439
1.0,15,136.874877
1.0,24,136.875628
1.0,29,136.876518
1.0,34,136.877544
1.0,20,136.87817
1.0,19,136.878783
1.0,62,136.88059
1.0,13,136.881021
1.0,64,136.882889
1.0,12,136.883303
1.0,25,136.884069
1.0,20,136.884706
1.0,29,136.88559
1.0,27,136.886418
1.0,18,136.886986
1.0,62,136.888803
1.0,30,136.88972
1.0,25,136.8905
1.0,42,136.891753
1.0,44,136.893056
1.0,21,136.893723
1.0,38,136.894862
1.0,39,136.896088
1.0,45,136.897438
1.0,72,136.899553
1.0,58,136.901264
1.0,14,136.901725
1.0,33,136.902722
1.0,89,136.905289
1.0,54,136.906866
1.0,12,136.907276
0.0,100,136.910159
1.0,12,136.910574
1.0,25,136.911349
1.0,26,136.912137
1.0,10,136.912494
1.0,34,136.913521
1.0,26,136.914327
1.0,36,136.91541
1.0,48,136.916827
1.0,46,136.918187
1.0,21,136.918861
1.0,48,136.920285
1.0,17,136.920825
1.0,20,136.92146
1.0,53,136.923011
1.0,25,136.923787
1.0,25,136.924565
1.0,49,136.926006
0.0,100,136.92893
1.0,37,136.930042
1.0,24,136.930788
1.0,25,136.931563
1.0,55,136.933171
1.0,30,136.934085
1.0,36,136.935165
1.0,45,136.936508
1.0,16,136.937022
1.0,17,136.937571
1.0,20,136.938195
1.0,11,136.938585
1.0,57,136.940262
1.0,21,136.940919
1.0,20,136.941552
1.0,91,136.944173
1.0,39,136.945353
1.0,49,136.9468
1.0,20,136.947438
1.0,57,136.949101
1.0,15,136.949597
1.0,32,136.950568
1.0,32,136.95154
1.0,69,136.953534
1.0,35,136.954587
1.0,35,136.95564
1.0,21,136.956303
1.0,66,136.958214
1.0,20,136.958851
1.0,12,136.959263
1.0,77,136.961502
1.0,20,136.962128
1.0,22,136.962821
1.0,95,136.965548
1.0,33,136.966544
1.0,27,136.967371
1.0,60,136.969121
1.0,46,136.970487
1.0,39,136.97165
1.0,52,136.973169
0.0,100,136.976051
1.0,15,136.976548
1.0,34,136.977573
1.0,55,136.979184
1.0,67,136.981134
1.0,26,136.981935
1.0,34,136.982962
1.0,22,136.983657
1.0,88,136.986184
1.0,13,136.986625
1.0,28,136.987483
1.0,44,136.988793
1.0,16,136.989321
1.0,48,136.990733
1.0,19,136.991343
1.0,11,136.991718
1.0,23,136.992435
1.0,17,136.992978
1.0,63,136.994823
1.0,35,136.995874
1.0,30,136.996787
1.0,34,136.997809
1.0,75,136.99999
1.0,49,137.001442
1.0,66,137.003368
1.0,35,137.0045
1.0,22,137.005185
1.0,73,137.007316
1.0,18,137.007888
1.0,93,137.01059
1.0,41,137.011813
1.0,18,137.012394
1.0,36,137.013476
1.0,15,137.013962
1.0,31,137.014902
1.0,51,137.016398
1.0,50,137.017867
1.0,51,137.019381
1.0,9,137.0197
1.0,96,137.022478
1.0,64,137.024345
1.0,30,137.02525
1.0,37,137.026368
0.0,100,137.029261
1.0,38,137.030399
1.0,55,137.032008
1.0,17,137.03256
1.0,21,137.033214
1.0,38,137.034365
1.0,39,137.035531
1.0,12,137.035933
1.0,24,137.036679
1.0,40,137.037873
1.0,19,137.038488
1.0,32,137.039461
1.0,47,137.040851
1.0,22,137.041544
1.0,75,137.043726
1.0,52,137.045265
1.0,20,137.045892
1.0,17,137.046447
1.0,51,137.047955
1.0,44,137.049277
1.0,13,137.049709
1.0,18,137.050288
1.0,17,137.050833
1.0,22,137.051523
1.0,26,137.052328
1.0,26,137.053118
1.0,12,137.053531
1.0,43,137.05481
1.0,54,137.056403
1.0,35,137.05746
1.0,29,137.058353
1.0,18,137.058923
1.0,28,137.05978
1.0,48,137.061198
1.0,52,137.062736
1.0,33,137.063732
1.0,42,137.064984
1.0,29,137.065869
1.0,26,137.066671
1.0,21,137.067339
1.0,31,137.068284
1.0,29,137.069163
1.0,37,137.070275
1.0,96,137.073039
1.0,24,137.073788
1.0,26,137.07459
1.0,17,137.075131
1.0,37,137.076234
1.0,51,137.07774
1.0,86,137.080233
1.0,35,137.081297
1.0,24,137.082035
1.0,22,137.082728
1.0,17,137.083279
1.0,27,137.084101
1.0,42,137.085357
1.0,95,137.088082
1.0,24,137.088836
0.0,100,137.091723
1.0,51,137.093221
1.0,12,137.093633
1.0,15,137.094119
1.0,16,137.094645
1.0,55,137.096265
1.0,12,137.096667
1.0,91,137.09931
1.0,17,137.099853
1.0,38,137.10099
1.0,61,137.102772
1.0,13,137.103202
1.0,19,137.103808
1.0,16,137.104335
1.0,28,137.10525
1.0,40,137.106462
1.0,19,137.107061
1.0,67,137.109035
1.0,26,137.109843
1.0,65,137.111746
1.0,41,137.112968
1.0,71,137.11503
1.0,36,137.116107
1.0,62,137.11792
1.0,15,137.118422
1.0,45,137.119761
1.0,50,137.121227
1.0,26,137.122028
1.0,61,137.12382
1.0,17,137.124374
1.0,53,137.125928
1.0,20,137.126563
1.0,35,137.127614
1.0,61,137.129408
1.0,59,137.131131
1.0,32,137.132103
1.0,38,137.133244
1.0,18,137.133824
1.0,17,137.134377
1.0,29,137.135264
1.0,58,137.13696
1.0,55,137.138591
1.0,35,137.139645
1.0,34,137.140672
1.0,43,137.141943
1.0,23,137.14266
1.0,31,137.143604
1.0,33,137.144601
1.0,29,137.145491
1.0,59,137.147216
1.0,43,137.148503
1.0,40,137.149691
1.0,33,137.150686
1.0,13,137.151116
1.0,40,137.152316
1.0,45,137.153643
1.0,93,137.156324
1.0,36,137.157406
1.0,20,137.158031
1.0,68,137.160018
1.0,13,137.160461
1.0,57,137.162137
1.0,46,137.163508
1.0,31,137.164462
1.0,28,137.165325
1.0,16,137.16584
1.0,24,137.166586
1.0,15,137.167073
1.0,27,137.167897
1.0,29,137.16879
1.0,38,137.16993
1.0,14,137.1704
1.0,30,137.17132
1.0,25,137.172084
1.0,17,137.172632
1.0,48,137.174045
1.0,50,137.175538
1.0,74,137.177684
1.0,33,137.178688
1.0,7,137.178951
1.0,27,137.179778
1.0,57,137.181454
1.0,78,137.183704
1.0,21,137.184368
1.0,25,137.185135
1.0,31,137.186075
1.0,59,137.187798
1.0,40,137.189001
1.0,28,137.18986
1.0,21,137.190525
1.0,16,137.191041
1.0,30,137.191951
1.0,43,137.193225
1.0,78,137.195493
1.0,48,137.196909
1.0,22,137.197603
1.0,83,137.200009
1.0,53,137.201568
1.0,58,137.203272
1.0,49,137.204714
1.0,99,137.207566
1.0,31,137.208518
1.0,58,137.210214
1.0,20,137.210845
1.0,16,137.211431
1.0,68,137.213419
1.0,12,137.213824
1.0,21,137.214487
1.0,97,137.21729
1.0,25,137.218055
1.0,46,137.219428
1.0,17,137.219968
1.0,45,137.221309
1.0,14,137.221768
1.0,18,137.222345
1.0,22,137.223027
1.0,24,137.223774
1.0,73,137.225891
1.0,27,137.226718
1.0,70,137.228762
1.0,25,137.229536
1.0,18,137.230104
1.0,30,137.231019
1.0,25,137.231794
1.0,40,137.232979
1.0,30,137.233889
1.0,28,137.234745
1.0,13,137.235173
1.0,34,137.236199
1.0,44,137.237517
1.0,13,137.237951
1.0,52,137.239491
1.0,17,137.240032
1.0,23,137.240749
1.0,11,137.241123
1.0,29,137.242008
1.0,21,137.242671
1.0,56,137.244325
1.0,74,137.246469
1.0,8,137.24676
1.0,11,137.247133
1.0,22,137.247831
1.0,68,137.249805
1.0,30,137.250723
1.0,37,137.251837
1.0,31,137.252775
1.0,29,137.253662
1.0,64,137.255534
1.0,40,137.256728
1.0,15,137.257213
1.0,21,137.257872
1.0,49,137.25933
1.0,96,137.262079
1.0,59,137.263811
1.0,63,137.265649
1.0,83,137.268044
0.0,100,137.270946
1.0,39,137.27211
1.0,46,137.273475
1.0,37,137.274586
1.0,41,137.275807
1.0,46,137.277164
1.0,18,137.277749
1.0,68,137.27973
1.0,24,137.280478
1.0,28,137.281336
1.0,33,137.282333
1.0,26,137.283123
1.0,42,137.284382
1.0,18,137.284952
1.0,38,137.286086
1.0,37,137.287195
1.0,66,137.289116
1.0,31,137.290061
1.0,41,137.291292
1.0,13,137.291721
1.0,19,137.29233
1.0,89,137.294897
1.0,40,137.296093
1.0,30,137.297008
1.0,69,137.299028
1.0,47,137.300425
1.0,27,137.301249
1.0,14,137.301717
1.0,36,137.302796
1.0,16,137.303321
1.0,69,137.305327
1.0,15,137.305813
1.0,31,137.306749
1.0,24,137.307496
1.0,21,137.308149
1.0,37,137.309272
1.0,34,137.310303
1.0,24,137.311046
1.0,17,137.311659
1.0,43,137.312942
1.0,14,137.313415
1.0,39,137.314586
1.0,72,137.316673
1.0,69,137.318677
1.0,21,137.319342
1.0,70,137.321368
1.0,32,137.322336
1.0,62,137.324138
1.0,65,137.326025
1.0,27,137.326853
1.0,66,137.32878
1.0,30,137.329696
1.0,26,137.330501
1.0,28,137.331364
1.0,18,137.331935
1.0,20,137.332568
1.0,24,137.333314
1.0,64,137.335175
1.0,27,137.336003
1.0,21,137.336665
1.0,20,137.337299
1.0,46,137.338665
1.0,40,137.339851
1.0,56,137.341495
1.0,12,137.341897
1.0,50,137.343371
1.0,18,137.343942
1.0,14,137.344408
1.0,17,137.344949
1.0,44,137.346259
1.0,7,137.346527
1.0,31,137.347468
1.0,37,137.348585
1.0,36,137.349669
1.0,24,137.350418
1.0,8,137.350708
1.0,17,137.351247
1.0,43,137.352532
1.0,53,137.354084
1.0,23,137.354802
1.0,46,137.356164
1.0,44,137.357479
1.0,38,137.358622
1.0,26,137.359426
1.0,9,137.359743
1.0,11,137.360116
1.0,28,137.360976
1.0,28,137.361835
1.0,16,137.362364
1.0,16,137.362878
1.0,19,137.363485
1.0,26,137.364284
1.0,21,137.364934
1.0,26,137.365736
1.0,41,137.366952
1.0,18,137.367535
1.0,21,137.368186
1.0,24,137.368933
1.0,25,137.369709
1.0,33,137.370705
1.0,61,137.372475
1.0,17,137.373016
1.0,23,137.373728
1.0,12,137.374129
1.0,72,137.376219
1.0,54,137.37781
1.0,21,137.378481
1.0,15,137.378969
1.0,28,137.379823
1.0,61,137.381615
1.0,33,137.382611
1.0,13,137.383039
1.0,44,137.384356
1.0,63,137.386186
1.0,22,137.386878
1.0,46,137.388239
1.0,43,137.389525
1.0,66,137.391448
1.0,38,137.392583
1.0,31,137.393522
1.0,14,137.39398
1.0,41,137.395193
1.0,25,137.395969
1.0,15,137.396466
1.0,41,137.397682
1.0,18,137.398264
1.0,58,137.399951
1.0,53,137.401509
1.0,83,137.403918
1.0,20,137.404558
1.0,42,137.40581
1.0,13,137.406242
1.0,23,137.406955
1.0,22,137.407645
1.0,42,137.408896
1.0,45,137.410223
1.0,22,137.410928
1.0,12,137.411345
1.0,19,137.412004
1.0,42,137.413264
1.0,44,137.414575
1.0,9,137.414896
1.0,26,137.415697
1.0,26,137.416504
1.0,28,137.417366
1.0,30,137.418286
1.0,37,137.4194
1.0,16,137.419913
1.0,11,137.420299
1.0,46,137.421658
1.0,22,137.422352
1.0,19,137.422952
1.0,20,137.423589
1.0,57,137.425268
1.0,41,137.426491
1.0,53,137.428051
1.0,22,137.428751
1.0,33,137.429752
1.0,34,137.43078
1.0,42,137.432029
1.0,25,137.432805
1.0,51,137.434312
1.0,28,137.435164
1.0,27,137.435992
1.0,37,137.437101
1.0,8,137.437403
1.0,54,137.438993
1.0,29,137.439881
1.0,43,137.44116
1.0,26,137.441967
1.0,38,137.443105
1.0,28,137.443965
1.0,29,137.444856
1.0,13,137.445297
1.0,10,137.445644
1.0,23,137.446363
1.0,17,137.446904
1.0,15,137.447406
1.0,43,137.448692
1.0,31,137.449633
1.0,40,137.450823
1.0,38,137.451955
1.0,25,137.452729
1.0,35,137.453783
1.0,24,137.454532
1.0,12,137.454934
1.0,16,137.455457
1.0,55,137.457071
1.0,18,137.457652
1.0,13,137.45808
1.0,70,137.460114
1.0,27,137.460941
1.0,14,137.461409
1.0,53,137.462958
1.0,17,137.46351
1.0,58,137.465202
1.0,30,137.466118
1.0,18,137.4667
1.0,34,137.467728
1.0,37,137.468844
1.0,33,137.469837
1.0,17,137.470391
1.0,52,137.471921
1.0,62,137.473736
1.0,49,137.475179
1.0,58,137.476882
1.0,33,137.477885
1.0,55,137.479511
1.0,12,137.479914
1.0,21,137.480578
1.0,36,137.481659
1.0,16,137.482173
1.0,16,137.482698
1.0,53,137.484258
1.0,36,137.485342
1.0,55,137.486948
1.0,34,137.487972
1.0,68,137.489958
1.0,21,137.490622
0.0,100,137.493507
1.0,30,137.494423
1.0,60,137.496173
1.0,18,137.496754
1.0,25,137.49753
1.0,37,137.498641
1.0,14,137.499099
1.0,25,137.49987
1.0,32,137.500842
1.0,48,137.502264
1.0,12,137.502667
1.0,44,137.503969
1.0,44,137.505281
1.0,15,137.505769
1.0,21,137.506435
1.0,14,137.506896
1.0,80,137.509218
1.0,21,137.509883
1.0,8,137.510176
1.0,99,137.513034
1.0,14,137.513566
1.0,17,137.514112
1.0,30,137.515023
1.0,30,137.515943
1.0,53,137.517517
1.0,43,137.518804
1.0,26,137.519609
1.0,14,137.520064
1.0,7,137.520335
1.0,40,137.52153
1.0,63,137.523369
1.0,51,137.52487
1.0,43,137.52614
1.0,55,137.527751
1.0,60,137.529514
1.0,37,137.530622
1.0,13,137.531052
1.0,11,137.531437
1.0,33,137.532438
1.0,33,137.533433
0.0,100,137.536309
1.0,40,137.537502
1.0,24,137.538239
1.0,35,137.539307
1.0,19,137.539907
1.0,42,137.541153
1.0,18,137.541733
1.0,27,137.542564
1.0,22,137.543242
0.0,100,137.546118
1.0,23,137.546836
1.0,55,137.548456
1.0,46,137.54982
1.0,52,137.551352
1.0,32,137.552324
1.0,34,137.55335
1.0,33,137.55435
1.0,13,137.55478
1.0,22,137.555471
1.0,27,137.556297
1.0,17,137.556839
1.0,30,137.55777
1.0,26,137.558579
1.0,10,137.558927
1.0,9,137.559244
1.0,10,137.559599
1.0,22,137.560291
1.0,20,137.560916
1.0,17,137.56147
1.0,28,137.562333
1.0,45,137.56367
1.0,23,137.564392
1.0,57,137.566053
1.0,36,137.567137
1.0,30,137.568056
1.0,24,137.56881
1.0,20,137.569447
1.0,26,137.570241
1.0,12,137.570653
1.0,52,137.572168
1.0,63,137.574011
1.0,77,137.576242
1.0,17,137.576794
1.0,40,137.577985
1.0,30,137.578904
1.0,36,137.579984
1.0,44,137.581298
1.0,15,137.581783
1.0,30,137.582695
1.0,21,137.583362
1.0,59,137.585087
1.0,16,137.585614
1.0,27,137.586449
1.0,22,137.587132
1.0,59,137.58887
1.0,17,137.589422
1.0,51,137.590919
1.0,43,137.592194
1.0,45,137.593533
1.0,19,137.594131
1.0,10,137.594491
1.0,10,137.594838
1.0,14,137.595303
1.0,44,137.596612
1.0,24,137.597361
1.0,40,137.598559
1.0,27,137.599392
1.0,43,137.600664
1.0,59,137.602396
1.0,36,137.603476
1.0,33,137.604471
1.0,27,137.605304
1.0,28,137.60615
1.0,18,137.606727
1.0,40,137.60792
1.0,15,137.608424
1.0,28,137.60928
1.0,33,137.610275
1.0,52,137.611803
1.0,54,137.613394
1.0,30,137.614373
1.0,71,137.616442
1.0,26,137.617238
1.0,15,137.617735
1.0,50,137.619208
1.0,26,137.620013
1.0,44,137.621335
1.0,47,137.622729
1.0,55,137.624341
1.0,54,137.62592
1.0,16,137.626446
1.0,22,137.627128
1.0,20,137.627763
1.0,34,137.628791
1.0,26,137.629612
1.0,15,137.630102
1.0,20,137.630738
1.0,18,137.63132
1.0,14,137.631777
1.0,22,137.632467
1.0,16,137.632982
1.0,52,137.634516
1.0,8,137.634807
1.0,38,137.635941
1.0,47,137.63734
1.0,43,137.638621
1.0,53,137.640173
1.0,39,137.641353
1.0,55,137.64297
1.0,19,137.643581
1.0,49,137.645029
1.0,44,137.646345
1.0,27,137.647165
1.0,22,137.647861
1.0,52,137.649405
1.0,34,137.650435
1.0,15,137.650922
1.0,14,137.65139
1.0,17,137.651932
1.0,70,137.653969
1.0,25,137.654748
1.0,58,137.656461
1.0,41,137.657682
1.0,24,137.658437
1.0,40,137.659634
1.0,43,137.660908
1.0,35,137.661963
1.0,14,137.662434
1.0,42,137.663683
1.0,24,137.664432
1.0,84,137.666857
0.0,100,137.669754
1.0,42,137.671007
1.0,38,137.672147
1.0,43,137.673435
1.0,69,137.675449
1.0,52,137.676975
1.0,15,137.67747
1.0,70,137.679517
1.0,34,137.680543
1.0,27,137.681374
1.0,47,137.682755
1.0,31,137.683692
1.0,48,137.685101
1.0,15,137.685598
1.0,26,137.686401
1.0,45,137.687729
1.0,10,137.688075
1.0,28,137.68894
1.0,46,137.690313
1.0,58,137.692012
1.0,13,137.692456
1.0,14,137.692914
1.0,28,137.693774
0.0,100,137.696667
1.0,62,137.698492
1.0,48,137.69991
1.0,71,137.701974
1.0,46,137.703334
1.0,10,137.703679
1.0,21,137.704342
1.0,41,137.705566
1.0,14,137.706025
1.0,27,137.706854
1.0,35,137.707908
1.0,25,137.708691
1.0,22,137.709386
1.0,21,137.710043
1.0,15,137.710539
1.0,64,137.712417
1.0,31,137.71336
1.0,24,137.714096
1.0,15,137.714589
1.0,19,137.715185
1.0,20,137.715817
1.0,28,137.716676
1.0,17,137.717292
1.0,46,137.718665
1.0,17,137.71921
1.0,64,137.721078
1.0,14,137.72155
1.0,12,137.721954
1.0,15,137.72245
1.0,15,137.722939
1.0,66,137.724881
1.0,26,137.725692
1.0,23,137.726414
1.0,8,137.726705
1.0,24,137.727458
1.0,41,137.728698
1.0,26,137.729503
1.0,16,137.730016
1.0,40,137.73121
1.0,34,137.732235
1.0,19,137.732841
1.0,21,137.733504
1.0,38,137.73464
1.0,67,137.7366
1.0,40,137.737798
1.0,14,137.738268
1.0,21,137.738929
1.0,31,137.739871
1.0,13,137.740314
1.0,38,137.741454
1.0,62,137.743268
1.0,10,137.743616
1.0,75,137.745788
1.0,38,137.746927
1.0,30,137.747842
1.0,77,137.750089
1.0,26,137.750893
1.0,22,137.751587
1.0,18,137.752156
1.0,44,137.753467
1.0,30,137.754383
1.0,28,137.755233
1.0,25,137.756008
1.0,21,137.756673
1.0,14,137.75713
1.0,62,137.758947
1.0,54,137.760552
1.0,43,137.761824
1.0,24,137.762569
1.0,22,137.763247
1.0,19,137.763854
1.0,17,137.764406
1.0,64,137.766284
1.0,35,137.767344
1.0,54,137.768939
1.0,59,137.770677
1.0,18,137.771248
1.0,21,137.771908
1.0,14,137.772377
1.0,14,137.772837
1.0,19,137.773445
1.0,27,137.774277
1.0,35,137.775333
1.0,13,137.775764
1.0,15,137.776248
1.0,22,137.77694
1.0,18,137.777523
1.0,45,137.778867
1.0,23,137.779587
1.0,36,137.780668
1.0,46,137.782036
1.0,25,137.782813
1.0,57,137.784492
1.0,16,137.785007
1.0,58,137.786706
1.0,50,137.788181
1.0,36,137.78928
1.0,14,137.789741
1.0,17,137.790295
1.0,49,137.791747
1.0,13,137.792178
1.0,12,137.792588
1.0,20,137.793213
1.0,8,137.793513
1.0,95,137.796234
1.0,45,137.797581
1.0,40,137.798779
1.0,55,137.800403
1.0,61,137.80218
1.0,34,137.80321
1.0,10,137.803566
1.0,36,137.804645
1.0,24,137.805395
1.0,16,137.805909
1.0,15,137.806406
1.0,29,137.807295
1.0,11,137.807671
1.0,68,137.809653
1.0,36,137.810741
1.0,30,137.811653
1.0,32,137.812628
1.0,28,137.813487
1.0,39,137.814655
1.0,18,137.815227
1.0,42,137.816479
1.0,14,137.816938
1.0,57,137.818689
1.0,18,137.819273
1.0,89,137.821852
1.0,48,137.823271
1.0,50,137.824747
1.0,53,137.82631
1.0,55,137.827921
1.0,39,137.829094
1.0,11,137.829482
1.0,45,137.830812
1.0,56,137.832463
1.0,60,137.834213
1.0,29,137.8351
1.0,32,137.83607
1.0,61,137.837864
1.0,46,137.839228
1.0,21,137.83989
1.0,34,137.840916
1.0,57,137.842599
1.0,37,137.843708
1.0,18,137.844285
1.0,69,137.846282
1.0,34,137.847315
1.0,14,137.847773
1.0,37,137.848886
1.0,16,137.849411
1.0,12,137.849812
1.0,85,137.852274
1.0,54,137.853863
1.0,42,137.855113
1.0,35,137.856168
1.0,93,137.85889
1.0,32,137.859866
1.0,68,137.861857
1.0,89,137.864428
1.0,42,137.865683
1.0,17,137.866223
1.0,11,137.866603
1.0,86,137.869097
1.0,83,137.871511
1.0,20,137.872137
1.0,12,137.872549
0.0,100,137.875435
1.0,27,137.876268
1.0,52,137.877805
1.0,56,137.879467
1.0,27,137.8803
1.0,31,137.881234
1.0,16,137.881754
1.0,55,137.883372
1.0,24,137.88411
1.0,22,137.884803
1.0,23,137.885523
1.0,26,137.886326
1.0,27,137.887145
1.0,23,137.887861
1.0,28,137.888726
1.0,35,137.889783
1.0,61,137.891565
1.0,16,137.892079
1.0,18,137.892658
1.0,17,137.893196
1.0,20,137.893828
1.0,55,137.895454
1.0,13,137.895885
1.0,31,137.896827
1.0,27,137.897658
1.0,50,137.899131
1.0,34,137.900152
1.0,28,137.901009
1.0,25,137.901785
1.0,53,137.903343
1.0,66,137.905262
1.0,54,137.906853
1.0,44,137.908161
1.0,40,137.909367
1.0,28,137.910214
1.0,29,137.911093
1.0,23,137.911812
1.0,51,137.91333
1.0,39,137.914498
1.0,18,137.915068
1.0,47,137.916459
1.0,24,137.917192
1.0,18,137.917769
1.0,34,137.918802
1.0,53,137.920367
1.0,32,137.92134
1.0,46,137.922701
1.0,16,137.923216
1.0,42,137.924477
1.0,31,137.925421
1.0,44,137.926723
1.0,34,137.927749
1.0,30,137.928668
1.0,15,137.929156
1.0,24,137.929899
1.0,43,137.931171
1.0,21,137.931893
1.0,56,137.933553
1.0,75,137.935738
1.0,31,137.936683
1.0,54,137.938284
1.0,22,137.938967
1.0,12,137.939382
1.0,55,137.940999
1.0,22,137.941695
1.0,23,137.942423
1.0,33,137.943433
1.0,67,137.945392
1.0,18,137.945965
1.0,19,137.946575
1.0,57,137.948236
1.0,31,137.94918
1.0,30,137.950099
1.0,43,137.951391
1.0,30,137.952312
1.0,35,137.953369
1.0,46,137.954726
1.0,49,137.956168
1.0,53,137.957729
1.0,47,137.959118
1.0,26,137.959925
1.0,30,137.960839
1.0,51,137.962348
1.0,36,137.963425
1.0,35,137.964484
1.0,34,137.965508
1.0,21,137.966161
1.0,29,137.967046
1.0,21,137.967711
1.0,24,137.968467
1.0,14,137.968926
1.0,45,137.970264
1.0,13,137.970697
1.0,38,137.971833
1.0,30,137.972745
1.0,49,137.974187
1.0,47,137.975581
1.0,29,137.976471
1.0,47,137.977859
1.0,9,137.978179
1.0,33,137.979184
1.0,25,137.979964
1.0,31,137.980909
1.0,10,137.981266
1.0,29,137.982145
1.0,29,137.983034
1.0,9,137.983364
1.0,35,137.984425
1.0,38,137.985563
1.0,67,137.987501
1.0,16,137.988017
1.0,23,137.988744
1.0,27,137.989578
1.0,35,137.990635
1.0,42,137.991891
1.0,25,137.99267
1.0,80,137.994985
1.0,44,137.996298
1.0,60,137.998048
1.0,21,137.998721
1.0,13,137.999152
1.0,36,138.000226
1.0,69,138.002233
1.0,16,138.002754
1.0,20,138.00339
0.0,100,138.00628
1.0,45,138.007612
1.0,15,138.008099
1.0,42,138.009357
1.0,29,138.010235
1.0,16,138.010758
1.0,16,138.01128
1.0,10,138.011626
1.0,66,138.013549
1.0,60,138.015309
1.0,8,138.015603
1.0,8,138.015891
1.0,59,138.017616
1.0,33,138.01862
1.0,30,138.019532
1.0,69,138.021542
1.0,16,138.022057
1.0,44,138.023373
1.0,53,138.024935
1.0,31,138.025879
1.0,79,138.028157
1.0,27,138.028994
1.0,36,138.030076
1.0,32,138.031045
1.0,33,138.032041
1.0,70,138.034067
1.0,22,138.034824
1.0,23,138.035547
1.0,13,138.035978
1.0,30,138.036893
1.0,33,138.037893
1.0,92,138.040574
1.0,24,138.041323
1.0,61,138.043102
1.0,8,138.043404
1.0,52,138.044925
1.0,12,138.04534
1.0,67,138.047296
1.0,33,138.048301
1.0,53,138.049866
1.0,35,138.050921
1.0,27,138.051756
1.0,79,138.054048
1.0,28,138.05491
1.0,21,138.055578
1.0,39,138.056747
1.0,20,138.057384
1.0,15,138.057872
1.0,57,138.059552
1.0,50,138.061017
1.0,31,138.061963
1.0,42,138.06321
1.0,72,138.065312
1.0,34,138.06634
1.0,37,138.067449
1.0,21,138.0681
1.0,26,138.068906
1.0,32,138.069877
1.0,72,138.071972
1.0,59,138.073697
1.0,45,138.075025
1.0,12,138.075438
1.0,43,138.07671
1.0,31,138.077654
1.0,12,138.078056
1.0,20,138.078698
1.0,42,138.07995
1.0,23,138.080668
1.0,20,138.081304
1.0,18,138.081872
1.0,43,138.083141
1.0,44,138.084452
1.0,60,138.086197
1.0,65,138.088103
1.0,28,138.088972
1.0,35,138.090026
1.0,34,138.091054
1.0,34,138.092081
1.0,28,138.092942
1.0,39,138.094104
1.0,18,138.094683
1.0,29,138.095581
1.0,21,138.096237
1.0,19,138.096844
1.0,58,138.098551
0.0,100,138.101448
1.0,10,138.101794
1.0,35,138.102846
1.0,18,138.103426
1.0,14,138.103884
1.0,48,138.105304
1.0,20,138.105927
1.0,19,138.106533
1.0,12,138.106936
1.0,42,138.108177
1.0,22,138.108876
1.0,21,138.10954
1.0,20,138.110166
1.0,66,138.112084
1.0,23,138.112807
1.0,27,138.113641
1.0,18,138.114214
0.0,100,138.117085
1.0,20,138.117723
1.0,44,138.119031
1.0,61,138.120807
1.0,10,138.121155
1.0,27,138.121983
1.0,20,138.122617
1.0,19,138.123216
1.0,31,138.124152
1.0,87,138.126656
1.0,40,138.127852
1.0,38,138.128996
1.0,23,138.12972
1.0,21,138.130388
1.0,16,138.1309
1.0,53,138.132454
1.0,18,138.133023
1.0,22,138.133714
1.0,57,138.13539
1.0,26,138.136241
1.0,77,138.138494
1.0,39,138.139661
1.0,100,138.142546
1.0,26,138.143347
1.0,10,138.143693
1.0,26,138.144493
1.0,27,138.145324
1.0,50,138.146789
1.0,65,138.148683
1.0,23,138.149402
1.0,39,138.150563
1.0,17,138.151103
1.0,14,138.151569
1.0,21,138.15222
1.0,14,138.152686
1.0,37,138.153792
1.0,16,138.154315
1.0,50,138.155784
1.0,35,138.156838
1.0,64,138.158714
1.0,47,138.160102
1.0,39,138.161277
1.0,89,138.163856
1.0,15,138.164355
1.0,32,138.165321
1.0,19,138.165915
1.0,43,138.16719
1.0,54,138.16879
1.0,10,138.169138
1.0,77,138.171368
1.0,47,138.172754
1.0,74,138.174896
1.0,18,138.175475
1.0,29,138.176363
1.0,46,138.177719
1.0,14,138.178176
1.0,35,138.179232
1.0,21,138.179892
1.0,76,138.182086
1.0,36,138.183167
1.0,20,138.183802
1.0,34,138.184826
1.0,27,138.185657
1.0,19,138.18626
1.0,24,138.186998
1.0,30,138.187906
1.0,29,138.188796
1.0,40,138.189994
1.0,33,138.190993
1.0,77,138.193221
1.0,33,138.194211
1.0,8,138.194513
1.0,25,138.195286
1.0,33,138.196284
1.0,27,138.197126
1.0,32,138.198093
1.0,37,138.199206
1.0,38,138.200344
1.0,54,138.201926
1.0,11,138.202311
1.0,48,138.203731
1.0,35,138.204783
1.0,27,138.205612
1.0,64,138.207487
1.0,44,138.208797
1.0,34,138.209824
1.0,22,138.210516
1.0,55,138.212119
1.0,55,138.213736
1.0,25,138.21451
1.0,14,138.214967
1.0,17,138.215517
1.0,27,138.216348
1.0,13,138.216775
1.0,16,138.217298
1.0,34,138.218332
1.0,52,138.219859
1.0,25,138.220635
1.0,20,138.221269
1.0,11,138.221644
1.0,27,138.222473
1.0,14,138.222933
1.0,22,138.223622
1.0,76,138.225826
1.0,24,138.226577
1.0,9,138.226896
1.0,49,138.228349
1.0,40,138.229536
1.0,20,138.230162
1.0,41,138.231395
1.0,38,138.232532
1.0,77,138.234774
1.0,86,138.237263
1.0,29,138.238203
1.0,35,138.23927
1.0,34,138.2403
1.0,47,138.241691
1.0,18,138.242274
1.0,57,138.243941
1.0,46,138.245312
1.0,24,138.246049
0.0,100,138.248957
1.0,44,138.250273
1.0,34,138.251305
1.0,20,138.251933
1.0,41,138.253155
1.0,21,138.253819
1.0,13,138.254248
1.0,32,138.255218
1.0,62,138.257028
1.0,34,138.258055
1.0,7,138.258333
1.0,14,138.258791
1.0,45,138.260118
1.0,43,138.261411
1.0,46,138.262776
1.0,18,138.263358
1.0,31,138.264301
1.0,29,138.265174
1.0,48,138.266601
1.0,17,138.267142
1.0,40,138.26835
1.0,21,138.269003
1.0,20,138.269638
1.0,26,138.27052
1.0,16,138.271069
1.0,25,138.271844
1.0,92,138.274502
1.0,32,138.275472
1.0,51,138.276972
1.0,24,138.277723
1.0,41,138.278955
1.0,27,138.279787
1.0,23,138.280509
1.0,74,138.282643
1.0,18,138.283211
1.0,53,138.28477
1.0,23,138.285492
1.0,30,138.286409
1.0,82,138.288793
1.0,21,138.289459
1.0,10,138.289807
1.0,26,138.290611
1.0,86,138.293097
1.0,28,138.293956
1.0,32,138.29492
1.0,17,138.295472
1.0,15,138.295961
1.0,33,138.29696
1.0,29,138.297853
1.0,32,138.298831
1.0,24,138.29958
1.0,24,138.300324
1.0,40,138.301524
1.0,19,138.30212
1.0,30,138.303034
1.0,19,138.30364
1.0,19,138.304234
1.0,32,138.305197
1.0,12,138.305608
1.0,18,138.306176
1.0,13,138.306614
1.0,34,138.307636
1.0,49,138.309083
1.0,31,138.310024
1.0,96,138.312784
1.0,25,138.313556
1.0,53,138.315103
1.0,23,138.315822
1.0,54,138.317409
1.0,15,138.317894
1.0,87,138.320419
1.0,36,138.321496
1.0,17,138.322033
1.0,43,138.323315
1.0,33,138.324311
1.0,48,138.325742
1.0,36,138.326829
1.0,29,138.327714
1.0,35,138.328764
1.0,54,138.330358
1.0,28,138.331206
1.0,40,138.332404
1.0,20,138.33303
1.0,21,138.333691
1.0,28,138.334552
1.0,27,138.335386
1.0,21,138.336039
1.0,42,138.337301
1.0,21,138.338019
1.0,18,138.338612
1.0,28,138.33948
1.0,32,138.340459
1.0,40,138.341657
1.0,91,138.344303
1.0,30,138.345211
1.0,58,138.346912
1.0,69,138.348932
1.0,14,138.349403
1.0,25,138.350171
1.0,28,138.351031
1.0,42,138.352294
1.0,25,138.35306
1.0,52,138.354604
1.0,21,138.355269
1.0,20,138.355898
1.0,13,138.356339
1.0,37,138.357451
1.0,47,138.358844
1.0,36,138.359928
1.0,13,138.36037
1.0,27,138.361193
1.0,13,138.361635
1.0,38,138.362777
1.0,20,138.363419
1.0,14,138.363879
1.0,50,138.365366
1.0,28,138.366218
1.0,8,138.366514
1.0,14,138.366973
1.0,29,138.367865
1.0,37,138.368985
1.0,30,138.369899
1.0,22,138.370595
1.0,48,138.372011
1.0,87,138.374537
1.0,17,138.375082
1.0,36,138.376168
1.0,19,138.376782
1.0,91,138.379435
1.0,39,138.380607
1.0,38,138.381748
1.0,73,138.383883
1.0,48,138.385313
1.0,45,138.386645
1.0,42,138.387893
1.0,30,138.38882
1.0,8,138.389113
1.0,22,138.389807
1.0,75,138.391994
1.0,32,138.392967
1.0,38,138.394107
1.0,20,138.394747
1.0,99,138.397611
1.0,57,138.399304
1.0,38,138.400446
1.0,44,138.401755
1.0,31,138.402701
1.0,26,138.403512
1.0,17,138.404058
1.0,61,138.405854
1.0,33,138.406857
1.0,36,138.407943
1.0,18,138.408529
1.0,46,138.409896
1.0,28,138.410758
1.0,49,138.412195
1.0,53,138.413766
1.0,50,138.415239
1.0,22,138.415932
1.0,35,138.416989
1.0,68,138.418983
1.0,50,138.420468
0.0,100,138.423363
1.0,52,138.424894
1.0,29,138.425786
1.0,63,138.427638
1.0,63,138.429494
1.0,22,138.430174
1.0,23,138.430893
1.0,15,138.431393
1.0,61,138.433173
1.0,18,138.433758
1.0,17,138.434311
1.0,27,138.435129
1.0,53,138.436696
1.0,26,138.437503
1.0,22,138.438185
1.0,32,138.439164
1.0,28,138.440027
1.0,16,138.440552
1.0,19,138.441151
1.0,25,138.441925
1.0,35,138.44298
1.0,8,138.443341
1.0,26,138.444137
1.0,46,138.445506
1.0,16,138.446018
1.0,46,138.447391
1.0,20,138.448016
1.0,15,138.448519
1.0,35,138.449565
1.0,65,138.451457
1.0,36,138.452538
1.0,24,138.453283
1.0,30,138.45418
1.0,23,138.454897
1.0,16,138.455421
1.0,53,138.456971
1.0,33,138.457967
1.0,8,138.458272
1.0,20,138.458899
1.0,67,138.460835
1.0,39,138.461997
1.0,13,138.462437
1.0,57,138.464101
1.0,48,138.465525
1.0,67,138.467476
1.0,18,138.468041
1.0,27,138.46887
1.0,66,138.470785
1.0,94,138.473489
1.0,20,138.474111
1.0,20,138.47474
1.0,38,138.475873
1.0,27,138.476707
1.0,26,138.477509
1.0,73,138.479636
1.0,29,138.480523
1.0,29,138.481409
1.0,65,138.483301
1.0,8,138.483592
1.0,64,138.485458
1.0,11,138.485832
1.0,87,138.488354
1.0,13,138.488785
1.0,61,138.490558
1.0,10,138.490906
1.0,22,138.491595
1.0,24,138.492341
1.0,53,138.49389
1.0,27,138.494715
1.0,37,138.495819
1.0,31,138.496757
1.0,31,138.497701
1.0,33,138.498706
1.0,18,138.499287
1.0,22,138.499967
1.0,32,138.500935
1.0,19,138.501544
1.0,17,138.502084
1.0,89,138.504654
1.0,21,138.505315
1.0,6,138.50555
1.0,34,138.506572
1.0,20,138.507195
1.0,54,138.508787
1.0,24,138.509534
1.0,17,138.510074
1.0,45,138.51141
1.0,49,138.512852
1.0,28,138.513708
1.0,32,138.514673
1.0,40,138.515861
1.0,49,138.517308
1.0,11,138.517682
1.0,23,138.518404
1.0,28,138.519259
1.0,12,138.519663
1.0,19,138.520266
1.0,34,138.52129
1.0,18,138.521859
1.0,30,138.522762
1.0,21,138.523422
1.0,9,138.52374
1.0,34,138.524758
1.0,42,138.525998
1.0,17,138.52655
1.0,20,138.527171
1.0,20,138.527802
1.0,86,138.530286
1.0,30,138.531188
1.0,36,138.532275
1.0,24,138.533006
1.0,23,138.533723
1.0,47,138.535109
1.0,25,138.535885
1.0,13,138.536328
1.0,27,138.537145
1.0,51,138.538645
1.0,28,138.5395
1.0,46,138.540861
1.0,38,138.542
1.0,85,138.544479
1.0,20,138.545169
1.0,30,138.546095
1.0,27,138.546929
1.0,78,138.549226
1.0,72,138.551336
1.0,53,138.552895
1.0,18,138.553481
1.0,16,138.554
1.0,32,138.554973
1.0,11,138.555375
1.0,65,138.557286
1.0,77,138.559537
1.0,23,138.560263
1.0,29,138.561146
1.0,24,138.561896
1.0,20,138.562534
1.0,18,138.563107
1.0,29,138.563998
1.0,25,138.56478
1.0,32,138.565754
0.0,100,138.56865
1.0,27,138.569484
1.0,63,138.571322
1.0,86,138.57382
1.0,11,138.574197
1.0,48,138.575627
1.0,20,138.576262
1.0,25,138.577031
1.0,84,138.579481
1.0,17,138.580024
1.0,22,138.580717
1.0,40,138.581915
1.0,12,138.58233
1.0,49,138.583785
1.0,22,138.584479
1.0,26,138.585282
1.0,30,138.586192
1.0,35,138.58725
1.0,27,138.588083
1.0,47,138.589495
1.0,18,138.590066
1.0,38,138.591204
1.0,14,138.591673
1.0,28,138.592536
1.0,29,138.593426
1.0,12,138.593829
1.0,42,138.595078
1.0,21,138.595747
1.0,16,138.596272
1.0,31,138.597203
1.0,32,138.598166
1.0,23,138.598899
1.0,80,138.601218
1.0,87,138.603736
1.0,40,138.604929
1.0,25,138.605704
1.0,63,138.607536
1.0,26,138.608347
1.0,36,138.609431
1.0,21,138.610087
1.0,90,138.61269
1.0,48,138.614107
1.0,13,138.614549
1.0,30,138.615462
1.0,13,138.615891
1.0,13,138.616332
1.0,29,138.617212
1.0,33,138.618207
1.0,43,138.619503
1.0,46,138.620865
1.0,48,138.622288
1.0,41,138.623518
1.0,18,138.624087
1.0,10,138.624444
1.0,31,138.625391
1.0,38,138.626533
1.0,53,138.628083
1.0,50,138.629578
1.0,30,138.630493
1.0,38,138.631636
1.0,73,138.633769
1.0,9,138.634089
1.0,39,138.635266
1.0,54,138.636845
1.0,96,138.639637
1.0,26,138.640447
1.0,16,138.64096
1.0,34,138.641988
1.0,52,138.643528
1.0,30,138.644446
1.0,41,138.645672
0.0,100,138.648585
1.0,34,138.64962
1.0,38,138.650763
1.0,19,138.651372
1.0,37,138.652539
1.0,34,138.653566
1.0,32,138.654536
1.0,17,138.655078
1.0,18,138.655663
1.0,39,138.656824
1.0,61,138.658616
1.0,14,138.659072
1.0,27,138.659897
1.0,30,138.660812
1.0,17,138.661365
1.0,20,138.661985
1.0,28,138.662836
1.0,28,138.663691
1.0,35,138.664741
1.0,24,138.665487
1.0,48,138.666898
1.0,12,138.66731
1.0,10,138.667656
1.0,14,138.66811
1.0,81,138.670458
1.0,32,138.671426
1.0,29,138.672309
1.0,8,138.672598
1.0,26,138.673397
1.0,36,138.674477
1.0,19,138.675071
1.0,24,138.67581
1.0,26,138.676611
1.0,34,138.677634
1.0,59,138.679367
1.0,34,138.680389
1.0,68,138.682361
1.0,32,138.683332
1.0,45,138.684659
1.0,26,138.685459
1.0,79,138.687726
1.0,18,138.68831
1.0,16,138.688822
1.0,15,138.689318
1.0,50,138.690788
1.0,64,138.692652
1.0,34,138.693675
1.0,15,138.69416
1.0,15,138.694653
1.0,22,138.695343
1.0,38,138.696474
1.0,38,138.697611
1.0,32,138.698584
1.0,30,138.699495
1.0,26,138.700297
1.0,12,138.700698
1.0,29,138.701586
1.0,33,138.702584
1.0,34,138.703614
1.0,16,138.704128
1.0,46,138.705492
1.0,13,138.705922
1.0,41,138.707139
1.0,41,138.708375
1.0,37,138.70948
1.0,74,138.71162
1.0,39,138.712782
1.0,22,138.713475
1.0,37,138.714581
1.0,23,138.715301
1.0,49,138.716745
1.0,81,138.719078
1.0,24,138.719823
1.0,18,138.720402
1.0,41,138.721615
1.0,49,138.723054
1.0,11,138.723438
1.0,12,138.723839
1.0,8,138.724126
1.0,8,138.724426
1.0,17,138.724965
1.0,60,138.726722
1.0,19,138.727332
1.0,66,138.72925
1.0,38,138.730389
1.0,31,138.731326
1.0,45,138.732652
1.0,11,138.733024
1.0,17,138.733576
1.0,25,138.73435
1.0,34,138.735368
1.0,42,138.736609
1.0,19,138.737202
1.0,53,138.73877
1.0,18,138.739352
1.0,55,138.740959
1.0,25,138.74173
1.0,16,138.742244
1.0,24,138.742988
1.0,60,138.744786
1.0,36,138.745868
1.0,25,138.74664
1.0,61,138.748418
1.0,28,138.749275
1.0,57,138.750937
1.0,26,138.751741
1.0,23,138.752525
1.0,15,138.753019
1.0,28,138.753885
1.0,27,138.754725
1.0,44,138.756036
1.0,37,138.75715
1.0,25,138.757932
1.0,32,138.758909
1.0,29,138.7598
1.0,33,138.760804
1.0,26,138.761611
1.0,46,138.762978
1.0,47,138.764378
1.0,8,138.76467
1.0,39,138.765845
1.0,31,138.766793
1.0,25,138.767573
0.0,100,138.770484
1.0,20,138.771113
1.0,19,138.771724
1.0,20,138.772368
1.0,33,138.773372
1.0,14,138.773832
1.0,34,138.774865
1.0,16,138.775394
1.0,28,138.776245
1.0,12,138.776656
1.0,29,138.777548
1.0,27,138.778387
1.0,33,138.779402
1.0,24,138.780146
1.0,12,138.780563
1.0,42,138.78182
1.0,19,138.782433
1.0,11,138.782808
1.0,44,138.784117
1.0,18,138.784699
1.0,33,138.785704
1.0,32,138.786681
1.0,9,138.787003
1.0,37,138.788115
1.0,12,138.788537
1.0,29,138.789431
1.0,26,138.790228
1.0,16,138.790749
1.0,18,138.791336
1.0,30,138.79224
1.0,32,138.793216
1.0,17,138.793765
1.0,14,138.794225
1.0,72,138.796321
1.0,27,138.797145
1.0,13,138.797587
1.0,33,138.798599
1.0,32,138.799575
1.0,55,138.801191
1.0,25,138.80197
1.0,22,138.802669
1.0,27,138.803504
1.0,42,138.804756
1.0,25,138.805533
1.0,55,138.807141
1.0,25,138.80792
1.0,36,138.809012
1.0,71,138.811085
1.0,16,138.811615
1.0,25,138.812394
1.0,15,138.812883
1.0,73,138.815009
1.0,47,138.816417
1.0,25,138.817183
1.0,20,138.817818
1.0,31,138.818772
1.0,48,138.82019
1.0,67,138.822146
1.0,26,138.822955
1.0,21,138.823622
1.0,10,138.823969
1.0,20,138.824605
1.0,31,138.825552
1.0,23,138.826272
1.0,85,138.828743
1.0,18,138.829328
1.0,54,138.830917
1.0,53,138.832493
1.0,20,138.833124
1.0,51,138.834633
1.0,60,138.836397
1.0,31,138.837338
1.0,24,138.838078
1.0,21,138.838748
1.0,11,138.839123
1.0,15,138.839624
1.0,26,138.84043
1.0,44,138.841737
1.0,35,138.842793
1.0,6,138.843029
1.0,53,138.844598
1.0,52,138.846134
1.0,41,138.847377
1.0,33,138.848388
1.0,18,138.848963
1.0,36,138.850048
1.0,43,138.851345
1.0,22,138.85203
1.0,14,138.852559
1.0,30,138.853478
1.0,24,138.854213
1.0,55,138.855828
1.0,10,138.856175
1.0,35,138.857231
1.0,39,138.858409
1.0,52,138.85993
1.0,34,138.860948
1.0,10,138.861306
1.0,20,138.861931
1.0,14,138.862398
1.0,11,138.86277
1.0,63,138.864605
1.0,31,138.865546
1.0,16,138.86606
1.0,45,138.867393
1.0,60,138.869148
1.0,42,138.870405
1.0,23,138.87111
1.0,17,138.87166
1.0,27,138.872492
1.0,10,138.872838
1.0,11,138.873212
1.0,74,138.875364
1.0,36,138.876443
1.0,48,138.877857
1.0,47,138.879246
1.0,18,138.879825
1.0,22,138.880514
1.0,7,138.880777
1.0,52,138.882313
1.0,27,138.883128
1.0,26,138.883925
1.0,38,138.885056
1.0,71,138.887117
1.0,57,138.888789
1.0,17,138.889342
1.0,26,138.890134
1.0,33,138.891128
1.0,92,138.893793
1.0,62,138.895606
1.0,45,138.896937
1.0,51,138.898453
1.0,27,138.899282
1.0,37,138.90039
1.0,92,138.903026
1.0,32,138.903996
1.0,17,138.904549
1.0,42,138.905795
1.0,28,138.906656
1.0,17,138.907197
1.0,25,138.907976
1.0,37,138.909094
1.0,29,138.909977
1.0,32,138.910948
1.0,26,138.911753
1.0,17,138.912309
0.0,100,138.915183
1.0,61,138.916962
1.0,28,138.917816
1.0,85,138.920276
1.0,12,138.920679
1.0,24,138.921422
1.0,23,138.92213
1.0,24,138.922871
1.0,54,138.924458
1.0,26,138.925249
1.0,27,138.926075
1.0,37,138.927178
1.0,14,138.927648
1.0,27,138.928483
1.0,36,138.929562
1.0,35,138.930618
1.0,14,138.931075
1.0,47,138.932466
1.0,70,138.934501
1.0,68,138.936483
1.0,64,138.938346
1.0,52,138.939867
1.0,38,138.940998
1.0,69,138.943007
1.0,16,138.943532
1.0,50,138.94501
1.0,39,138.946174
1.0,64,138.948043
1.0,21,138.948716
1.0,18,138.949297
1.0,24,138.950032
1.0,16,138.950552
1.0,28,138.951406
1.0,19,138.952002
1.0,42,138.953247
1.0,54,138.954838
1.0,18,138.955418
1.0,33,138.956412
1.0,47,138.957799
1.0,35,138.95886
1.0,12,138.959271
1.0,98,138.96217
1.0,15,138.962673
1.0,29,138.963568
1.0,40,138.964765
1.0,21,138.96543
1.0,61,138.967227
1.0,60,138.969012
1.0,45,138.970362
1.0,12,138.970768
1.0,68,138.972761
1.0,52,138.974307
1.0,15,138.974798
1.0,53,138.976375
1.0,22,138.97706
1.0,12,138.977475
1.0,32,138.978455
1.0,14,138.978915
1.0,71,138.98098
1.0,23,138.981704
1.0,8,138.981994
1.0,53,138.98356
1.0,53,138.985122
1.0,66,138.987056
1.0,30,138.987979
1.0,40,138.989187
1.0,23,138.989909
1.0,48,138.991339
1.0,12,138.991744
1.0,42,138.992994
